#
#
#
#
#
#
#
#
#
#
#
#
#
#
#
#
#
#
#
#
#
#
#
#
#
#
#
#
#
#
#
#
#
#
#
#
#
#
#
#
#
#
#
#
#
#
#
#
#
#
#
#
#
#
#
#
#
#
#
#
#
#
#
#
#
#
#
#
#
#
#
#
#
#
#
#
#
#
#
#
#
#
#
#
#
#
#
#
#
#
#
#
#
#
#
#
#
#
#
#
#
#
#
#
#
#
#
#
#
#
#
#
#
#
#
#
#
#
#
#
#
#
#
#
#
#
#
#
#
#
#
#
#
#
#
#
#
#
#
#
#
#
#
#
#
#
#
#
#
#
#
#
#
#
#
#
#
#
#
#
#
#
#
#
#
#
#
#
#
#
#
#
#
#
#
#
#
#
#
#
#
#
#
#
#
#
#
#
#
#
#
#
#
#
#
#
#
#
#
#
#
#
#
#
#
#
#
#
#
#
#
#
#
#
#
#
#
#
#
#
#
#
#
#
#
#
#
#
#
#
#
#
#
#
#
#
* -0.32807838916778564 -0.0969826877117157 -0.9400472044944763 -629.6615600585938 0.2191581130027771 -0.969149649143219 0.022434376180171967 -140.615234375 -0.9221497178077698 -0.18931779265403748 0.3373677730560303 -2489.015380859375
#
#
#
#
#
#
#
#
#
#
#
#
#
#
#
#
#
#
#
#
#
* 0.9607412219047546 -0.0016090449644252658 -0.2774427533149719 -92.9214859008789 -0.06109475716948509 0.9741487503051758 -0.217490553855896 165.4762725830078 0.2706485390663147 0.22589753568172455 0.9357971549034119 -612.528076171875
* 0.9903728365898132 -0.0054633221589028835 -0.13832074403762817 -97.41571807861328 -0.01817871816456318 0.9853391051292419 -0.16963794827461243 164.91087341308594 0.1372486650943756 0.17051436007022858 0.9757481217384338 -653.2616577148438
* 0.9972202777862549 -0.010212740860879421 -0.07381220161914825 -98.10570526123047 -9.619582560844719E-4 0.9885603189468384 -0.15082500874996185 161.59046936035156 0.074537493288517 0.15047168731689453 0.9857987761497498 -664.4514770507813
* 0.9977329969406128 -0.01041631679981947 -0.06649336218833923 -97.07994079589844 -2.913949720095843E-5 0.9877054691314697 -0.15632879734039307 156.51316833496094 0.06733358651399612 0.1559712290763855 0.9854623079299927 -667.9938354492188
* 0.9990450143814087 -0.012741482816636562 -0.04180522635579109 -97.02897644042969 0.008677351288497448 0.9951691031455994 -0.09779584407806396 153.58908081054688 0.04287875443696976 0.09733462333679199 0.9943260550498962 -674.2149658203125
* 0.9995428323745728 -0.013993999920785427 -0.026821434497833252 -98.59178161621094 0.011374221183359623 0.9951018691062927 -0.09820298105478287 150.33590698242188 0.028093770146369934 0.09784790128469467 0.994803249835968 -677.3446044921875
* 0.9995558857917786 -0.02438882738351822 0.01715501770377159 -98.11805725097656 0.025461982935667038 0.9978476762771606 -0.06043742969632149 150.5041961669922 -0.015614578500390053 0.06084205210208893 0.9980238080024719 -681.3571166992188
* 0.9995158314704895 -0.026786480098962784 0.015865901485085487 -96.8050765991211 0.027862872928380966 0.9973979592323303 -0.06649839133024216 153.64993286132813 -0.01401385199278593 0.06690285354852676 0.9976595640182495 -682.82275390625
* 0.9996053576469421 -0.02174670249223709 0.017817171290516853 -96.2763900756836 0.023194512352347374 0.9964688420295715 -0.08070205897092819 156.63429260253906 -0.01596973091363907 0.0810781791806221 0.9965782761573792 -682.9252319335938
* 0.9994785785675049 -0.02057129703462124 0.024914342910051346 -95.55792999267578 0.022815221920609474 0.9956768155097961 -0.09004540741443634 158.73863220214844 -0.022924743592739105 0.09056159853935242 0.9956254959106445 -683.4486694335938
* 0.9996523261070251 -0.018319010734558105 0.019000917673110962 -94.20858001708984 0.020288759842514992 0.9942960739135742 -0.10471219569444656 158.90872192382813 -0.016944769769906998 0.1050560399889946 0.9943204522132874 -682.1467895507813
* 0.9998640418052673 -0.016396280378103256 -0.0020713601261377335 -93.19589233398438 0.016236796975135803 0.9962071776390076 -0.08549003303050995 158.56068420410156 0.0034947413951158524 0.08543962985277176 0.9963357448577881 -681.9755859375
* 0.9996934533119202 -0.01719149574637413 -0.01784764789044857 -93.19757080078125 0.015862684696912766 0.9969703555107117 -0.07615422457456589 157.0994415283203 0.019132256507873535 0.07584261894226074 0.9969347715377808 -679.4601440429688
* 0.9996883273124695 -0.012609956786036491 -0.02156943269073963 -94.7947998046875 0.010048137046396732 0.9929189085960388 -0.1183733195066452 154.5849609375 0.02293887548148632 0.11811460554599762 0.9927335381507874 -679.4032592773438
* 0.9990729093551636 -0.01740054041147232 0.039389051496982574 -97.5120849609375 0.020042546093463898 0.9976403117179871 -0.06567587703466415 152.4823760986328 -0.0381237156689167 0.06639933586120605 0.9970631003379822 -680.3021850585938
* 0.9993904829025269 -0.016928520053625107 -0.030548637732863426 -102.1725845336914 0.015119143761694431 0.9980252981185913 -0.06097732111811638 150.80145263671875 0.03155001252889633 0.06047317758202553 0.9976697564125061 -677.3345336914063
* 0.9985176920890808 -0.00834399089217186 -0.05379427596926689 -105.18333435058594 0.0035793499555438757 0.9959819912910461 -0.08948947489261627 145.58961486816406 0.0543542355298996 0.08915935456752777 0.9945319294929504 -675.2786865234375
* 0.9993459582328796 -0.0036206706427037716 -0.03599414601922035 -107.95233917236328 7.198774255812168E-5 0.9949637651443481 -0.10024187713861465 141.3235321044922 0.03620530292391777 0.10016890615224838 0.9943102598190308 -680.9149780273438
* 0.999405026435852 -0.0010268655605614185 -0.03448862209916115 -109.28446960449219 -0.0030759042128920555 0.992655873298645 -0.12093912065029144 135.85540771484375 0.03438903018832207 0.12096847593784332 0.9920592904090881 -681.8278198242188
* 0.9998038411140442 -0.005203394219279289 -0.01913396269083023 -110.65302276611328 0.0033457353711128235 0.9950006604194641 -0.09981906414031982 130.53729248046875 0.019587237387895584 0.09973060339689255 0.9948204755783081 -685.4347534179688
* 0.9996412396430969 -0.0057685235515236855 -0.026173148304224014 -111.09648132324219 0.0037353713996708393 0.9967893362045288 -0.07999009639024734 124.31986236572266 0.026580054312944412 0.07985878735780716 0.9964506030082703 -685.7823486328125
* 0.9998681545257568 -0.009202678687870502 -0.013411102816462517 -111.24540710449219 0.008367539383471012 0.9977457523345947 -0.06659477949142456 118.13446807861328 0.014023257419466972 0.06646884977817535 0.9976888298988342 -687.459228515625
* 0.9999374151229858 -0.008527431637048721 -0.0073014372028410435 -111.0304946899414 0.008088107220828533 0.9976451396942139 -0.06811962276697159 110.34716796875 0.00789467990398407 0.06805138289928436 0.9976494312286377 -690.2882080078125
* 0.9999470114707947 -0.004955840762704611 0.009073467925190926 -110.26564025878906 0.0057557872496545315 0.9966660737991333 -0.08139575272798538 102.19058227539063 -0.008610233664512634 0.0814388245344162 0.9966399669647217 -694.9100952148438
* 0.9989734888076782 -0.012920974753797054 0.0434282086789608 -108.71781921386719 0.015985971316695213 0.9974783062934875 -0.06916087120771408 93.59127044677734 -0.0423954576253891 0.06977906078100204 0.9966599941253662 -699.220458984375
* 0.9989843964576721 -0.01540538389235735 0.042353130877017975 -105.84906005859375 0.01719270832836628 0.9990404844284058 -0.04030424356460571 84.08002471923828 -0.04166197404265404 0.04098640754818916 0.9982895255088806 -702.0106201171875
* 0.999479353427887 -0.004564348142594099 0.03195475414395332 -102.78597259521484 0.00740802614018321 0.9961828589439392 -0.08698607981204987 75.1286392211914 -0.031406112015247345 0.08717265725135803 0.9956967830657959 -703.0927124023438
* 0.9989040493965149 -0.007470560725778341 0.04621417075395584 -100.74664306640625 0.009616991505026817 0.9989547729492188 -0.04470639303326607 67.04254150390625 -0.045802243053913116 0.04509700462222099 0.9979308247566223 -705.0282592773438
* 0.9999295473098755 0.004255808889865875 -0.011125091463327408 -99.3869857788086 -0.0054954830557107925 0.9926136136054993 -0.12120150774717331 60.282413482666016 0.010556705296039581 0.12124944478273392 0.9925646781921387 -701.6132202148438
* 0.9999889135360718 -0.004121250472962856 -0.00246681016869843 -99.25408935546875 0.004121480975300074 0.9995236396789551 -0.030618198215961456 55.744747161865234 0.0026214043609797955 0.03060298040509224 0.9995269775390625 -699.4314575195313
* 0.9996005296707153 9.97823430225253E-4 -0.02826046384871006 -99.78877258300781 -8.083372958935797E-4 0.9999927878379822 0.003968415781855583 54.35063171386719 0.02829374372959137 -0.003948463127017021 0.9995906352996826 -694.9132080078125
* 0.9997627139091492 -0.002229237463325262 0.021688569337129593 -102.52647399902344 0.0020104709547013044 0.9999053478240967 0.013679759576916695 55.382362365722656 -0.02168736234307289 -0.01363745890557766 0.9996705651283264 -701.563232421875
* 0.9996222853660583 -0.0028311372734606266 0.027351438999176025 -104.519775390625 0.00268521043471992 0.999963641166687 0.00820847973227501 58.27445602416992 -0.027344025671482086 -0.008136515505611897 0.9995917677879333 -702.1354370117188
* 0.9991400241851807 -0.0063166371546685696 0.04099046438932419 -105.97791290283203 0.0067648314870893955 0.999938428401947 -0.008907124400138855 61.28010559082031 -0.040902018547058105 0.009172026999294758 0.9991198778152466 -703.8090209960938
* 0.9953050017356873 -0.009457984939217567 0.09632956981658936 -108.01180267333984 0.004324185661971569 0.9985235929489136 0.054165858775377274 65.11946105957031 -0.09666994214057922 -0.05349965766072273 0.9938763976097107 -706.8056640625
* 0.997744083404541 -0.016532082110643387 0.06507077068090439 -108.5859603881836 0.01408381387591362 0.9991375803947449 0.0390867181122303 69.19900512695313 -0.0656311884522438 -0.03808699920773506 0.9971156120300293 -702.6820678710938
* 0.997498095035553 -0.01809507980942726 0.0683445930480957 -108.6888198852539 0.016572248190641403 0.9995777606964111 0.02391219511628151 72.39903259277344 -0.0687187984585762 -0.022724736481904984 0.997376024723053 -700.1929931640625
#
#
#
#
#
* 0.9585659503936768 -0.03523467853665352 0.28271549940109253 -102.17723846435547 0.03864055126905441 0.9992261528968811 -0.006869560107588768 76.26116943359375 -0.28221604228019714 0.01752585545182228 0.9591848254203796 -697.503173828125
#
#
#
#
#
#
#
#
#
#
#
#
#
#
#
#
#
#
#
#
#
#
#
#
#
#
#
#
#
#
#
#
#
#
#
#
#
#
#
#
#
#
#
#
#
#
#
#
#
#
#
#
#
#
#
#
#
#
#
#
#
#
#
#
#
#
#
#
#
#
#
#
#
#
#
#
* 0.9995251297950745 -0.020593920722603798 0.0229402594268322 -144.32089233398438 0.021759770810604095 0.9983922243118286 -0.052332110702991486 91.95069122314453 -0.021826572716236115 0.05280822515487671 0.9983662962913513 -697.07080078125
* 0.9995885491371155 -0.02331504039466381 0.0167287178337574 -143.77169799804688 0.023988494649529457 0.9988288283348083 -0.04200924187898636 91.88117218017578 -0.0157305970788002 0.04239504411816597 0.9989772439002991 -698.7185668945313
* 0.9994556903839111 -0.019717754796147346 0.026461826637387276 -143.2470245361328 0.020977288484573364 0.9985945820808411 -0.048662614077329636 91.9491195678711 -0.02546604350209236 0.04919300973415375 0.9984647631645203 -700.064208984375
* 0.9997851252555847 -0.02064698562026024 0.002053847536444664 -142.29393005371094 0.02070150524377823 0.9989596605300903 -0.04062356427311897 91.22569274902344 -0.0012138765305280685 0.040659140795469284 0.9991725087165833 -698.026611328125
* 0.9997155070304871 -0.015226215124130249 0.018377279862761497 -141.7888946533203 0.01653527282178402 0.9971200227737427 -0.07401132583618164 90.7018814086914 -0.017198368906974792 0.07429593801498413 0.9970880746841431 -700.2333984375
* 0.9990159273147583 -0.01912401057779789 0.04002769663929939 -141.0523681640625 0.02108721435070038 0.9985502362251282 -0.04951750859618187 90.14906311035156 -0.03902362287044525 0.05031464621424675 0.9979708790779114 -701.5106201171875
* 0.9996962547302246 -0.02443448267877102 0.0033304430544376373 -139.99517822265625 0.02452714554965496 0.9990443587303162 -0.03616657108068466 89.39556121826172 -0.002444472163915634 0.03623906895518303 0.999340295791626 -699.6212158203125
* 0.9997549057006836 -0.02202897146344185 0.0023785955272614956 -139.65499877929688 0.022103864699602127 0.9986737370491028 -0.04649001732468605 88.58436584472656 -0.0013522545341402292 0.046532995998859406 0.99891597032547 -700.6749267578125
* 0.9990056753158569 -0.019005795940756798 0.040338099002838135 -139.42860412597656 0.021366894245147705 0.9980149269104004 -0.05923571065068245 88.35922241210938 -0.03913315758109093 0.06004050746560097 0.9974287152290344 -702.702392578125
* 0.9997034668922424 -0.017544955015182495 0.016900738701224327 -138.65061950683594 0.018480762839317322 0.9981651306152344 -0.05765335261821747 87.97636413574219 -0.01585916057229042 0.05795041099190712 0.9981935024261475 -700.7398071289063
* 0.9986177086830139 -0.016340959817171097 0.04996323958039284 -138.63412475585938 0.019644957035779953 0.9975849390029907 -0.06661241501569748 88.59646606445313 -0.048755042254924774 0.0675036683678627 0.9965270757675171 -703.9744262695313
* 0.9998633861541748 -0.0149740781635046 0.007050342857837677 -137.2456817626953 0.015432563610374928 0.997269332408905 -0.07221276313066483 88.82828521728516 -0.005950748920440674 0.07231349498033524 0.9973642826080322 -700.4906005859375
* 0.9997386336326599 -0.022219201549887657 -0.005443612113595009 -136.462890625 0.022127429023385048 0.9996520280838013 -0.01432202011346817 88.26522064208984 0.005758979357779026 0.014199614524841309 0.999882698059082 -698.065185546875
* 0.9997681379318237 -0.020014969632029533 0.007980749011039734 -136.73329162597656 0.020279990509152412 0.9991356730461121 -0.03626854345202446 87.21501922607422 -0.007248911075294018 0.036423780024051666 0.9993102550506592 -699.4312133789063
* 0.9997118711471558 -0.022907866165041924 -0.0071967970579862595 -136.52139282226563 0.02269081398844719 0.9993661642074585 -0.02740725688636303 86.40084075927734 0.00781911239027977 0.02723785489797592 0.999598503112793 -698.2958374023438
* 0.999778151512146 -0.02080361917614937 0.0033562351018190384 -135.80245971679688 0.02095332182943821 0.9980463981628418 -0.05884755402803421 85.63707733154297 -0.0021264106035232544 0.058906637132167816 0.9982613325119019 -699.0372924804688
* 0.9992596507072449 -0.021819377318024635 0.031691692769527435 -134.4748077392578 0.023793736472725868 0.9976840615272522 -0.06371011584997177 85.15019226074219 -0.03022916615009308 0.06441882997751236 0.9974650144577026 -701.0927734375
* 0.9995700120925903 -0.02448788657784462 0.016139104962348938 -132.04124450683594 0.02544066496193409 0.9977166652679443 -0.06255245208740234 85.44256591796875 -0.014571444131433964 0.06293796002864838 0.9979111552238464 -700.7364501953125
* 0.9994776248931885 -0.017524760216474533 0.02715962566435337 -129.26742553710938 0.019724886864423752 0.9963168501853943 -0.08343980461359024 85.0889663696289 -0.0255983117967844 0.0839337632060051 0.996142566204071 -700.884765625
* 0.9993993639945984 -0.022056598216295242 0.026733579114079475 -127.32550048828125 0.023391149938106537 0.998416543006897 -0.0511435940861702 85.7549819946289 -0.025564171373844147 0.05174001678824425 0.9983333945274353 -701.9932861328125
* 0.9997581839561462 -0.02106587029993534 0.00633675791323185 -125.9930191040039 0.021206138655543327 0.9994622468948364 -0.024974819272756577 86.51595306396484 -0.005808202549815178 0.025104951113462448 0.9996679425239563 -699.1788330078125
* 0.999771773815155 -0.01868600584566593 0.010376142337918282 -126.7026596069336 0.018837764859199524 0.9996952414512634 -0.015896614640951157 87.33416748046875 -0.010076912119984627 0.016090232878923416 0.9998197555541992 -699.55517578125
* 0.9997468590736389 -0.010599590837955475 -0.01985841616988182 -128.58070373535156 0.00983978807926178 0.9992511868476868 -0.03739335760474205 87.51421356201172 0.020238928496837616 0.0371902734041214 0.9991031289100647 -697.142578125
* 0.9995908141136169 -0.01874542236328125 -0.021618854254484177 -132.20748901367188 0.018552865833044052 0.9997904896736145 -0.008532300591468811 87.17337036132813 0.021773312240839005 0.008129487745463848 0.9997298717498779 -698.0811157226563
* 0.9997301697731018 -0.012666376307606697 -0.019486818462610245 -135.3401336669922 0.011938858777284622 0.9992644786834717 -0.03641723468899727 86.52812957763672 0.019932802766561508 0.036176543682813644 0.9991466403007507 -697.1092529296875
* 0.999642550945282 -0.022069353610277176 -0.01511135883629322 -138.04835510253906 0.021826891228556633 0.99964439868927 -0.01526360772550106 85.30455780029297 0.015441915020346642 0.014930099248886108 0.9997693300247192 -696.3565063476563
* 0.9996696710586548 -0.017339451238512993 0.0189858078956604 -140.11257934570313 0.018356595188379288 0.9982926845550537 -0.05543533340096474 84.98090362548828 -0.017993131652474403 0.05576734244823456 0.998281717300415 -699.7411499023438
* 0.9985108375549316 -0.018038177862763405 0.051491111516952515 -140.70216369628906 0.021229244768619537 0.9978277683258057 -0.062349434942007065 84.50360870361328 -0.050255559384822845 0.06335151940584183 0.9967251420021057 -702.3380737304688
* 0.9980210661888123 -0.020666353404521942 0.05939238891005516 -140.59884643554688 0.023397060111165047 0.9986730813980103 -0.045858316123485565 83.65556335449219 -0.05836682766675949 0.04715897515416145 0.997180700302124 -702.7272338867188
* 0.999009370803833 -0.019313141703605652 0.040096402168273926 -140.48776245117188 0.021358078345656395 0.9984428286552429 -0.0515182688832283 83.39985656738281 -0.03903994709253311 0.052325427532196045 0.997866690158844 -701.4478149414063
* 0.9996486902236938 -0.02502845786511898 0.00874265655875206 -140.7642059326172 0.02523227408528328 0.9993554949760437 -0.025500463321805 83.91184997558594 -0.008099721744656563 0.025713909417390823 0.9996365308761597 -699.9321899414063
* 0.9991817474365234 -0.025168027728796005 0.03166498988866806 -141.4148406982422 0.02580505795776844 0.9994609355926514 -0.02025434747338295 85.08120727539063 -0.031139109283685684 0.02105669677257538 0.9992932081222534 -702.392822265625
* 0.9973535537719727 -0.0217740535736084 0.06936922669410706 -142.3798065185547 0.02382817305624485 0.999291718006134 -0.029095686972141266 87.28935241699219 -0.0686875432729721 0.03067343309521675 0.9971665143966675 -705.7640380859375
* 0.9980969429016113 -0.01981794834136963 0.05839657410979271 -141.97650146484375 0.02251833863556385 0.9986793994903564 -0.04615957289934158 88.61341094970703 -0.05740563943982124 0.047388531267642975 0.9972255825996399 -703.6422119140625
* 0.9978742003440857 -0.020718446001410484 0.06179218366742134 -141.72706604003906 0.024460989981889725 0.9978593587875366 -0.06063457950949669 89.43602752685547 -0.06040462106466293 0.0620189867913723 0.9962453842163086 -703.467529296875
* 0.9996888637542725 -0.024946458637714386 -6.001293659210205E-4 -141.49566650390625 0.024923216551542282 0.9995829463005066 -0.014527954161167145 89.59423828125 9.613707661628723E-4 0.014510266482830048 0.9998942017555237 -699.4968872070313
* 0.9994441866874695 -0.028957447037100792 0.016536211594939232 -143.00369262695313 0.02917170338332653 0.9994809627532959 -0.01360288169234991 90.91944885253906 -0.016134655103087425 0.014079490676522255 0.9997706413269043 -701.5656127929688
* 0.9995474219322205 -0.029027840122580528 0.00793926790356636 -145.01461791992188 0.02921881526708603 0.9992139339447021 -0.026755932718515396 92.29987335205078 -0.007157290820032358 0.02697758562862873 0.9996103644371033 -700.6103515625
* 0.9995130896568298 -0.031026175245642662 -0.0034255031496286392 -147.8708953857422 0.03083394281566143 0.9985562562942505 -0.04396317899227142 91.89381408691406 0.0047836462035775185 0.04383794590830803 0.9990271329879761 -699.6406860351563
* 0.9994182586669922 -0.029784979298710823 -0.01663152128458023 -151.08909606933594 0.02907862327992916 0.998753547668457 -0.04054369777441025 90.74369049072266 0.01781746745109558 0.04003828391432762 0.9990391731262207 -698.7740478515625
* 0.9993400573730469 -0.032259251922369 -0.016715334728360176 -154.84207153320313 0.031590964645147324 0.9987716674804688 -0.038148220628499985 89.77764129638672 0.01792454719543457 0.03759678453207016 0.9991321563720703 -698.9837036132813
* 0.9992896914482117 -0.03302792087197304 0.018162645399570465 -158.86868286132813 0.03365510329604149 0.9987809062004089 -0.036084484308958054 90.05525970458984 -0.0169496089220047 0.03667191416025162 0.9991835951805115 -701.6491088867188
* 0.9987345337867737 -0.03403925895690918 0.03703116625547409 -161.3446502685547 0.03564233332872391 0.9984006285667419 -0.043861594051122665 91.2005844116211 -0.0354798324406147 0.04512777179479599 0.998350977897644 -702.0191040039063
* 0.9986769556999207 -0.034279897809028625 0.03833868354558945 -162.6001739501953 0.03575379028916359 0.9986075162887573 -0.0387641116976738 92.04985809326172 -0.036957379430532455 0.040085386484861374 0.9985125064849854 -700.9013671875
* 0.9972817897796631 -0.03693902865052223 0.06375820934772491 -163.5940399169922 0.03935033828020096 0.9985325932502747 -0.037177924066782 93.62492370605469 -0.06229225918650627 0.03958757966756821 0.9972724914550781 -702.1686401367188
* 0.9952224493026733 -0.03666774183511734 0.09048835933208466 -164.73912048339844 0.04062575101852417 0.998272180557251 -0.04242652654647827 96.32147979736328 -0.08877728134393692 0.04590179771184921 0.9949932098388672 -705.4447631835938
* 0.9954911470413208 -0.041568029671907425 0.08526433259248734 -163.95877075195313 0.0445723794400692 0.9984337091445923 -0.033780962228775024 98.68972778320313 -0.08372752368450165 0.037430886179208755 0.9957853555679321 -703.38330078125
* 0.9947103261947632 -0.038331687450408936 0.09530234336853027 -163.1315155029297 0.04472099244594574 0.9968181848526001 -0.06596380472183228 101.10250854492188 -0.09247156232595444 0.0698787122964859 0.9932602047920227 -703.922119140625
* 0.9974374175071716 -0.04018811136484146 0.05919572338461876 -161.13137817382813 0.04301436245441437 0.9979445338249207 -0.04747705161571503 102.31144714355469 -0.057166967540979385 0.04990345239639282 0.9971166253089905 -700.8970336914063
* 0.9977476000785828 -0.03799619898200035 0.05528797581791878 -159.85003662109375 0.04145063832402229 0.9971535801887512 -0.06296175718307495 103.14669799804688 -0.0527392141520977 0.06511346995830536 0.9964832067489624 -700.2357788085938
* 0.9977709054946899 -0.03846123814582825 0.05453965812921524 -158.8540496826172 0.041759710758924484 0.9972678422927856 -0.06091485917568207 103.25959777832031 -0.0520486980676651 0.06305845081806183 0.9966516494750977 -699.3314208984375
* 0.9973850250244141 -0.037843141704797745 0.06157546490430832 -158.80526733398438 0.042278509587049484 0.996463418006897 -0.0726017877459526 103.5056381225586 -0.05861113592982292 0.07501709461212158 0.99545818567276 -700.4717407226563
* 0.9971601366996765 -0.03920629248023033 0.06430543214082718 -158.1872100830078 0.043544553220272064 0.9967536926269531 -0.0677035003900528 103.67642211914063 -0.06144319847226143 0.0703132152557373 0.99563068151474 -700.96923828125
* 0.9974997639656067 -0.04339468479156494 0.05578288435935974 -156.7350616455078 0.04724946990609169 0.9964279532432556 -0.06997651606798172 104.0152359008789 -0.05254792422056198 0.07243909686803818 0.9959874153137207 -700.853759765625
* 0.9972757697105408 -0.045294854789972305 0.05822322890162468 -154.93576049804688 0.0485660657286644 0.9972327351570129 -0.05626782029867172 105.15338897705078 -0.0555143803358078 0.058944039046764374 0.996716320514679 -700.7542114257813
* 0.9967016577720642 -0.042155131697654724 0.06934937089681625 -152.9337921142578 0.04697103798389435 0.9964727163314819 -0.06952492892742157 106.59137725830078 -0.06617484986782074 0.07255484908819199 0.9951664805412292 -700.7721557617188
* 0.997711718082428 -0.043637845665216446 0.05165008828043938 -151.22409057617188 0.04643514007329941 0.9974324107170105 -0.05449956655502319 107.43608093261719 -0.04914015159010887 0.0567750483751297 0.9971767067909241 -699.1403198242188
* 0.9984443783760071 -0.04082582890987396 0.03798419237136841 -150.87258911132813 0.04249066486954689 0.9981071949005127 -0.0444350466132164 108.07515716552734 -0.03609912097454071 0.04598170518875122 0.9982895851135254 -697.76025390625
* 0.9987353086471558 -0.04137219861149788 0.02858024649322033 -152.2506866455078 0.04245768487453461 0.9983389377593994 -0.03891884908080101 108.48300170898438 -0.026923535391688347 0.04008488357067108 0.9988332390785217 -696.8900146484375
* 0.9990885257720947 -0.03936558961868286 0.016525721177458763 -154.62530517578125 0.04012075066566467 0.9979926943778992 -0.048978447914123535 108.2359848022461 -0.014565401710569859 0.049598634243011475 0.9986627697944641 -695.9763793945313
* 0.9989939332008362 -0.03911846503615379 0.02194279618561268 -157.1132354736328 0.04006034880876541 0.9981890320777893 -0.044854115694761276 107.1702651977539 -0.0201493501663208 0.04568983241915703 0.998752236366272 -695.8687133789063
* 0.9983296990394592 -0.0404520221054554 0.04125582054257393 -159.28025817871094 0.0428803451359272 0.9972707629203796 -0.06008568033576012 105.84614562988281 -0.038713544607162476 0.0617561973631382 0.9973399043083191 -697.1502685546875
* 0.9983208179473877 -0.04298621788620949 0.038836151361465454 -160.09860229492188 0.045356251299381256 0.9970009326934814 -0.06268785148859024 104.25089263916016 -0.03602588549256325 0.06434588134288788 0.9972768425941467 -696.7836303710938
* 0.9979891777038574 -0.041141267865896225 0.04822370037436485 -160.3115692138672 0.04462507367134094 0.996272623538971 -0.07380533963441849 102.75027465820313 -0.04500843584537506 0.0758107528090477 0.9961055517196655 -697.6380004882813
* 0.9976390600204468 -0.040512096136808395 0.05545816943049431 -159.96066284179688 0.04447946697473526 0.9963746666908264 -0.07250457257032394 101.13494110107422 -0.05232073366641998 0.0748019814491272 0.9958245158195496 -698.766357421875
* 0.9978827834129333 -0.04385526105761528 0.04803348332643509 -159.07176208496094 0.04705016314983368 0.9965878129005432 -0.06779945641756058 99.38257598876953 -0.04489715024828911 0.0699177160859108 0.9965415000915527 -699.07275390625
* 0.9987725615501404 -0.042548663914203644 0.02536744624376297 -157.8213653564453 0.044085897505283356 0.9969743490219116 -0.06400229781866074 97.83743286132813 -0.02256840467453003 0.06504390388727188 0.997626781463623 -697.8402709960938
* 0.9987505674362183 -0.04317234829068184 0.025178780779242516 -157.419921875 0.044213663786649704 0.9980999827384949 -0.04288586974143982 96.93699645996094 -0.02328038401901722 0.04394734278321266 0.9987621903419495 -697.1906127929688
* 0.9982897639274597 -0.04208691418170929 0.04058055579662323 -158.3871307373047 0.04414602369070053 0.9976922869682312 -0.05156351625919342 96.4184341430664 -0.03831769898533821 0.053268611431121826 0.9978444576263428 -698.674560546875
* 0.9984105229377747 -0.03859712928533554 0.041075609624385834 -159.71324157714844 0.04064954072237015 0.9978868365287781 -0.050665233284235 96.01251220703125 -0.03903423994779587 0.05225621908903122 0.9978702068328857 -699.5707397460938
* 0.9987300038337708 -0.03907574340701103 0.0318102166056633 -160.62551879882813 0.04064622148871422 0.9978843927383423 -0.05071549862623215 95.05313873291016 -0.029762132093310356 0.05194586515426636 0.9982060194015503 -698.4501342773438
* 0.9985979199409485 -0.036274731159210205 0.03855925798416138 -162.01441955566406 0.03809606656432152 0.9981231689453125 -0.04791965335607529 94.86957550048828 -0.03674958273768425 0.049323227256536484 0.9981062412261963 -700.0908813476563
* 0.9980316758155823 -0.03567741811275482 0.05157823860645294 -163.49789428710938 0.038386885076761246 0.9978674054145813 -0.05276913568377495 95.02722930908203 -0.04958655312657356 0.05464700609445572 0.9972733855247498 -700.9568481445313
* 0.9981686472892761 -0.03707226365804672 0.04780690744519234 -165.22158813476563 0.0387398824095726 0.9986456036567688 -0.03469428792595863 95.81607818603516 -0.04645693674683571 0.036484576761722565 0.9982534646987915 -701.432861328125
* 0.9972248077392578 -0.03966407850384712 0.0630069226026535 -167.03717041015625 0.042156703770160675 0.9983510375022888 -0.0389288030564785 97.53296661376953 -0.06135993450880051 0.04147873446345329 0.9972531199455261 -702.4431762695313
* 0.9978470802307129 -0.039834827184677124 0.052104368805885315 -167.94410705566406 0.042185500264167786 0.9980920553207397 -0.045055486261844635 98.48930358886719 -0.05021115392446518 0.047158341854810715 0.9976243376731873 -701.1612548828125
* 0.9972269535064697 -0.03814651072025299 0.06390415877103806 -168.3037567138672 0.041820820420980453 0.9974752068519592 -0.057373229414224625 98.81941986083984 -0.061555199325084686 0.05988847091794014 0.996304988861084 -701.0885009765625
* 0.9977191090583801 -0.0427003838121891 0.052285026758909225 -167.56150817871094 0.04541110247373581 0.9976107478141785 -0.05203958600759506 98.33275604248047 -0.04993896186351776 0.05429702252149582 0.9972748756408691 -700.946533203125
* 0.9972525238990784 -0.04039352759718895 0.06209919601678848 -166.59934997558594 0.04435757175087929 0.9969598650932312 -0.06403835117816925 99.09117889404297 -0.05932464078068733 0.06661880016326904 0.9960129857063293 -703.1689453125
* 0.9978039264678955 -0.04195522889494896 0.05125988647341728 -164.71664428710938 0.04533374682068825 0.9967297315597534 -0.06687336415052414 99.57059478759766 -0.0482875257730484 0.06905212253332138 0.9964433908462524 -702.7755737304688
* 0.9965327382087708 -0.0398186519742012 0.07305732369422913 -163.57846069335938 0.04485376551747322 0.996620774269104 -0.06879420578479767 100.31372833251953 -0.07007210701704025 0.07183437794446945 0.9949517250061035 -703.8326416015625
* 0.9981074929237366 -0.041460223495960236 0.04541642218828201 -162.7157745361328 0.04392670840024948 0.9975183010101318 -0.05500231683254242 99.97661590576172 -0.04302423819899559 0.056895021349191666 0.9974521994590759 -701.7330322265625
* 0.9981774687767029 -0.04119947925209999 0.04409707337617874 -162.9365997314453 0.04351001977920532 0.9976412653923035 -0.05306914821267128 99.57400512695313 -0.04180757328867912 0.0548928901553154 0.9976161122322083 -701.1295776367188
* 0.9981923699378967 -0.0419238805770874 0.04306439310312271 -163.45677185058594 0.0437057726085186 0.998177170753479 -0.04159098118543625 99.4871826171875 -0.04124316945672035 0.043399762362241745 0.9982056617736816 -700.7362670898438
* 0.9978585839271545 -0.03820192068815231 0.053094495087862015 -164.44541931152344 0.041468601673841476 0.9972079396247864 -0.06208416074514389 99.93036651611328 -0.05057545751333237 0.06415477395057678 0.9966570734977722 -703.27099609375
* 0.9982756972312927 -0.040120527148246765 0.04285145178437233 -164.5047149658203 0.04250594973564148 0.997491717338562 -0.05658072233200073 99.77970886230469 -0.040474846959114075 0.058306410908699036 0.9974774122238159 -701.9757080078125
* 0.9984168410301208 -0.0378851592540741 0.0415777862071991 -165.1231689453125 0.04013538733124733 0.9976787567138672 -0.054991476237773895 99.79363250732422 -0.03939883038401604 0.056574974209070206 0.997620165348053 -701.8092651367188
* 0.9985904693603516 -0.04106481745839119 0.03362816944718361 -165.96798706054688 0.04236600920557976 0.9983273148536682 -0.039312176406383514 99.5599136352539 -0.031958483159542084 0.04068327695131302 0.9986603260040283 -700.4801635742188
* 0.9983652830123901 -0.039963770657777786 0.040862567722797394 -167.79359436035156 0.04166482761502266 0.998248815536499 -0.04196438565850258 99.41146850585938 -0.03911486640572548 0.04360014572739601 0.9982825517654419 -702.0650024414063
* 0.9978803396224976 -0.04035865515470505 0.05104853957891464 -169.08802795410156 0.04309485852718353 0.9976131916046143 -0.05393001809716225 98.97840881347656 -0.04875105991959572 0.056017469614744186 0.9972383975982666 -702.178955078125
* 0.9982376098632813 -0.04236309230327606 0.04155629500746727 -169.49996948242188 0.04448175057768822 0.9976673126220703 -0.05175989493727684 98.52574920654297 -0.03926754742860794 0.053519006818532944 0.997793972492218 -701.9576416015625
* 0.9974290132522583 -0.03886035084724426 0.06020958721637726 -169.35964965820313 0.04294321686029434 0.9967405796051025 -0.06827808916568756 98.59101104736328 -0.05736093968153 0.07068998366594315 0.9958472847938538 -703.6619262695313
* 0.9974249005317688 -0.03626992553472519 0.06187031418085098 -168.0233917236328 0.041532229632139206 0.9954100251197815 -0.08620795607566833 98.29896545410156 -0.05846048519015312 0.0885574221611023 0.9943536520004272 -703.9512329101563
* 0.9979315996170044 -0.039175234735012054 0.05096925422549248 -166.253662109375 0.04302889108657837 0.9960936307907104 -0.07709667086601257 97.71600341796875 -0.047750771045684814 0.07913219183683395 0.9957194328308105 -703.9130249023438
* 0.9980416297912598 -0.03628992661833763 0.050950583070516586 -164.35467529296875 0.039746109396219254 0.9968380331993103 -0.06879131495952606 97.29257202148438 -0.04829394444823265 0.07068350166082382 0.9963286519050598 -703.1784057617188
* 0.9983784556388855 -0.038617026060819626 0.04182329773902893 -162.62640380859375 0.04050244390964508 0.9981415271759033 -0.04550933837890625 96.74246978759766 -0.039989031851291656 0.04713129252195358 0.9980875253677368 -701.9940795898438
* 0.997986912727356 -0.035226527601480484 0.05273662507534027 -162.05868530273438 0.03896588832139969 0.9966508150100708 -0.07188060879707336 96.94392395019531 -0.05002880096435547 0.07379265874624252 0.996017575263977 -704.3439331054688
* 0.9967037439346313 -0.03399455174803734 0.07365976274013519 -161.1789093017578 0.03929731622338295 0.9966331124305725 -0.07194624096155167 97.01049041748047 -0.07096689939498901 0.0746055543422699 0.9946842789649963 -704.6768798828125
* 0.9983206391334534 -0.03419182449579239 0.04676032066345215 -160.29615783691406 0.036281075328588486 0.9983338117599487 -0.04484871029853821 96.83828735351563 -0.04514986276626587 0.0464717373251915 0.9978982210159302 -703.5280151367188
* 0.9977976083755493 -0.03246740996837616 0.057842034846544266 -159.84559631347656 0.03559627756476402 0.9978986382484436 -0.054121606051921844 97.28986358642578 -0.055964235216379166 0.05606319010257721 0.9968570470809937 -703.4197387695313
* 0.9978437423706055 -0.029530687257647514 0.05861475318670273 -159.91998291015625 0.033548057079315186 0.997052013874054 -0.0689910426735878 98.05667877197266 -0.056405555456876755 0.07081051915884018 0.9958932399749756 -704.7832641601563
* 0.997961699962616 -0.03413702920079231 0.053916577249765396 -159.6576690673828 0.036986708641052246 0.997908353805542 -0.052998315542936325 98.60063934326172 -0.051995549350976944 0.05488630384206772 0.9971374273300171 -703.6467895507813
* 0.9985669255256653 -0.03625074028968811 0.03936653211712837 -159.59844970703125 0.037527624517679214 0.9987657070159912 -0.03250550478696823 99.41877746582031 -0.038140539079904556 0.03393806144595146 0.9986954927444458 -702.1553955078125
* 0.9986828565597534 -0.03467438742518425 0.03781408071517944 -160.0988311767578 0.036201272159814835 0.9985104203224182 -0.040795497596263885 100.32845306396484 -0.03634415194392204 0.042112499475479126 0.9984511733055115 -702.4404907226563
* 0.9981851577758789 -0.03494369611144066 0.04903985932469368 -160.21844482421875 0.037452034652233124 0.9979720711708069 -0.05144834145903587 100.90904235839844 -0.04714357480406761 0.05319344252347946 0.9974703192710876 -701.5626220703125
* 0.9985201954841614 -0.033756569027900696 0.042633477598428726 -160.1422119140625 0.03599090874195099 0.9979411363601685 -0.05306526646018028 100.9959716796875 -0.04075535759329796 0.05452297627925873 0.9976800084114075 -700.8362426757813
* 0.99861079454422 -0.0328928641974926 0.04116168990731239 -159.9356689453125 0.035075996071100235 0.997934877872467 -0.053790051490068436 100.63905334472656 -0.039308324456214905 0.05516090989112854 0.9977030158042908 -700.4340209960938
* 0.9980953335762024 -0.02965317666530609 0.05409378558397293 -160.14134216308594 0.03384540602564812 0.9963356256484985 -0.07853322476148605 100.59317779541016 -0.051567766815423965 0.08021626621484756 0.9954422116279602 -701.66552734375
* 0.9975184798240662 -0.03212609887123108 0.0626448541879654 -160.4452667236328 0.036236364394426346 0.9971725940704346 -0.06581379473209381 100.49674224853516 -0.06035434827208519 0.06792230159044266 0.9958629012107849 -702.5529174804688
* 0.9988918900489807 -0.03456329554319382 0.03193490952253342 -160.10264587402344 0.03569672256708145 0.998712420463562 -0.03601258993148804 99.79166412353516 -0.03065001592040062 0.03711444139480591 0.99884033203125 -699.3342895507813
* 0.9983788132667542 -0.035526081919670105 0.04446433484554291 -161.11944580078125 0.037317827343940735 0.9984849095344543 -0.04040839150547981 100.1966781616211 -0.042962364852428436 0.04200398921966553 0.9981927871704102 -701.5006103515625
* 0.9984102845191956 -0.030607352033257484 0.04732275754213333 -161.4497528076172 0.03301587700843811 0.9981393814086914 -0.051236145198345184 100.57327270507813 -0.045667488127946854 0.05271889641880989 0.9975640773773193 -700.8757934570313
* 0.9984720945358276 -0.03350856527686119 0.043930429965257645 -161.7423553466797 0.03573378920555115 0.9980494379997253 -0.05116354674100876 100.71400451660156 -0.042131297290325165 0.05265699326992035 0.9977229237556458 -700.3014526367188
* 0.9982389211654663 -0.03419947996735573 0.048461880534887314 -161.89517211914063 0.03621238097548485 0.998479425907135 -0.04153304547071457 101.0924072265625 -0.046968746930360794 0.04321663826704025 0.9979605078697205 -699.8671875
* 0.9979783296585083 -0.03279595449566841 0.05443023145198822 -162.3131561279297 0.03561074286699295 0.9980212450027466 -0.05179758742451668 101.51556396484375 -0.052624743431806564 0.05363300442695618 0.9971725940704346 -700.6420288085938
* 0.99848872423172 -0.033315882086753845 0.04369599372148514 -162.44590759277344 0.03536823019385338 0.9982509016990662 -0.04734622687101364 101.55306243896484 -0.042043134570121765 0.04882194846868515 0.9979217648506165 -699.784912109375
* 0.99848872423172 -0.033315882086753845 0.04369599372148514 -162.44590759277344 0.03536823019385338 0.9982509016990662 -0.04734622687101364 101.55306243896484 -0.042043134570121765 0.04882194846868515 0.9979217648506165 -699.784912109375
* 0.9975847005844116 -0.032794903963804245 0.061223603785037994 -162.98854064941406 0.037088923156261444 0.9968158006668091 -0.0705697238445282 101.75730895996094 -0.05871529504656792 0.07267185300588608 0.9956256747245789 -701.9688110351563
* 0.998541533946991 -0.03156331181526184 0.04379131644964218 -162.50596618652344 0.03416638448834419 0.9975937008857727 -0.06030609458684921 101.57335662841797 -0.04178343340754509 0.061716169118881226 0.9972183704376221 -700.4471435546875
* 0.9985824227333069 -0.029377220198512077 0.04437659680843353 -162.53768920898438 0.03188565373420715 0.9978525042533875 -0.057192616164684296 101.61376190185547 -0.042602088302373886 0.0585283488035202 0.9973758459091187 -701.0663452148438
* 0.9985824227333069 -0.029377220198512077 0.04437659680843353 -162.53768920898438 0.03188565373420715 0.9978525042533875 -0.057192616164684296 101.61376190185547 -0.042602088302373886 0.0585283488035202 0.9973758459091187 -701.0663452148438
* 0.9983558654785156 -0.03264644742012024 0.047106560319662094 -162.52685546875 0.0354558601975441 0.9975459575653076 -0.06035115569829941 101.70560455322266 -0.045021671801805496 0.061923958361148834 0.997064471244812 -701.1673583984375
* 0.9983558654785156 -0.03264644742012024 0.047106560319662094 -162.52685546875 0.0354558601975441 0.9975459575653076 -0.06035115569829941 101.70560455322266 -0.045021671801805496 0.061923958361148834 0.997064471244812 -701.1673583984375
* 0.9983558654785156 -0.03264644742012024 0.047106560319662094 -162.52685546875 0.0354558601975441 0.9975459575653076 -0.06035115569829941 101.70560455322266 -0.045021671801805496 0.061923958361148834 0.997064471244812 -701.1673583984375
* 0.998327374458313 -0.034952446818351746 0.04604386165738106 -162.9687042236328 0.037554748356342316 0.9976555109024048 -0.05718758702278137 101.90606689453125 -0.04393802583217621 0.05882292240858078 0.9973005056381226 -701.764404296875
