#
#
#
#
#
#
#
#
#
#
#
#
#
#
#
#
#
#
#
#
#
#
#
#
#
#
#
#
#
#
#
#
#
#
#
#
#
#
#
#
#
#
#
#
#
#
#
#
#
#
#
#
#
#
#
#
#
#
#
#
#
#
#
#
#
#
#
#
#
#
#
#
#
#
#
#
#
#
#
#
#
* 0.6141753792762756 -0.10904446244239807 0.7815999388694763 -64.46852111816406 0.2784198522567749 0.9566623568534851 -0.08531361818313599 1.0281389951705933 -0.7384246587753296 0.27001169323921204 0.6179185509681702 -415.0083312988281
* 0.622050404548645 -0.1116117388010025 0.7749816179275513 -65.72230529785156 0.2650223970413208 0.9613771438598633 -0.0742696076631546 -1.8994861841201782 -0.7367606163024902 0.2515881657600403 0.6276047229766846 -415.8133544921875
* 0.6111178398132324 -0.09766461700201035 0.7854915261268616 -67.22298431396484 0.2721278667449951 0.9577915668487549 -0.09263131767511368 -4.909781455993652 -0.7432906627655029 0.27036401629447937 0.6119009256362915 -412.9940490722656
#
* 0.6052631139755249 -0.0946173146367073 0.7903834581375122 -72.36312103271484 0.26003599166870117 0.9619376063346863 -0.0839839056134224 -12.132773399353027 -0.7523549795150757 0.25636640191078186 0.6068284511566162 -411.0460510253906
* 0.6018673777580261 -0.08842194825410843 0.7936870455741882 -75.1025390625 0.26064532995224 0.9611741304397583 -0.0905776247382164 -15.379505157470703 -0.7548640966415405 0.26139238476753235 0.6015452742576599 -409.921875
* 0.5949950218200684 -0.09113046526908875 0.7985475063323975 -77.93134307861328 0.2566247284412384 0.9630828499794006 -0.08130954951047897 -18.066728591918945 -0.7616592049598694 0.2533116638660431 0.5964149832725525 -409.25555419921875
* 0.5885749459266663 -0.09532895684242249 0.8028036952018738 -79.91280364990234 0.25409719347953796 0.9645103216171265 -0.07176697999238968 -20.386316299438477 -0.7674725651741028 0.24623629450798035 0.5919086337089539 -407.5496520996094
* 0.5847828984260559 -0.10640849173069 0.8041816353797913 -81.27145385742188 0.25648805499076843 0.9647511839866638 -0.0588640533387661 -21.7171573638916 -0.7695731520652771 0.24069151282310486 0.5914617776870728 -407.39239501953125
* 0.588485598564148 -0.11809029430150986 0.7998383641242981 -81.72982788085938 0.2618955373764038 0.9637770652770996 -0.05040306970477104 -21.608524322509766 -0.7649152874946594 0.23914140462875366 0.5980955362319946 -406.55908203125
* 0.5891814827919006 -0.12706144154071808 0.797948956489563 -81.42485809326172 0.27252888679504395 0.960936427116394 -0.04821891337633133 -19.771039962768555 -0.7606530785560608 0.2458796352148056 0.6007932424545288 -403.8500671386719
* 0.592498779296875 -0.13401028513908386 0.7943477630615234 -80.79891204833984 0.27959463000297546 0.9589762091636658 -0.04677045717835426 -17.020565032958984 -0.7554944753646851 0.24981263279914856 0.6056602001190186 -400.6891174316406
* 0.5954609513282776 -0.13628722727298737 0.7917411923408508 -80.25920104980469 0.28987810015678406 0.9555631279945374 -0.053534187376499176 -14.117703437805176 -0.749264121055603 0.2613917589187622 0.6085065603256226 -397.27459716796875
* 0.6005651354789734 -0.1400451958179474 0.7872172594070435 -80.28921508789063 0.2998078465461731 0.9521501064300537 -0.05934223160147667 -9.963319778442383 -0.7412398457527161 0.27165862917900085 0.6138140559196472 -394.7226867675781
* 0.602911114692688 -0.1455817073583603 0.784414529800415 -80.16889953613281 0.3107004761695862 0.94842928647995 -0.06279338151216507 -4.347564697265625 -0.7348214983940125 0.28158271312713623 0.6170502305030823 -390.2115478515625
* 0.6060998439788818 -0.1482328623533249 0.7814550995826721 -80.31621551513672 0.32286182045936584 0.9437467455863953 -0.07140200585126877 1.646396517753601 -0.726912796497345 0.29558464884757996 0.6198627948760986 -386.66815185546875
* 0.6070842146873474 -0.15028195083141327 0.7802987694740295 -80.0743179321289 0.33798354864120483 0.9375360012054443 -0.08239790797233582 7.053302764892578 -0.7191763520240784 0.3137565553188324 0.6199553608894348 -382.4418029785156
* 0.6090906262397766 -0.154729962348938 0.777862012386322 -79.66828918457031 0.3505403995513916 0.9323031902313232 -0.08904005587100983 11.836798667907715 -0.7114270925521851 0.32691141963005066 0.6220955848693848 -378.7742004394531
* 0.610681414604187 -0.15982811152935028 0.775580644607544 -78.75899505615234 0.3597511053085327 0.92850661277771 -0.09192736446857452 15.843135833740234 -0.7054400444030762 0.33516019582748413 0.624519407749176 -375.1714172363281
* 0.6114562153816223 -0.1647312045097351 0.7739424705505371 -77.14929962158203 0.36674314737319946 0.9256876707077026 -0.09272392094135284 18.20689582824707 -0.7011553049087524 0.3405405879020691 0.6264309287071228 -371.3380126953125
* 0.6164708137512207 -0.17009155452251434 0.768787682056427 -75.40955352783203 0.3699546456336975 0.9244683384895325 -0.09212849289178848 20.178476333618164 -0.6950504183769226 0.3412169814109802 0.6328334212303162 -369.5921325683594
* 0.6199268698692322 -0.17141923308372498 0.7657074928283691 -72.98751068115234 0.3729347288608551 0.9229462146759033 -0.09531936794519424 21.490158081054688 -0.6903681755065918 0.3446559011936188 0.6360868215560913 -366.87640380859375
* 0.6276586055755615 -0.17314445972442627 0.7589911818504333 -70.70972442626953 0.37521201372146606 0.9215189218521118 -0.10007279366254807 22.488325119018555 -0.6820986270904541 0.3476000726222992 0.6433647274971008 -365.7362365722656
* 0.6348963975906372 -0.17487671971321106 0.7525467276573181 -68.58000183105469 0.37698444724082947 0.9203387498855591 -0.10418686270713806 24.068456649780273 -0.6743790507316589 0.34985214471817017 0.650245189666748 -365.4404296875
* 0.639213502407074 -0.17655108869075775 0.7484902143478394 -66.49629974365234 0.37927815318107605 0.9190577864646912 -0.1071280911564827 25.4481143951416 -0.6689931154251099 0.3523695766925812 0.6544357538223267 -364.0186462402344
* 0.64077228307724 -0.17547854781150818 0.7474088668823242 -64.78035736083984 0.3805864155292511 0.9180880784988403 -0.1107422262430191 26.353073120117188 -0.666755199432373 0.3554200530052185 0.6550697088241577 -362.9544677734375
* 0.6437312364578247 -0.17348866164684296 0.7453279495239258 -63.7963981628418 0.38162216544151306 0.9169874787330627 -0.1161641851067543 27.367002487182617 -0.6633041501045227 0.359218031167984 0.6565001010894775 -362.3724670410156
* 0.6465756297111511 -0.17424075305461884 0.7426857948303223 -63.12777328491211 0.382315993309021 0.9164854884147644 -0.11783219128847122 28.393278121948242 -0.660130500793457 0.36013391613960266 0.6591917276382446 -362.4064025878906
* 0.649785041809082 -0.1732257604598999 0.7401177287101746 -62.19403839111328 0.38264936208724976 0.9158545136451721 -0.12159613519906998 29.2935848236084 -0.6567775011062622 0.3622227609157562 0.6613928079605103 -361.8841857910156
* 0.6528592109680176 -0.17304344475269318 0.7374501824378967 -61.596561431884766 0.38239145278930664 0.9156845808029175 -0.1236690804362297 30.325857162475586 -0.6538726687431335 0.36273902654647827 0.6639829874038696 -362.3335876464844
* 0.6540313363075256 -0.16998326778411865 0.7371231913566589 -61.14495086669922 0.383298397064209 0.9145407676696777 -0.1292019635438919 31.725072860717773 -0.6521680951118469 0.36704617738723755 0.6632921099662781 -361.9004821777344
* 0.6539545059204102 -0.16413195431232452 0.7385162115097046 -61.34830856323242 0.38529613614082336 0.9123499989509583 -0.1384202241897583 33.212066650390625 -0.6510670185089111 0.3750738501548767 0.6598741412162781 -361.5166320800781
* 0.6565200090408325 -0.1602105349302292 0.7370997071266174 -62.24192810058594 0.3876557946205139 0.90992271900177 -0.14751026034355164 34.57362747192383 -0.6470721364021301 0.38259029388427734 0.6594883799552917 -360.5559997558594
* 0.6547552347183228 -0.15728668868541718 0.7392958998680115 -63.917144775390625 0.38984712958335876 0.9082385897636414 -0.15204443037509918 35.633758544921875 -0.6475434303283691 0.3877701461315155 0.6559910774230957 -360.9483947753906
* 0.6490785479545593 -0.15615014731884003 0.7445240616798401 -65.60399627685547 0.39028170704841614 0.9084367156028748 -0.14972811937332153 36.427555084228516 -0.6529739499092102 0.3877652585506439 0.6505886912345886 -362.0691223144531
* 0.6459570527076721 -0.15511849522590637 0.747448742389679 -67.0661392211914 0.3920172452926636 0.9075705409049988 -0.1504458487033844 37.08295440673828 -0.6550264954566956 0.3902001976966858 0.6470600366592407 -362.338623046875
* 0.6418823003768921 -0.15495029091835022 0.7509856224060059 -68.42134857177734 0.39199939370155334 0.9080285429954529 -0.14770378172397614 37.371524810791016 -0.659030556678772 0.38920021057128906 0.6435872316360474 -362.62310791015625
* 0.6388407945632935 -0.15650613605976105 0.7532529830932617 -69.5432357788086 0.39327472448349 0.9079282879829407 -0.14490333199501038 37.579254150390625 -0.6612223386764526 0.3888114094734192 0.6415709853172302 -363.4057922363281
* 0.6379915475845337 -0.156626358628273 0.7539474368095398 -70.2760009765625 0.3929491937160492 0.9082379341125488 -0.14384236931800842 37.76877212524414 -0.6622350215911865 0.38803914189338684 0.6409937739372253 -363.93994140625
* 0.6385523676872253 -0.15585936605930328 0.7536314725875854 -71.05677032470703 0.391731858253479 0.9087412357330322 -0.14398394525051117 38.278751373291016 -0.662415623664856 0.38716864585876465 0.6413335204124451 -365.0186462402344
* 0.6381703615188599 -0.15867780148983002 0.7533668279647827 -71.64408111572266 0.39167070388793945 0.9093503952026367 -0.1402561068534851 39.21886444091797 -0.6628197431564331 0.384584903717041 0.642469584941864 -365.7806396484375
* 0.6378556489944458 -0.15402129292488098 0.7545987963676453 -71.8156967163086 0.3942232131958008 0.9069986939430237 -0.14811280369758606 40.263065338134766 -0.6616083979606628 0.39196085929870605 0.6392525434494019 -365.3983154296875
* 0.6375380754470825 -0.15547293424606323 0.7545695304870605 -72.30609893798828 0.39601194858551025 0.9062585234642029 -0.14787150919437408 41.570308685302734 -0.6608458757400513 0.3930981755256653 0.6393429040908813 -365.8375549316406
* 0.63704514503479 -0.15161725878715515 0.7557694911956787 -72.80184936523438 0.39664697647094727 0.9051700830459595 -0.15275545418262482 42.44527816772461 -0.660940408706665 0.39709171652793884 0.636772096157074 -365.5186462402344
* 0.6361181139945984 -0.15083377063274384 0.7567064166069031 -73.82837677001953 0.3988606631755829 0.9037883281707764 -0.15515397489070892 43.274566650390625 -0.6605008244514465 0.4005226194858551 0.6350772380828857 -365.5002136230469
* 0.6354622840881348 -0.14793862402439117 0.7578282356262207 -75.27823638916016 0.4019470810890198 0.9013791084289551 -0.1610901951789856 43.99934005737305 -0.6592599749565125 0.4069794714450836 0.6322553753852844 -364.9543762207031
* 0.630904495716095 -0.1433297097682953 0.7625076770782471 -77.0631332397461 0.4038602113723755 0.899810791015625 -0.1650250256061554 44.3980827331543 -0.6624605059623718 0.4120674133300781 0.6255792379379272 -364.37615966796875
* 0.6252992749214172 -0.14578592777252197 0.7666479349136353 -78.93030548095703 0.40531155467033386 0.9001697897911072 -0.15941376984119415 44.649932861328125 -0.6668738722801208 0.4104185402393341 0.621963620185852 -364.5890808105469
* 0.6218326687812805 -0.1484697312116623 0.768949031829834 -80.377197265625 0.4057616591453552 0.9008758068084717 -0.15419535338878632 44.63995361328125 -0.669835090637207 0.4078996479511261 0.6204367280006409 -365.1347351074219
* 0.6195712089538574 -0.1488683670759201 0.7706955671310425 -81.55615997314453 0.4060797393321991 0.9010356068611145 -0.15241408348083496 44.563838958740234 -0.6717353463172913 0.40740105509757996 0.6187074184417725 -365.5151062011719
* 0.6189076900482178 -0.1484718769788742 0.7713049054145813 -82.39788818359375 0.4054480791091919 0.9014191031455994 -0.1518268883228302 44.40177536010742 -0.6727278232574463 0.4066966772079468 0.6180921196937561 -365.1268005371094
* 0.6166935563087463 -0.1476513147354126 0.7732335329055786 -83.36035919189453 0.4066848158836365 0.9007728695869446 -0.15235354006290436 44.36659622192383 -0.6740134358406067 0.4084235429763794 0.6155475974082947 -365.3594665527344
* 0.6204484105110168 -0.14720913767814636 0.7703084945678711 -83.61003112792969 0.41742080450057983 0.8935195207595825 -0.16546501219272614 44.51752853393555 -0.6639283895492554 0.4242110848426819 0.6158300638198853 -363.3681945800781
* 0.6263641119003296 -0.15484414994716644 0.76399827003479 -85.46963500976563 0.40742120146751404 0.9005832672119141 -0.1515045315027237 44.913455963134766 -0.6645851731300354 0.40617188811302185 0.6271790266036987 -365.6136474609375
#
#
#
#
* 0.5975029468536377 -0.12517105042934418 0.792035698890686 -89.93756103515625 0.41209444403648376 0.8952631950378418 -0.16938656568527222 42.92804718017578 -0.6878721117973328 0.42759352922439575 0.5865046381950378 -360.4917907714844
#
#
#
* 0.5980449318885803 -0.13569454848766327 0.7898902893066406 -91.9655990600586 0.3940759599208832 0.9079874753952026 -0.14237453043460846 38.35749816894531 -0.6978868842124939 0.3964162766933441 0.5964920520782471 -363.4068908691406
#
* 0.6123633980751038 -0.1436883509159088 0.7774078845977783 -93.91152954101563 0.3824329376220703 0.9144768118858337 -0.1322149932384491 36.97605895996094 -0.6919219493865967 0.3782668113708496 0.6149438619613647 -366.9533386230469
* 0.6173126101493835 -0.144004687666893 0.7734248638153076 -94.77246856689453 0.3885034918785095 0.9106711745262146 -0.14052286744117737 36.74312973022461 -0.6840980052947998 0.3872216045856476 0.6181156635284424 -367.1667785644531
#
#
#
#
#
#
#
* 0.5840097665786743 -0.1297345608472824 0.8013113141059875 -102.96446228027344 0.3809930384159088 0.9154737591743469 -0.12945115566253662 34.44050598144531 -0.7167821526527405 0.38088953495025635 0.5840741991996765 -366.10076904296875
#
#
#
#
#
* 0.5804934501647949 -0.1050727590918541 0.8074519634246826 -101.46912384033203 0.36778524518013 0.9185997843742371 -0.14480650424957275 31.073484420776367 -0.7264625430107117 0.3809780776500702 0.571887731552124 -366.88482666015625
#
#
#
#
#
#
#
#
#
#
#
#
#
#
#
#
#
#
#
#
#
#
#
#
#
#
#
#
#
#
#
#
#
#
#
#
#
#
#
#
#
#
#
#
#
#
#
#
#
#
#
#
#
#
#
#
#
#
#
#
#
#
#
#
#
#
#
#
#
#
#
#
#
#
#
#
#
#
#
#
* 0.6346539258956909 -0.1993902027606964 0.7466313242912292 -78.1924057006836 0.41083839535713196 0.9053543210029602 -0.10744554549455643 52.52671813964844 -0.6545428037643433 0.3749360144138336 0.6565038561820984 -473.4021301269531
* 0.6366460919380188 -0.21538223326206207 0.7404678463935852 -83.0748062133789 0.41175562143325806 0.9068132042884827 -0.09025635570287704 54.61024856567383 -0.6520270109176636 0.3623536229133606 0.666003942489624 -477.7358703613281
* 0.6411030888557434 -0.23403769731521606 0.7308993339538574 -88.7865982055664 0.4203092157840729 0.9039143919944763 -0.07923415303230286 56.896400451660156 -0.642127275466919 0.3580014109611511 0.6778703927993774 -480.2541198730469
* 0.6306936144828796 -0.24157799780368805 0.7374728322029114 -95.65849304199219 0.433386892080307 0.897955596446991 -0.07648925483226776 59.15367126464844 -0.6437404751777649 0.3678527772426605 0.6710314154624939 -481.0467834472656
* 0.6115726828575134 -0.2534167170524597 0.7495060563087463 -103.07540130615234 0.4501740038394928 0.8904794454574585 -0.06624685972929001 61.5378532409668 -0.650632381439209 0.3779233694076538 0.6586743593215942 -484.6466979980469
* 0.5915992856025696 -0.26333391666412354 0.7620144486427307 -109.1855697631836 0.4642941951751709 0.8839722275733948 -0.05498175323009491 63.82575607299805 -0.6591218113899231 0.38632649183273315 0.6452215313911438 -486.49554443359375
* 0.573411226272583 -0.28704577684402466 0.7673361301422119 -114.55711364746094 0.47679996490478516 0.8785765171051025 -0.027642924338579178 66.91551208496094 -0.6662294864654541 0.3817170560359955 0.6406488418579102 -488.6546630859375
* 0.555605411529541 -0.30976492166519165 0.7715885043144226 -119.10040283203125 0.483388215303421 0.8753990530967712 0.0033622542396187782 70.55110931396484 -0.6764901876449585 0.37110912799835205 0.6361128687858582 -489.9871520996094
* 0.5461616516113281 -0.32696080207824707 0.7712357640266418 -123.3167495727539 0.5029898881912231 0.8642315864562988 0.010185688734054565 75.11808013916016 -0.6698575615882874 0.38236117362976074 0.6364678144454956 -491.6815490722656
* 0.5416386127471924 -0.3329666554927826 0.7718557715415955 -127.02465057373047 0.5188970565795898 0.8548235297203064 0.0046285721473395824 79.2378158569336 -0.661342442035675 0.3980070948600769 0.6357805728912354 -493.6578369140625
* 0.5352768301963806 -0.35372093319892883 0.7670468091964722 -129.10740661621094 0.5396149754524231 0.8418307900428772 0.011641239747405052 82.05193328857422 -0.6498422026634216 0.40767911076545715 0.641485333442688 -497.48065185546875
#
#
#
#
#
#
#
#
#
#
#
#
#
#
#
#
#
#
#
#
#
#
#
#
#
#
#
#
#
#
#
#
#
#
#
#
#
#
#
#
#
#
* 0.5933787226676941 -0.3603321611881256 0.719770073890686 -86.84988403320313 0.4510573148727417 0.8894637227058411 0.07342513650655746 55.7093391418457 -0.6666702628135681 0.2810960114002228 0.6903188228607178 -542.0703735351563
* 0.5978928804397583 -0.35506540536880493 0.7186509966850281 -87.67988586425781 0.45085981488227844 0.8902384638786316 0.06473468989133835 57.908748626708984 -0.6627592444419861 0.28531378507614136 0.6923514604568481 -542.8111572265625
* 0.5931913256645203 -0.3444380760192871 0.7276626825332642 -89.40569305419922 0.4451938271522522 0.8934181332588196 0.05996841564774513 60.44055938720703 -0.6707658767700195 0.2883855104446411 0.683309018611908 -545.2802734375
* 0.5926896333694458 -0.3352527320384979 0.7323462963104248 -91.01859283447266 0.4418817460536957 0.8955395817756653 0.0523359477519989 63.23013687133789 -0.6733943223953247 0.29259878396987915 0.6789184212684631 -544.14404296875
* 0.5891940593719482 -0.32358112931251526 0.7403729557991028 -92.4714584350586 0.4537980556488037 0.8906550407409668 0.02811923436820507 66.29534149169922 -0.668519139289856 0.3194194436073303 0.6716082692146301 -538.5342407226563
* 0.5956764817237854 -0.3260686695575714 0.7340676188468933 -95.86424255371094 0.4453393816947937 0.8946319222450256 0.03600210323929787 70.3780746459961 -0.6684629917144775 0.30547088384628296 0.6781216263771057 -540.8271484375
* 0.5957992076873779 -0.3151477873325348 0.73872309923172 -99.45629119873047 0.443579763174057 0.8958959579467773 0.024433981627225876 74.3016586303711 -0.6695228815078735 0.3131321370601654 0.6735664010047913 -540.1859130859375
#
* 0.6173195242881775 -0.2836686968803406 0.7337964773178101 -110.89032745361328 0.44713282585144043 0.8939358592033386 -0.030596032738685608 81.59782409667969 -0.6472934484481812 0.3470028340816498 0.6786802411079407 -544.000732421875
* 0.6146631240844727 -0.25882795453071594 0.7451213598251343 -117.70022583007813 0.4512017071247101 0.8901873826980591 -0.0629974827170372 83.14259338378906 -0.6469976305961609 0.37493306398391724 0.6639472246170044 -548.3993530273438
* 0.6157235503196716 -0.2600649297237396 0.7438138723373413 -123.4266357421875 0.45172688364982605 0.889935314655304 -0.06279395520687103 81.96192932128906 -0.6456212997436523 0.37467527389526367 0.6654308438301086 -551.0686645507813
#
* 0.5745120048522949 -0.263548344373703 0.7749047875404358 -133.100341796875 0.431795209646225 0.9018732905387878 -0.013399210758507252 78.71304321289063 -0.6953336000442505 0.3422965705394745 0.6319361329078674 -559.7062377929688
* 0.5690688490867615 -0.26417770981788635 0.778697669506073 -135.3563232421875 0.4226439297199249 0.906295895576477 -0.0013986206613481045 78.83875274658203 -0.7053599953651428 0.3299061357975006 0.6273980736732483 -562.815673828125
* 0.5690667033195496 -0.2648575007915497 0.7784682512283325 -136.75106811523438 0.4273403584957123 0.904079258441925 -0.004793684929609299 79.85673522949219 -0.7025265097618103 0.33539721369743347 0.6276658773422241 -565.7422485351563
* 0.5739529132843018 -0.257694810628891 0.7772842049598694 -136.78314208984375 0.4148239195346832 0.9098909497261047 -0.004649330396205187 80.90879821777344 -0.7060449719429016 0.3251029849052429 0.6291326284408569 -567.7652587890625
* 0.5823976397514343 -0.2326720952987671 0.7788939476013184 -134.91818237304688 0.4137662351131439 0.9096049070358276 -0.037662964314222336 81.73042297363281 -0.6997218728065491 0.3442132771015167 0.6260237693786621 -567.0088500976563
* 0.577373206615448 -0.23585964739322662 0.7816709280014038 -134.06016540527344 0.41058221459388733 0.9113863706588745 -0.028270933777093887 82.77436828613281 -0.705735445022583 0.33726149797439575 0.6230500936508179 -568.719970703125
* 0.5798569917678833 -0.24278199672698975 0.7777028679847717 -133.39495849609375 0.4121425747871399 0.9108313322067261 -0.02295086160302162 83.4682388305664 -0.7027833461761475 0.33383113145828247 0.6282129883766174 -571.2642822265625
* 0.5795057415962219 -0.2356683611869812 0.780148983001709 -132.2313995361328 0.41210564970970154 0.9106082320213318 -0.031038569286465645 83.34781646728516 -0.7030946612358093 0.33948931097984314 0.6248233914375305 -570.7158813476563
* 0.5799044966697693 -0.23297196626663208 0.7806623578071594 -132.0229034423828 0.4048416316509247 0.9139596223831177 -0.02797776460647583 83.42230224609375 -0.7069752216339111 0.33226749300956726 0.6243265271186829 -572.9747314453125
* 0.5802118182182312 -0.23223267495632172 0.7806543111801147 -132.20681762695313 0.3950679898262024 0.9184260368347168 -0.02041013538837433 82.92404174804688 -0.7122327089309692 0.3202521502971649 0.6246298551559448 -574.376953125
* 0.5816617012023926 -0.222009539604187 0.7825474143028259 -131.99647521972656 0.39451366662979126 0.918308436870575 -0.03271226957440376 81.81578826904297 -0.7113568782806396 0.3277515172958374 0.6217311024665833 -573.9130859375
* 0.5802552103996277 -0.22588326036930084 0.7824830412864685 -132.01890563964844 0.3892988860607147 0.9208284020423889 -0.0228651724755764 80.9584732055664 -0.7153671383857727 0.31788578629493713 0.6222519874572754 -575.4832763671875
* 0.5814648270606995 -0.22816909849643707 0.7809203863143921 -131.13262939453125 0.387683242559433 0.9215894341468811 -0.019393201917409897 79.66132354736328 -0.7152624130249023 0.31402453780174255 0.6243295073509216 -576.0323486328125
* 0.5867300629615784 -0.21640019118785858 0.7803320288658142 -130.57925415039063 0.37791475653648376 0.9254323840141296 -0.027512434870004654 78.5341796875 -0.7161900997161865 0.31103965640068054 0.624760091304779 -578.5341796875
* 0.5849220752716064 -0.22286251187324524 0.779870331287384 -130.14309692382813 0.37493258714675903 0.9269091486930847 -0.016325438395142555 77.61721801757813 -0.7192298769950867 0.301946222782135 0.6257283687591553 -580.4141235351563
* 0.587123692035675 -0.21524956822395325 0.7803541421890259 -129.66969299316406 0.36957406997680664 0.928945779800415 -0.021822381764650345 76.74833679199219 -0.7202087044715881 0.30120939016342163 0.6249571442604065 -581.9619750976563
* 0.5866595506668091 -0.21637625992298126 0.7803915739059448 -129.54026794433594 0.368100643157959 0.9295931458473206 -0.018973257392644882 75.92122650146484 -0.721340537071228 0.29839178919792175 0.6250033974647522 -583.8789672851563
* 0.5900824666023254 -0.21829666197299957 0.7772698402404785 -129.20376586914063 0.36760058999061584 0.9298115968704224 -0.017932768911123276 75.29732513427734 -0.7187990546226501 0.2963049113750458 0.6289119720458984 -584.7220458984375
* 0.5866397619247437 -0.20484377443790436 0.7835126519203186 -128.6678466796875 0.3697585165500641 0.9285027384757996 -0.03409735485911369 74.45440673828125 -0.720508337020874 0.3097115457057953 0.6204398274421692 -584.0599365234375
* 0.5911314487457275 -0.20271623134613037 0.7806850075721741 -128.5852813720703 0.37148264050483704 0.9275599122047424 -0.040428970009088516 73.86139678955078 -0.7159357666969299 0.3139079809188843 0.6236158609390259 -584.6660766601563
* 0.5899304747581482 -0.2189120650291443 0.7772123217582703 -129.59288024902344 0.36354541778564453 0.9314782023429871 -0.013578449375927448 73.5437240600586 -0.7209832072257996 0.2905605435371399 0.6290921568870544 -588.0358276367188
* 0.5916380286216736 -0.21584822237491608 0.7767711281776428 -129.83511352539063 0.35779038071632385 0.9337114095687866 -0.013055436313152313 72.91487884521484 -0.7224614024162292 0.2856435477733612 0.6296478509902954 -588.6287231445313
* 0.5855351090431213 -0.22373247146606445 0.7791610360145569 -130.3899688720703 0.3609452247619629 0.93258136510849 -0.0034601339139044285 72.43000793457031 -0.7258561849594116 0.28325867652893066 0.6268145442008972 -589.2390747070313
* 0.5943520069122314 -0.21566814184188843 0.7747467160224915 -130.7068328857422 0.3656550645828247 0.9305031299591064 -0.021486489102244377 71.5721435546875 -0.7162696123123169 0.2960588037967682 0.6319068670272827 -589.295166015625
* 0.5864546298980713 -0.20096905529499054 0.7846539616584778 -131.03639221191406 0.3596497178077698 0.9326077699661255 -0.02993880957365036 70.00621795654297 -0.7257569432258606 0.2997565269470215 0.619210958480835 -586.81298828125
* 0.5876147747039795 -0.2083633989095688 0.7818522453308105 -132.61370849609375 0.35678932070732117 0.9339874386787415 -0.01924220472574234 68.74644470214844 -0.7262301445007324 0.2902616858482361 0.6231670379638672 -589.0828857421875
* 0.5871667861938477 -0.2047039270401001 0.783154308795929 -133.8350067138672 0.35496973991394043 0.9346234202384949 -0.021839970722794533 67.45914459228516 -0.7274829745292664 0.2908179461956024 0.6214439868927002 -588.9403686523438
* 0.5902549028396606 -0.2103777527809143 0.7793199419975281 -135.703857421875 0.35266920924186707 0.9356359839439392 -0.014533791691064835 66.3733901977539 -0.7261014580726624 0.2834189236164093 0.6264579892158508 -589.6383666992188
* 0.5857263207435608 -0.2028522789478302 0.7847132086753845 -137.6360626220703 0.35490894317626953 0.9346110820770264 -0.02330823987722397 65.43080139160156 -0.7286728024482727 0.29215213656425476 0.6194209456443787 -589.0916748046875
* 0.584528386592865 -0.19842009246349335 0.7867370843887329 -139.89854431152344 0.35242509841918945 0.9354820847511292 -0.025907980278134346 64.61319732666016 -0.7308371067047119 0.2924080193042755 0.6167446374893188 -589.5159912109375
* 0.5792110562324524 -0.2099403440952301 0.7876793742179871 -142.55322265625 0.3505782186985016 0.9364984035491943 -0.008186962455511093 64.54509735107422 -0.7359410524368286 0.2808833420276642 0.6160313487052917 -592.5247802734375
* 0.5726133584976196 -0.20773909986019135 0.7930684089660645 -143.3738250732422 0.351999968290329 0.935957670211792 -0.008982363156974316 64.3792724609375 -0.7404118776321411 0.28430163860321045 0.6090666651725769 -592.2908935546875
* 0.5706555247306824 -0.21243916451931 0.7932345271110535 -143.44580078125 0.354846328496933 0.9349126219749451 -0.004893545992672443 64.58238983154297 -0.7405647039413452 0.2842670679092407 0.6088969707489014 -591.9312744140625
* 0.575452983379364 -0.21682600677013397 0.7885679602622986 -143.2390594482422 0.3537518084049225 0.935339629650116 -9.642827790230513E-4 64.840576171875 -0.7373690605163574 0.2795104682445526 0.6149473190307617 -592.6258544921875
* 0.5706402659416199 -0.2156105786561966 0.7923892736434937 -142.88589477539063 0.3535441756248474 0.9354186058044434 -7.473700679838657E-5 64.8114013671875 -0.7411988973617554 0.2801854610443115 0.6100161671638489 -592.0336303710938
* 0.5702158212661743 -0.21767692267894745 0.7921298742294312 -142.5774383544922 0.3606729805469513 0.9326872229576111 -0.003327470738440752 64.80962371826172 -0.7380844354629517 0.2875954210758209 0.6103439331054688 -591.3171997070313
* 0.5754313468933105 -0.2107165902853012 0.790238082408905 -142.72271728515625 0.3581099212169647 0.9336054921150208 -0.011819637380540371 64.99925994873047 -0.735279381275177 0.2897917330265045 0.612686276435852 -591.6121215820313
* 0.5694637894630432 -0.2107771784067154 0.7945331335067749 -143.03448486328125 0.357264906167984 0.9339671730995178 -0.008293266408145428 65.12163543701172 -0.7403191924095154 0.2885797321796417 0.6071645021438599 -591.181884765625
* 0.5711647272109985 -0.21244356036186218 0.792866587638855 -143.54708862304688 0.3580685555934906 0.9336637854576111 -0.007774469442665577 65.26554870605469 -0.7386185526847839 0.2883393466472626 0.6093459725379944 -591.7410888671875
* 0.571228563785553 -0.21129579842090607 0.7931272983551025 -143.93545532226563 0.36138617992401123 0.9323412179946899 -0.01189363468438387 64.94287872314453 -0.7369515895843506 0.29341748356819153 0.6089401245117188 -590.7733154296875
* 0.569237232208252 -0.2070644348859787 0.7956708073616028 -144.60231018066406 0.35891324281692505 0.9332682490348816 -0.013898942619562149 64.22222900390625 -0.7396957874298096 0.2934868037700653 0.6055701375007629 -589.926513671875
* 0.5691710114479065 -0.2146170735359192 0.7937144637107849 -145.5933380126953 0.35487499833106995 0.9349130988121033 -0.0016821037279441953 63.61968994140625 -0.7416924834251404 0.2826250493526459 0.6082884669303894 -590.6721801757813
* 0.5691487193107605 -0.2191721349954605 0.7924847602844238 -146.52597045898438 0.35909613966941833 0.9333013892173767 2.2168047144077718E-4 63.267574310302734 -0.7396752238273621 0.2844502627849579 0.6098918914794922 -590.886962890625
* 0.5773100256919861 -0.21789444983005524 0.7869142293930054 -148.3495330810547 0.35653066635131836 0.9342800378799438 -0.002863311907276511 63.037696838378906 -0.7345738410949707 0.2822102904319763 0.6170560121536255 -593.3311157226563
* 0.5739582777023315 -0.2175493985414505 0.7894574403762817 -150.0983123779297 0.3543006181716919 0.9351323246955872 1.074427564162761E-4 63.36318588256836 -0.7382700443267822 0.2796418070793152 0.6138055324554443 -592.9651489257813
* 0.5816442966461182 -0.20881429314613342 0.7861841320991516 -151.89657592773438 0.3586355149745941 0.933315634727478 -0.01743551529943943 62.41891860961914 -0.7301165461540222 0.2920929789543152 0.6177467107772827 -590.256591796875
* 0.5916515588760376 -0.2013758420944214 0.7806375622749329 -155.06463623046875 0.3601936995983124 0.9323124289512634 -0.032489944249391556 61.28097152709961 -0.721254825592041 0.30040162801742554 0.6241392493247986 -585.8933715820313
* 0.6069579720497131 -0.18089516460895538 0.773871898651123 -159.52786254882813 0.36318185925483704 0.9292613863945007 -0.0676289051771164 60.143611907958984 -0.7068949937820435 0.32210230827331543 0.6297212839126587 -577.3897705078125
#
#
#
#
#
#
#
#
#
#
#
#
#
#
#
#
#
#
#
#
#
#
#
#
#
#
#
#
#
#
#
#
#
#
#
#
#
#
#
#
#
#
#
#
#
#
#
#
#
#
#
#
#
#
#
#
#
#
#
#
#
#
#
#
#
#
#
#
#
#
#
#
#
#
#
#
#
#
#
#
#
#
#
#
#
#
#
#
#
#
#
#
#
#
#
#
#
#
#
#
#
#
#
#
#
#
#
#
#
#
#
#
#
#
#
#
#
#
#
#
#
#
#
#
#
#
#
#
#
#
#
#
#
#
#
#
#
#
#
#
#
#
#
#
#
#
#
#
#
#
#
#
#
#
#
#
#
#
#
#
#
#
#
#
#
#
#
#
#
#
#
#
#
#
#
#
#
#
#
#
#
#
#
#
#
#
#
#
#
#
#
#
#
#
#
#
#
* 0.4899614155292511 -0.8436158895492554 0.21965888142585754 2285.44970703125 -0.7593991756439209 -0.28931301832199097 0.582756519317627 12402.88671875 -0.4280765652656555 -0.4523392915725708 -0.7823931574821472 20513.236328125
#
* 0.889228880405426 0.060541559010744095 0.4534382224082947 -112.74221801757813 0.16793616116046906 0.8787892460823059 -0.446681410074234 178.04559326171875 -0.42552223801612854 0.4733545184135437 0.7712776064872742 -653.7072143554688
#
#
#
#
#
#
#
#
#
#
#
#
#
#
#
#
#
#
#
#
#
#
#
#
#
#
#
#
#
#
#
#
#
#
#
#
#
#
#
#
#
#
#
#
#
#
#
#
* 0.9803128242492676 0.0303647480905056 0.1951005756855011 -112.45561218261719 0.036324597895145416 0.9434323906898499 -0.3295678198337555 49.45334243774414 -0.1940820813179016 0.3301706612110138 0.9237541556358337 -714.966796875
* 0.9838637709617615 0.03748501464724541 0.17494679987430573 -120.44353485107422 0.03256469592452049 0.9238643050193787 -0.3813309073448181 62.052181243896484 -0.17593196034431458 0.38087886571884155 0.9077341556549072 -725.5844116210938
* 0.9807068705558777 0.04963815212249756 0.18907521665096283 -124.73444366455078 0.03273918852210045 0.911764919757843 -0.40940427780151367 74.36504364013672 -0.19272491335868835 0.4076997637748718 0.8925470113754272 -718.462646484375
* 0.9772253632545471 0.0360344760119915 0.20912140607833862 -126.14949035644531 0.03631497919559479 0.942472517490387 -0.332303524017334 83.2076187133789 -0.20907627046108246 0.3323337435722351 0.9196975231170654 -710.4580078125
* 0.9784756302833557 0.024067802354693413 0.20495329797267914 -128.7385711669922 0.03013700060546398 0.9658074378967285 -0.2575003504753113 89.01194763183594 -0.2041536271572113 0.25813865661621094 0.9442923069000244 -710.396728515625
* 0.9535489678382874 0.02964683622121811 0.2997751533985138 -128.21246337890625 0.0515424944460392 0.9643751978874207 -0.2594655752182007 92.14592742919922 -0.2967986762523651 0.26286840438842773 0.9180485010147095 -702.2813110351563
* 0.9505957961082458 0.02674201875925064 0.3092772364616394 -129.22889709472656 0.05160488933324814 0.9687731266021729 -0.24251601099967957 94.93865203857422 -0.30611544847488403 0.2464989870786667 0.9195292592048645 -703.1390380859375
* 0.9765318632125854 0.00852292776107788 0.21520327031612396 -131.18296813964844 0.04662042483687401 0.9671093821525574 -0.2500487267971039 98.87311553955078 -0.21026693284511566 0.2542177140712738 0.9440145492553711 -709.6068115234375
#
* 0.9980146884918213 0.031177913770079613 -0.05472913756966591 -129.49179077148438 -0.04632383584976196 0.9519927501678467 -0.3025922477245331 101.032958984375 0.042668893933296204 0.30453479290008545 0.9515461325645447 -696.5919799804688
* 0.9997153878211975 0.01975376531481743 -0.013398748822510242 -129.32135009765625 -0.022014738991856575 0.9797890186309814 -0.19881349802017212 101.045166015625 0.009202116169035435 0.19905997812747955 0.979945182800293 -699.3825073242188
* 0.9989756941795349 0.03167811781167984 0.03232497349381447 -131.0969696044922 -0.02027447335422039 0.9518396258354187 -0.3059213161468506 102.4017105102539 -0.04045780748128891 0.30496060848236084 0.9515063166618347 -707.6516723632813
#
#
#
#
#
#
#
#
#
#
#
#
#
#
#
#
#
#
#
#
#
#
#
#
#
#
#
#
* 0.0114436075091362 -0.6625586748123169 -0.7489224672317505 -1070.15673828125 0.9155920743942261 0.3079996407032013 -0.25849416851997375 373.31207275390625 0.4019313454627991 -0.6827546954154968 0.6101602911949158 -5485.50439453125
#
#
#
#
#
#
#
#
#
#
#
#
#
* 0.999430775642395 -0.01035982370376587 -0.03209027275443077 -109.93406677246094 0.008722621016204357 0.9986340403556824 -0.05151398479938507 48.543643951416016 0.032581791281700134 0.05120987445116043 0.9981566667556763 -682.7280883789063
* 0.9995316863059998 -0.019135745242238045 -0.023859238252043724 -110.49665832519531 0.018748395144939423 0.9996727705001831 -0.0173918716609478 47.221309661865234 0.024185962975025177 0.016941480338573456 0.9995642900466919 -681.3995361328125
* 0.9994100332260132 -0.020255541428923607 -0.027717800810933113 -111.3749008178711 0.019685452803969383 0.9995730519294739 -0.02157953567802906 46.757511138916016 0.02814480848610401 0.021026242524385452 0.9993830919265747 -682.24169921875
* 0.9993600845336914 -0.017639296129345894 -0.031099727377295494 -111.87844848632813 0.01747722178697586 0.9998272657394409 -0.006279537454247475 46.10144805908203 0.031206848099827766 0.0057370467111468315 0.9994968771934509 -682.1556396484375
* 0.9996811151504517 -0.018620308488607407 -0.017025914043188095 -112.8175277709961 0.018140152096748352 0.9994040131568909 -0.029361264780163765 45.08047103881836 0.01756419613957405 0.02904813550412655 0.9994240403175354 -684.4675903320313
* 0.9997080564498901 -0.017374590039253235 -0.016759706661105156 -113.93621063232422 0.017234787344932556 0.9998018741607666 -0.009931689128279686 43.24030303955078 0.016930656507611275 0.0096450075507164 0.9998104572296143 -684.991455078125
* 0.9993191957473755 -0.01784047670662403 -0.032278336584568024 -115.07160186767578 0.018031731247901917 0.9998252987861633 0.00486421026289463 41.93585968017578 0.03218764811754227 -0.0054378816857934 0.9994673728942871 -683.7757568359375
* 0.9992893934249878 -0.01461190078407526 -0.034730128943920135 -116.76051330566406 0.014434444718062878 0.9998770356178284 -0.006074806675314903 41.22482681274414 0.03481632471084595 0.005574252922087908 0.999378502368927 -684.3565063476563
* 0.9993640780448914 -0.009036906994879246 -0.03447948023676872 -118.69898223876953 0.008886761963367462 0.9999465346336365 -0.005231741815805435 39.998558044433594 0.034526582807302475 0.004927085712552071 0.9993919730186462 -684.1720581054688
* 0.9984083771705627 -0.0134547408670187 -0.05476121976971626 -121.22852325439453 0.015062064863741398 0.9994776844978333 0.028584115207195282 38.49029541015625 0.05434974282979965 -0.029358407482504845 0.9980905652046204 -683.784912109375
* 0.9997150897979736 -0.012619822286069393 -0.020238883793354034 -122.5367431640625 0.01275685429573059 0.999903678894043 0.005415043793618679 36.76693344116211 0.020170284435153008 -0.005666622892022133 0.9997808337211609 -684.2018432617188
* 0.9997140169143677 -0.01639840379357338 -0.017380259931087494 -123.1851577758789 0.0165691114962101 0.9998282790184021 0.008271406404674053 34.95090103149414 0.01724334992468357 -0.00855197198688984 0.9998151063919067 -684.9525756835938
* 0.9996238946914673 -0.017042096704244614 -0.021466106176376343 -123.77458190917969 0.016953224316239357 0.999841034412384 -0.005476399324834347 34.62944030761719 0.021557742729783058 0.005115477368235588 0.9997548460960388 -684.4078979492188
* 0.9998919367790222 -0.013161897659301758 0.006472470238804817 -124.27225494384766 0.013342118822038174 0.9996092319488525 -0.024554552510380745 33.06306457519531 -0.006145080551505089 0.024643342941999435 0.9996777772903442 -685.0177612304688
* 0.9998604655265808 -0.014414733275771141 0.008381294086575508 -124.15338897705078 0.014785523526370525 0.9989750981330872 -0.04277428612112999 30.579978942871094 -0.007754440885037184 0.04289734363555908 0.999049723148346 -685.8656616210938
* 0.9996265769004822 -0.01635093428194523 0.02187117002904415 -124.30235290527344 0.01670216955244541 0.9997504353523254 -0.014818098396062851 27.184946060180664 -0.021621746942400932 0.015182934701442719 0.9996512532234192 -687.9033203125
* 0.9997857809066772 -0.020278604701161385 0.004034766927361488 -124.05885314941406 0.02034458890557289 0.9997387528419495 -0.010393371805548668 23.193082809448242 -0.0038212332874536514 0.010478295385837555 0.9999381303787231 -685.463134765625
* 0.9997970461845398 -0.018392564728856087 0.008167179301381111 -123.7878646850586 0.018684014678001404 0.9992521405220032 -0.033844441175460815 20.27011489868164 -0.00753688532859087 0.03399525582790375 0.9993938207626343 -684.7887573242188
* 0.9997016191482544 -0.022808730602264404 -0.008691845461726189 -122.92108917236328 0.022908726707100868 0.9997000098228455 0.008628163486719131 17.358646392822266 0.008494175970554352 -0.008819669485092163 0.9999252557754517 -683.0321655273438
* 0.9991402626037598 -0.022050365805625916 0.03509756922721863 -122.88928985595703 0.02187817171216011 0.9997423887252808 0.005992678925395012 13.350712776184082 -0.0352189838886261 -0.005214611068367958 0.9993662238121033 -688.5869750976563
* 0.9996706247329712 -0.020759467035531998 0.01506839320063591 -121.37393188476563 0.02081172727048397 0.9997817873954773 -0.0016538510099053383 9.143146514892578 -0.015029080212116241 0.0019719568081200123 0.9998852610588074 -685.320068359375
* 0.9997569918632507 -0.021999476477503777 0.0011810623109340668 -119.71992492675781 0.02203388884663582 0.9997197389602661 -0.008631719276309013 5.35651969909668 -9.891306981444359E-4 0.008660702034831047 0.9999621510505676 -683.9784545898438
* 0.9994739890098572 -0.02451115846633911 -0.021219704300165176 -117.69539642333984 0.024375006556510925 0.9996721148490906 -0.00782136432826519 3.7076416015625 0.02140618860721588 0.0073050688952207565 0.9997442960739136 -682.0548706054688
