#
#
#
#
#
#
#
#
#
#
#
#
#
#
#
#
#
#
#
#
#
#
#
*1 0.25308430194854736 0.6543881893157959 -0.7125488519668579 1018.6718139648438
*1 0.25308430194854736 0.6543881893157959 -0.7125488519668579 1018.6718139648438
*2 -0.06716305017471313 0.7466341257095337 0.6618360877037048 -289.7966003417969
*1 0.25308430194854736 0.6543881893157959 -0.7125488519668579 1018.6718139648438
*2 -0.06716305017471313 0.7466341257095337 0.6618360877037048 -289.7966003417969
*3 0.9651100635528564 -0.11964225769042969 0.23291070759296417 -3426.4052734375
#
*1 0.32894134521484375 0.9343309998512268 0.13719752430915833 1201.7061767578125
*1 0.32894134521484375 0.9343309998512268 0.13719752430915833 1201.7061767578125
*2 -0.708830714225769 0.34028035402297974 -0.6178740859031677 -363.82940673828125
*1 0.32894134521484375 0.9343309998512268 0.13719752430915833 1201.7061767578125
*2 -0.708830714225769 0.34028035402297974 -0.6178740859031677 -363.82940673828125
*3 -0.6239843368530273 0.1059948056936264 0.7742149233818054 -4043.322998046875
#
*1 -0.35435542464256287 0.7946227192878723 -0.49296143651008606 1228.697998046875
*1 -0.35435542464256287 0.7946227192878723 -0.49296143651008606 1228.697998046875
*2 -0.6037611365318298 0.20818276703357697 0.7695420980453491 -395.6260070800781
*1 -0.35435542464256287 0.7946227192878723 -0.49296143651008606 1228.697998046875
*2 -0.6037611365318298 0.20818276703357697 0.7695420980453491 -395.6260070800781
*3 0.7140766382217407 0.570319652557373 0.40599462389945984 -4045.2353515625
#
#
#
#
#
#
#
#
#
#
#
#
#
#
#
#
#
#
#
#
#
#
#
#
#
#
#
#
#
#
#
#
#
#
#
#
#
#
#
#
#
#
#
#
#
#
#
#
#
#
#
#
#
#
#
#
#
#
#
#
#
#
#
#
#
#
#
#
#
#
#
#
#
#
#
#
#
#
#
#
#
#
#
#
#
#
#
#
#
#
#
#
#
#
#
#
#
#
#
#
#
#
#
#
#
#
#
#
#
#
#
#
#
#
#
#
#
#
#
#
#
#
#
#
#
#
#
#
#
#
#
#
#
#
#
#
#
#
#
*1 0.9947420358657837 0.06803521513938904 -0.07652875781059265 -127.0334243774414
*1 0.9947420358657837 0.06803521513938904 -0.07652875781059265 -127.0334243774414
*2 -0.1001191958785057 0.8037155866622925 -0.5865333080291748 222.93763732910156
*1 0.9947420358657837 0.06803521513938904 -0.07652875781059265 -127.0334243774414
*2 -0.1001191958785057 0.8037155866622925 -0.5865333080291748 222.93763732910156
*3 0.021598175168037415 0.5911080837249756 0.8063024282455444 -1266.9735107421875
*1 0.9959796071052551 0.0754735916852951 -0.04822470620274544 -121.85543823242188
*1 0.9959796071052551 0.0754735916852951 -0.04822470620274544 -121.85543823242188
*2 -0.08510377258062363 0.9655172228813171 -0.24604438245296478 206.22386169433594
*1 0.9959796071052551 0.0754735916852951 -0.04822470620274544 -121.85543823242188
*2 -0.08510377258062363 0.9655172228813171 -0.24604438245296478 206.22386169433594
*3 0.02798762544989586 0.2491559386253357 0.9680583477020264 -1248.9390869140625
*1 0.992673397064209 0.06620047986507416 -0.10106583684682846 -118.7952880859375
*1 0.992673397064209 0.06620047986507416 -0.10106583684682846 -118.7952880859375
*2 -0.08689369261264801 0.9724690914154053 -0.21623484790325165 202.2256622314453
*1 0.992673397064209 0.06620047986507416 -0.10106583684682846 -118.7952880859375
*2 -0.08689369261264801 0.9724690914154053 -0.21623484790325165 202.2256622314453
*3 0.08396419137716293 0.22342927753925323 0.9710965156555176 -1230.021484375
*1 0.9970398545265198 0.06730660796165466 -0.03712981194257736 -119.20569610595703
*1 0.9970398545265198 0.06730660796165466 -0.03712981194257736 -119.20569610595703
*2 -0.07517141848802567 0.9551365375518799 -0.28647416830062866 215.5994873046875
*1 0.9970398545265198 0.06730660796165466 -0.03712981194257736 -119.20569610595703
*2 -0.07517141848802567 0.9551365375518799 -0.28647416830062866 215.5994873046875
*3 0.016178108751773834 0.288413941860199 0.9573686122894287 -1277.9752197265625
#
#
#
*1 0.9942572116851807 0.0506790392100811 0.09433301538228989 -97.50811767578125
*1 0.9942572116851807 0.0506790392100811 0.09433301538228989 -97.50811767578125
*2 -0.06646481156349182 0.9825851917266846 0.1734393686056137 315.2477722167969
*1 0.9942572116851807 0.0506790392100811 0.09433301538228989 -97.50811767578125
*2 -0.06646481156349182 0.9825851917266846 0.1734393686056137 315.2477722167969
*3 -0.08388401567935944 -0.1786869317293167 0.9803307056427002 -1259.0391845703125
*1 0.9306447505950928 0.1043473482131958 -0.3507515490055084 -105.65489196777344
*1 0.9306447505950928 0.1043473482131958 -0.3507515490055084 -105.65489196777344
*2 -0.1653280258178711 0.9749290943145752 -0.14883707463741302 314.4095764160156
*1 0.9306447505950928 0.1043473482131958 -0.3507515490055084 -105.65489196777344
*2 -0.1653280258178711 0.9749290943145752 -0.14883707463741302 314.4095764160156
*3 0.3264450430870056 0.19653554260730743 0.9245654940605164 -1221.58056640625
#
#
#
*1 0.9975060820579529 0.07068926841020584 -6.083063781261444E-4 -162.8470916748047
*1 0.9975060820579529 0.07068926841020584 -6.083063781261444E-4 -162.8470916748047
*2 -0.06559252738952637 0.9233630895614624 -0.37826815247535706 205.01806640625
*1 0.9975060820579529 0.07068926841020584 -6.083063781261444E-4 -162.8470916748047
*2 -0.06559252738952637 0.9233630895614624 -0.37826815247535706 205.01806640625
*3 -0.02617337368428707 0.3773910403251648 0.9256855845451355 -1267.09033203125
*1 0.9756798148155212 0.035806138068437576 -0.2162926197052002 -149.9491424560547
*1 0.9756798148155212 0.035806138068437576 -0.2162926197052002 -149.9491424560547
*2 -0.08347547054290771 0.9728484153747559 -0.21583907306194305 190.1141815185547
*1 0.9756798148155212 0.035806138068437576 -0.2162926197052002 -149.9491424560547
*2 -0.08347547054290771 0.9728484153747559 -0.21583907306194305 190.1141815185547
*3 0.20269520580768585 0.22867262363433838 0.9521692991256714 -1220.6041259765625
*1 0.9880045056343079 0.050094395875930786 -0.14612790942192078 -149.86570739746094
*1 0.9880045056343079 0.050094395875930786 -0.14612790942192078 -149.86570739746094
*2 -0.08357179164886475 0.9687666296958923 -0.2334429770708084 185.94369506835938
*1 0.9880045056343079 0.050094395875930786 -0.14612790942192078 -149.86570739746094
*2 -0.08357179164886475 0.9687666296958923 -0.2334429770708084 185.94369506835938
*3 0.12987340986728668 0.24288253486156464 0.9613240361213684 -1216.09765625
*1 0.9798475503921509 0.0652792751789093 -0.18882030248641968 -155.49917602539063
*1 0.9798475503921509 0.0652792751789093 -0.18882030248641968 -155.49917602539063
*2 -0.08975045382976532 0.9881455302238464 -0.12450648099184036 188.64454650878906
*1 0.9798475503921509 0.0652792751789093 -0.18882030248641968 -155.49917602539063
*2 -0.08975045382976532 0.9881455302238464 -0.12450648099184036 188.64454650878906
*3 0.17845776677131653 0.1389724612236023 0.9740853905677795 -1231.810791015625
*1 0.983773410320282 0.06988656520843506 -0.16529178619384766 -172.47476196289063
*1 0.983773410320282 0.06988656520843506 -0.16529178619384766 -172.47476196289063
*2 -0.09481760859489441 0.9843375086784363 -0.1485864818096161 186.21127319335938
*1 0.983773410320282 0.06988656520843506 -0.16529178619384766 -172.47476196289063
*2 -0.09481760859489441 0.9843375086784363 -0.1485864818096161 186.21127319335938
*3 0.15232206881046295 0.16187629103660583 0.9749855995178223 -1281.44677734375
*1 0.9943236708641052 0.06876609474420547 -0.08128511905670166 -190.4449005126953
*1 0.9943236708641052 0.06876609474420547 -0.08128511905670166 -190.4449005126953
*2 -0.08233057707548141 0.9804760217666626 -0.17854170501232147 180.58328247070313
*1 0.9943236708641052 0.06876609474420547 -0.08128511905670166 -190.4449005126953
*2 -0.08233057707548141 0.9804760217666626 -0.17854170501232147 180.58328247070313
*3 0.06742433458566666 0.1842486411333084 0.9805657863616943 -1314.5267333984375
*1 0.9920737147331238 0.06923965364694595 -0.10493364185094833 -196.9354248046875
*1 0.9920737147331238 0.06923965364694595 -0.10493364185094833 -196.9354248046875
*2 -0.08363241702318192 0.9865485429763794 -0.14041496813297272 162.35430908203125
*1 0.9920737147331238 0.06923965364694595 -0.10493364185094833 -196.9354248046875
*2 -0.08363241702318192 0.9865485429763794 -0.14041496813297272 162.35430908203125
*3 0.09380359947681427 0.148106187582016 0.9845142960548401 -1282.0115966796875
*1 0.977794349193573 0.060653068125247955 -0.20063632726669312 -198.3584442138672
*1 0.977794349193573 0.060653068125247955 -0.20063632726669312 -198.3584442138672
*2 -0.08702769130468369 0.988232433795929 -0.12574419379234314 149.652587890625
*1 0.977794349193573 0.060653068125247955 -0.20063632726669312 -198.3584442138672
*2 -0.08702769130468369 0.988232433795929 -0.12574419379234314 149.652587890625
*3 0.19065207242965698 0.14044122397899628 0.9715611934661865 -1229.53173828125
*1 0.9878220558166504 0.06673920899629593 -0.14060211181640625 -208.08425903320313
*1 0.9878220558166504 0.06673920899629593 -0.14060211181640625 -208.08425903320313
*2 -0.08515199273824692 0.987863302230835 -0.129861518740654 148.61863708496094
*1 0.9878220558166504 0.06673920899629593 -0.14060211181640625 -208.08425903320313
*2 -0.08515199273824692 0.987863302230835 -0.129861518740654 148.61863708496094
*3 0.13023248314857483 0.14028100669384003 0.9815109372138977 -1243.720947265625
*1 0.9969425201416016 0.07407014071941376 -0.025194711983203888 -215.3291015625
*1 0.9969425201416016 0.07407014071941376 -0.025194711983203888 -215.3291015625
*2 -0.07681631296873093 0.9870842695236206 -0.14054399728775024 142.20692443847656
*1 0.9969425201416016 0.07407014071941376 -0.025194711983203888 -215.3291015625
*2 -0.07681631296873093 0.9870842695236206 -0.14054399728775024 142.20692443847656
*3 0.014463245868682861 0.14207804203033447 0.9897512793540955 -1252.586669921875
*1 0.993882954120636 0.06678827106952667 -0.08804361522197723 -213.576416015625
*1 0.993882954120636 0.06678827106952667 -0.08804361522197723 -213.576416015625
*2 -0.0807754248380661 0.9825870394706726 -0.16729235649108887 136.48745727539063
*1 0.993882954120636 0.06678827106952667 -0.08804361522197723 -213.576416015625
*2 -0.0807754248380661 0.9825870394706726 -0.16729235649108887 136.48745727539063
*3 0.07534123957157135 0.17340895533561707 0.9819653630256653 -1230.2930908203125
*1 0.9923501014709473 0.0872393250465393 0.08744174987077713 -222.86309814453125
*1 0.9923501014709473 0.0872393250465393 0.08744174987077713 -222.86309814453125
*2 -0.0604931078851223 0.9606501460075378 -0.2710733413696289 136.0684356689453
*1 0.9923501014709473 0.0872393250465393 0.08744174987077713 -222.86309814453125
*2 -0.0604931078851223 0.9606501460075378 -0.2710733413696289 136.0684356689453
*3 -0.10764457285404205 0.26373767852783203 0.9585708379745483 -1272.7142333984375
*1 0.9980955123901367 0.06131312996149063 0.007842563092708588 -220.3297576904297
*1 0.9980955123901367 0.06131312996149063 0.007842563092708588 -220.3297576904297
*2 -0.059009432792663574 0.9835895895957947 -0.17046481370925903 124.1583251953125
*1 0.9980955123901367 0.06131312996149063 0.007842563092708588 -220.3297576904297
*2 -0.059009432792663574 0.9835895895957947 -0.17046481370925903 124.1583251953125
*3 -0.018160976469516754 0.16970553994178772 0.9853289723396301 -1256.245361328125
*1 0.9968537092208862 0.07874548435211182 -0.00985945388674736 -221.56239318847656
*1 0.9968537092208862 0.07874548435211182 -0.00985945388674736 -221.56239318847656
*2 -0.07796996086835861 0.9501796364784241 -0.30177491903305054 114.73865509033203
*1 0.9968537092208862 0.07874548435211182 -0.00985945388674736 -221.56239318847656
*2 -0.07796996086835861 0.9501796364784241 -0.30177491903305054 114.73865509033203
*3 -0.014391083270311356 0.3016214370727539 0.9533207416534424 -1279.5853271484375
*1 0.9964575171470642 0.0787070095539093 0.02988053485751152 -216.05764770507813
*1 0.9964575171470642 0.0787070095539093 0.02988053485751152 -216.05764770507813
*2 -0.06619614362716675 0.952201247215271 -0.2981942892074585 98.97158813476563
*1 0.9964575171470642 0.0787070095539093 0.02988053485751152 -216.05764770507813
*2 -0.06619614362716675 0.952201247215271 -0.2981942892074585 98.97158813476563
*3 -0.05191781371831894 0.2951872944831848 0.9540295004844666 -1290.82275390625
*1 0.996415913105011 0.0828474834561348 0.017516089603304863 -206.78958129882813
*1 0.996415913105011 0.0828474834561348 0.017516089603304863 -206.78958129882813
*2 -0.07380897551774979 0.9516386389732361 -0.2982032001018524 81.05306243896484
*1 0.996415913105011 0.0828474834561348 0.017516089603304863 -206.78958129882813
*2 -0.07380897551774979 0.9516386389732361 -0.2982032001018524 81.05306243896484
*3 -0.04137014225125313 0.2958689033985138 0.954334020614624 -1268.6026611328125
*1 0.9957870841026306 0.0687810555100441 -0.060765739530324936 -199.3510284423828
*1 0.9957870841026306 0.0687810555100441 -0.060765739530324936 -199.3510284423828
*2 -0.08115395903587341 0.968683123588562 -0.23464035987854004 68.4187240600586
*1 0.9957870841026306 0.0687810555100441 -0.060765739530324936 -199.3510284423828
*2 -0.08115395903587341 0.968683123588562 -0.23464035987854004 68.4187240600586
*3 0.04272790998220444 0.23861098289489746 0.9701765775680542 -1240.2540283203125
*1 0.9959058165550232 0.06194556504487991 -0.06595224887132645 -197.1819305419922
*1 0.9959058165550232 0.06194556504487991 -0.06595224887132645 -197.1819305419922
*2 -0.07114289700984955 0.9862616062164307 -0.14904983341693878 61.582210540771484
*1 0.9959058165550232 0.06194556504487991 -0.06595224887132645 -197.1819305419922
*2 -0.07114289700984955 0.9862616062164307 -0.14904983341693878 61.582210540771484
*3 0.05581745132803917 0.15315987169742584 0.9866254925727844 -1232.3828125
*1 0.9886094331741333 0.057621750980615616 -0.13909190893173218 -197.9241485595703
*1 0.9886094331741333 0.057621750980615616 -0.13909190893173218 -197.9241485595703
*2 -0.07552165538072586 0.9889388680458069 -0.12761424481868744 58.08127975463867
*1 0.9886094331741333 0.057621750980615616 -0.13909190893173218 -197.9241485595703
*2 -0.07552165538072586 0.9889388680458069 -0.12761424481868744 58.08127975463867
*3 0.13020411133766174 0.13669337332248688 0.9820209741592407 -1221.2445068359375
*1 0.9929673075675964 0.06427974253892899 -0.09949585795402527 -208.6011199951172
*1 0.9929673075675964 0.06427974253892899 -0.09949585795402527 -208.6011199951172
*2 -0.07610577344894409 0.9897447228431702 -0.12084006518125534 62.55183029174805
*1 0.9929673075675964 0.06427974253892899 -0.09949585795402527 -208.6011199951172
*2 -0.07610577344894409 0.9897447228431702 -0.12084006518125534 62.55183029174805
*3 0.0907120406627655 0.12759079039096832 0.9876716732978821 -1254.252197265625
*1 0.9795422554016113 0.07283145934343338 -0.18763749301433563 -217.3303985595703
*1 0.9795422554016113 0.07283145934343338 -0.18763749301433563 -217.3303985595703
*2 -0.08330748975276947 0.9953150749206543 -0.048956431448459625 69.1545181274414
*1 0.9795422554016113 0.07283145934343338 -0.18763749301433563 -217.3303985595703
*2 -0.08330748975276947 0.9953150749206543 -0.048956431448459625 69.1545181274414
*3 0.18319664895534515 0.0636150985956192 0.9810175895690918 -1247.0084228515625
*1 0.9852094650268555 0.06565827131271362 -0.15832436084747314 -228.84559631347656
*1 0.9852094650268555 0.06565827131271362 -0.15832436084747314 -228.84559631347656
*2 -0.0755295529961586 0.995471179485321 -0.05763241648674011 67.85697174072266
*1 0.9852094650268555 0.06565827131271362 -0.15832436084747314 -228.84559631347656
*2 -0.0755295529961586 0.995471179485321 -0.05763241648674011 67.85697174072266
*3 0.15382733941078186 0.06876670569181442 0.985703706741333 -1249.154541015625
*1 0.9814018607139587 0.055080290883779526 -0.18393424153327942 -233.56834411621094
*1 0.9814018607139587 0.055080290883779526 -0.18393424153327942 -233.56834411621094
*2 -0.06787887215614319 0.9956053495407104 -0.0644323006272316 61.809654235839844
*1 0.9814018607139587 0.055080290883779526 -0.18393424153327942 -233.56834411621094
*2 -0.06787887215614319 0.9956053495407104 -0.0644323006272316 61.809654235839844
*3 0.1795811802148819 0.07574767619371414 0.98082435131073 -1222.251708984375
*1 0.9942485690116882 0.059575509279966354 -0.0890817791223526 -248.77699279785156
*1 0.9942485690116882 0.059575509279966354 -0.0890817791223526 -248.77699279785156
*2 -0.0676146000623703 0.9935459494590759 -0.0910155326128006 58.848793029785156
*1 0.9942485690116882 0.059575509279966354 -0.0890817791223526 -248.77699279785156
*2 -0.0676146000623703 0.9935459494590759 -0.0910155326128006 58.848793029785156
*3 0.08308887481689453 0.09654371440410614 0.9918563961982727 -1253.180908203125
*1 0.9980484247207642 0.05869697034358978 0.021656863391399384 -261.9114074707031
*1 0.9980484247207642 0.05869697034358978 0.021656863391399384 -261.9114074707031
*2 -0.05569912865757942 0.9915452003479004 -0.11715270578861237 47.02675247192383
*1 0.9980484247207642 0.05869697034358978 0.021656863391399384 -261.9114074707031
*2 -0.05569912865757942 0.9915452003479004 -0.11715270578861237 47.02675247192383
*3 -0.028345540165901184 0.1157461628317833 0.9928759932518005 -1275.339111328125
*1 0.9973848462104797 0.06341813504695892 0.034880977123975754 -263.5333557128906
*1 0.9973848462104797 0.06341813504695892 0.034880977123975754 -263.5333557128906
*2 -0.05575045570731163 0.9807785153388977 -0.1869611144065857 31.256546020507813
*1 0.9973848462104797 0.06341813504695892 0.034880977123975754 -263.5333557128906
*2 -0.05575045570731163 0.9807785153388977 -0.1869611144065857 31.256546020507813
*3 -0.046062517911195755 0.18455561995506287 0.9817437529563904 -1254.1077880859375
*1 0.9985150098800659 0.05235002189874649 0.01556367427110672 -263.69439697265625
*1 0.9985150098800659 0.05235002189874649 0.01556367427110672 -263.69439697265625
*2 -0.047250520437955856 0.9715870022773743 -0.23189479112625122 15.453829765319824
*1 0.9985150098800659 0.05235002189874649 0.01556367427110672 -263.69439697265625
*2 -0.047250520437955856 0.9715870022773743 -0.23189479112625122 15.453829765319824
*3 -0.027256203815340996 0.23084278404712677 0.9726108908653259 -1241.357666015625
*1 0.998613178730011 0.04340799152851105 0.030038757249712944 -263.50177001953125
*1 0.998613178730011 0.04340799152851105 0.030038757249712944 -263.50177001953125
*2 -0.03567316383123398 0.9747816920280457 -0.2202659249305725 -0.9451379776000977
*1 0.998613178730011 0.04340799152851105 0.030038757249712944 -263.50177001953125
*2 -0.03567316383123398 0.9747816920280457 -0.2202659249305725 -0.9451379776000977
*3 -0.0388372503221035 0.21891666948795319 0.9749719500541687 -1248.329833984375
*1 0.9994404911994934 0.025549473240971565 -0.021927524358034134 -260.1896667480469
*1 0.9994404911994934 0.025549473240971565 -0.021927524358034134 -260.1896667480469
*2 -0.028569119051098824 0.9875178337097168 -0.15485943853855133 -18.860820770263672
*1 0.9994404911994934 0.025549473240971565 -0.021927524358034134 -260.1896667480469
*2 -0.028569119051098824 0.9875178337097168 -0.15485943853855133 -18.860820770263672
*3 0.017702709883451462 0.15542730689048767 0.987690269947052 -1261.3905029296875
*1 0.9872229099273682 0.015264051966369152 -0.15865914523601532 -243.52273559570313
*1 0.9872229099273682 0.015264051966369152 -0.15865914523601532 -243.52273559570313
*2 -0.03170854598283768 0.9942625761032104 -0.10210592299699783 -32.275115966796875
*1 0.9872229099273682 0.015264051966369152 -0.15865914523601532 -243.52273559570313
*2 -0.03170854598283768 0.9942625761032104 -0.10210592299699783 -32.275115966796875
*3 0.15619556605815887 0.1058603823184967 0.9820384979248047 -1232.893798828125
*1 0.9614370465278625 3.6568628274835646E-5 -0.275052011013031 -224.75685119628906
*1 0.9614370465278625 3.6568628274835646E-5 -0.275052011013031 -224.75685119628906
*2 -0.023569613695144653 0.9963052868843079 -0.08252028375864029 -39.230873107910156
*1 0.9614370465278625 3.6568628274835646E-5 -0.275052011013031 -224.75685119628906
*2 -0.023569613695144653 0.9963052868843079 -0.08252028375864029 -39.230873107910156
*3 0.2740379869937897 0.08584912121295929 0.9578810930252075 -1214.536865234375
*1 0.9681163430213928 0.005123116075992584 -0.2504781484603882 -210.42982482910156
*1 0.9681163430213928 0.005123116075992584 -0.2504781484603882 -210.42982482910156
*2 -0.02933327667415142 0.9951993227005005 -0.09331201016902924 -39.25583267211914
*1 0.9681163430213928 0.005123116075992584 -0.2504781484603882 -210.42982482910156
*2 -0.02933327667415142 0.9951993227005005 -0.09331201016902924 -39.25583267211914
*3 0.24880275130271912 0.09771241992712021 0.963614284992218 -1240.20166015625
*1 0.9838376641273499 0.016965322196483612 -0.1782989501953125 -196.82435607910156
*1 0.9838376641273499 0.016965322196483612 -0.1782989501953125 -196.82435607910156
*2 -0.04368891566991806 0.9880967736244202 -0.1474631279706955 -29.829326629638672
*1 0.9838376641273499 0.016965322196483612 -0.1782989501953125 -196.82435607910156
*2 -0.04368891566991806 0.9880967736244202 -0.1474631279706955 -29.829326629638672
*3 0.17367969453334808 0.15289749205112457 0.972862184047699 -1293.1552734375
*1 0.9892082810401917 0.02200666069984436 -0.14490462839603424 -174.82623291015625
*1 0.9892082810401917 0.02200666069984436 -0.14490462839603424 -174.82623291015625
*2 -0.04557700827717781 0.9857426285743713 -0.16193655133247375 -14.271824836730957
*1 0.9892082810401917 0.02200666069984436 -0.14490462839603424 -174.82623291015625
*2 -0.04557700827717781 0.9857426285743713 -0.16193655133247375 -14.271824836730957
*3 0.1392798274755478 0.16682130098342896 0.9761019349098206 -1295.8355712890625
*1 0.9974166750907898 0.044484369456768036 -0.05653362721204758 -156.48812866210938
*1 0.9974166750907898 0.044484369456768036 -0.05653362721204758 -156.48812866210938
*2 -0.05575767531991005 0.9742572903633118 -0.21841011941432953 3.1104185581207275
*1 0.9974166750907898 0.044484369456768036 -0.05653362721204758 -156.48812866210938
*2 -0.05575767531991005 0.9742572903633118 -0.21841011941432953 3.1104185581207275
*3 0.04536709561944008 0.22102585434913635 0.9742138385772705 -1302.059326171875
*1 0.9962553977966309 0.04401016980409622 -0.0745200514793396 -137.69158935546875
*1 0.9962553977966309 0.04401016980409622 -0.0745200514793396 -137.69158935546875
*2 -0.0625486746430397 0.9609054923057556 -0.2696983516216278 19.986587524414063
*1 0.9962553977966309 0.04401016980409622 -0.0745200514793396 -137.69158935546875
*2 -0.0625486746430397 0.9609054923057556 -0.2696983516216278 19.986587524414063
*3 0.059741683304309845 0.2733769714832306 0.9600515365600586 -1263.697265625
*1 0.9976451992988586 0.05866994708776474 -0.03573109582066536 -126.69525909423828
*1 0.9976451992988586 0.05866994708776474 -0.03573109582066536 -126.69525909423828
*2 -0.06634761393070221 0.9565550684928894 -0.28388264775276184 33.481693267822266
*1 0.9976451992988586 0.05866994708776474 -0.03573109582066536 -126.69525909423828
*2 -0.06634761393070221 0.9565550684928894 -0.28388264775276184 33.481693267822266
*3 0.017527732998132706 0.28561219573020935 0.9581865668296814 -1243.481201171875
*1 0.9973031878471375 0.056884944438934326 -0.046531613916158676 -121.34281158447266
*1 0.9973031878471375 0.056884944438934326 -0.046531613916158676 -121.34281158447266
*2 -0.0676317811012268 0.9574119448661804 -0.2806730270385742 45.385345458984375
*1 0.9973031878471375 0.056884944438934326 -0.046531613916158676 -121.34281158447266
*2 -0.0676317811012268 0.9574119448661804 -0.2806730270385742 45.385345458984375
*3 0.02858816087245941 0.2830905318260193 0.9586686491966248 -1232.30908203125
*1 0.9975067973136902 0.05726611241698265 -0.041418109089136124 -119.01000213623047
*1 0.9975067973136902 0.05726611241698265 -0.041418109089136124 -119.01000213623047
*2 -0.06584935635328293 0.9651645421981812 -0.2532002031803131 54.373291015625
*1 0.9975067973136902 0.05726611241698265 -0.041418109089136124 -119.01000213623047
*2 -0.06584935635328293 0.9651645421981812 -0.2532002031803131 54.373291015625
*3 0.025479856878519058 0.2553239166736603 0.9665214419364929 -1229.70068359375
*1 0.9967647790908813 0.058961305767297745 -0.05475530028343201 -117.57229614257813
*1 0.9967647790908813 0.058961305767297745 -0.05475530028343201 -117.57229614257813
*2 -0.06973285973072052 0.9720869064331055 -0.22399412095546722 61.604801177978516
*1 0.9967647790908813 0.058961305767297745 -0.05475530028343201 -117.57229614257813
*2 -0.06973285973072052 0.9720869064331055 -0.22399412095546722 61.604801177978516
*3 0.04002416878938675 0.22711554169654846 0.9730466604232788 -1224.690185546875
*1 0.9945212006568909 0.05317257344722748 -0.09008277952671051 -115.5872573852539
*1 0.9945212006568909 0.05317257344722748 -0.09008277952671051 -115.5872573852539
*2 -0.07057742029428482 0.9765015840530396 -0.2035987377166748 67.5513916015625
*1 0.9945212006568909 0.05317257344722748 -0.09008277952671051 -115.5872573852539
*2 -0.07057742029428482 0.9765015840530396 -0.2035987377166748 67.5513916015625
*3 0.0771443098783493 0.20886901021003723 0.9748978018760681 -1222.8365478515625
*1 0.9954976439476013 0.06602327525615692 -0.06811923533678055 -112.41300964355469
*1 0.9954976439476013 0.06602327525615692 -0.06811923533678055 -112.41300964355469
*2 -0.08098646998405457 0.9650358557701111 -0.24927106499671936 74.4833755493164
*1 0.9954976439476013 0.06602327525615692 -0.06811923533678055 -112.41300964355469
*2 -0.08098646998405457 0.9650358557701111 -0.24927106499671936 74.4833755493164
*3 0.04928372800350189 0.253693163394928 0.9660300612449646 -1237.17333984375
*1 0.9939262270927429 0.05956178158521652 -0.0926176905632019 -105.00285339355469
*1 0.9939262270927429 0.05956178158521652 -0.0926176905632019 -105.00285339355469
*2 -0.07894327491521835 0.9715754389762878 -0.22315561771392822 86.58685302734375
*1 0.9939262270927429 0.05956178158521652 -0.0926176905632019 -105.00285339355469
*2 -0.07894327491521835 0.9715754389762878 -0.22315561771392822 86.58685302734375
*3 0.0766974687576294 0.22913958132266998 0.9703689217567444 -1257.3812255859375
*1 0.9932481646537781 0.0669369101524353 -0.09482906013727188 -94.52555084228516
*1 0.9932481646537781 0.0669369101524353 -0.09482906013727188 -94.52555084228516
*2 -0.08979640156030655 0.9605184197425842 -0.26330652832984924 99.39269256591797
*1 0.9932481646537781 0.0669369101524353 -0.09482906013727188 -94.52555084228516
*2 -0.08979640156030655 0.9605184197425842 -0.26330652832984924 99.39269256591797
*3 0.07346376031637192 0.27007153630256653 0.9600352644920349 -1268.5028076171875
*1 0.9940068125724792 0.06548517942428589 -0.08762045949697495 -80.88042449951172
*1 0.9940068125724792 0.06548517942428589 -0.08762045949697495 -80.88042449951172
*2 -0.08718624711036682 0.9577246308326721 -0.2741374373435974 113.71936798095703
*1 0.9940068125724792 0.06548517942428589 -0.08762045949697495 -80.88042449951172
*2 -0.08718624711036682 0.9577246308326721 -0.2741374373435974 113.71936798095703
*3 0.06596805900335312 0.28016114234924316 0.9576852917671204 -1267.1697998046875
*1 0.9942601919174194 0.07450727373361588 -0.0768798366189003 -66.98123931884766
*1 0.9942601919174194 0.07450727373361588 -0.0768798366189003 -66.98123931884766
*2 -0.09671399742364883 0.9324809312820435 -0.34801560640335083 127.69573211669922
*1 0.9942601919174194 0.07450727373361588 -0.0768798366189003 -66.98123931884766
*2 -0.09671399742364883 0.9324809312820435 -0.34801560640335083 127.69573211669922
*3 0.045762766152620316 0.3534800410270691 0.9343236684799194 -1260.5208740234375
*1 0.9934533834457397 0.07835009694099426 -0.0832282155752182 -54.10533142089844
*1 0.9934533834457397 0.07835009694099426 -0.0832282155752182 -54.10533142089844
*2 -0.10228533297777176 0.9338613748550415 -0.34268060326576233 141.8011932373047
*1 0.9934533834457397 0.07835009694099426 -0.0832282155752182 -54.10533142089844
*2 -0.10228533297777176 0.9338613748550415 -0.34268060326576233 141.8011932373047
*3 0.05087786540389061 0.34897685050964355 0.9357508420944214 -1249.13623046875
*1 0.9924086332321167 0.08251507580280304 -0.09127805382013321 -43.05201721191406
*1 0.9924086332321167 0.08251507580280304 -0.09127805382013321 -43.05201721191406
*2 -0.11425808072090149 0.8925731182098389 -0.4361737072467804 154.81072998046875
*1 0.9924086332321167 0.08251507580280304 -0.09127805382013321 -43.05201721191406
*2 -0.11425808072090149 0.8925731182098389 -0.4361737072467804 154.81072998046875
*3 0.04548441246151924 0.443317174911499 0.8952116966247559 -1229.0672607421875
*1 0.9918700456619263 0.08240693062543869 -0.0970480740070343 -34.41718673706055
*1 0.9918700456619263 0.08240693062543869 -0.0970480740070343 -34.41718673706055
*2 -0.11520218104124069 0.9048565626144409 -0.40981996059417725 170.6346435546875
*1 0.9918700456619263 0.08240693062543869 -0.0970480740070343 -34.41718673706055
*2 -0.11520218104124069 0.9048565626144409 -0.40981996059417725 170.6346435546875
*3 0.05404549837112427 0.41769400238990784 0.9069806337356567 -1234.4345703125
*1 0.9935566782951355 0.09939703345298767 -0.05459696054458618 -29.376049041748047
*1 0.9935566782951355 0.09939703345298767 -0.05459696054458618 -29.376049041748047
*2 -0.1114371120929718 0.9438968300819397 -0.31085336208343506 171.72726440429688
*1 0.9935566782951355 0.09939703345298767 -0.05459696054458618 -29.376049041748047
*2 -0.1114371120929718 0.9438968300819397 -0.31085336208343506 171.72726440429688
*3 0.02063905820250511 0.3149615526199341 0.9488816261291504 -1199.81689453125
*1 0.9851017594337463 0.11164171248674393 -0.13086660206317902 -31.07356071472168
*1 0.9851017594337463 0.11164171248674393 -0.13086660206317902 -31.07356071472168
*2 -0.1492818146944046 0.9325448274612427 -0.328731507062912 153.6485137939453
*1 0.9851017594337463 0.11164171248674393 -0.13086660206317902 -31.07356071472168
*2 -0.1492818146944046 0.9325448274612427 -0.328731507062912 153.6485137939453
*3 0.0853407233953476 0.34339669346809387 0.9353067278862 -1198.7843017578125
*1 0.986266016960144 0.11859364062547684 -0.11502275615930557 -34.27755355834961
*1 0.986266016960144 0.11859364062547684 -0.11502275615930557 -34.27755355834961
*2 -0.1387646645307541 0.9723162651062012 -0.18797539174556732 146.66661071777344
*1 0.986266016960144 0.11859364062547684 -0.11502275615930557 -34.27755355834961
*2 -0.1387646645307541 0.9723162651062012 -0.18797539174556732 146.66661071777344
*3 0.0895480141043663 0.2013828158378601 0.9754122495651245 -1204.935546875
*1 0.9768512845039368 0.12164928019046783 -0.17600661516189575 -40.341705322265625
*1 0.9768512845039368 0.12164928019046783 -0.17600661516189575 -40.341705322265625
*2 -0.14237645268440247 0.983586311340332 -0.1107979416847229 150.71316528320313
*1 0.9768512845039368 0.12164928019046783 -0.17600661516189575 -40.341705322265625
*2 -0.14237645268440247 0.983586311340332 -0.1107979416847229 150.71316528320313
*3 0.15964120626449585 0.13332068920135498 0.9781324863433838 -1218.4136962890625
*1 0.9900596141815186 0.11732874065637589 -0.0776606947183609 -47.68640899658203
*1 0.9900596141815186 0.11732874065637589 -0.0776606947183609 -47.68640899658203
*2 -0.1291189193725586 0.9766899347305298 -0.17144791781902313 158.8270263671875
*1 0.9900596141815186 0.11732874065637589 -0.0776606947183609 -47.68640899658203
*2 -0.1291189193725586 0.9766899347305298 -0.17144791781902313 158.8270263671875
*3 0.05573718994855881 0.17979925870895386 0.9821244478225708 -1225.6224365234375
*1 0.9783648252487183 0.10662424564361572 -0.17733794450759888 -50.001373291015625
*1 0.9783648252487183 0.10662424564361572 -0.17733794450759888 -50.001373291015625
*2 -0.1358964443206787 0.977291464805603 -0.1625511795282364 159.36378479003906
*1 0.9783648252487183 0.10662424564361572 -0.17733794450759888 -50.001373291015625
*2 -0.1358964443206787 0.977291464805603 -0.1625511795282364 159.36378479003906
*3 0.1559811532497406 0.18316203355789185 0.9706308841705322 -1198.791015625
#
#
#
#
#
#
#
#
#
#
#
#
*1 0.9789870381355286 0.08741866797208786 -0.18423478305339813 -89.8282470703125
*1 0.9789870381355286 0.08741866797208786 -0.18423478305339813 -89.8282470703125
*2 -0.11969056725502014 0.9777863621711731 -0.17206786572933197 140.80337524414063
*1 0.9789870381355286 0.08741866797208786 -0.18423478305339813 -89.8282470703125
*2 -0.11969056725502014 0.9777863621711731 -0.17206786572933197 140.80337524414063
*3 0.16510078310966492 0.19050410389900208 0.9677035808563232 -1246.9127197265625
*1 0.9878417253494263 0.0847371518611908 -0.13033904135227203 -101.83944702148438
*1 0.9878417253494263 0.0847371518611908 -0.13033904135227203 -101.83944702148438
*2 -0.10014040768146515 0.988119900226593 -0.11657712608575821 133.04177856445313
*1 0.9878417253494263 0.0847371518611908 -0.13033904135227203 -101.83944702148438
*2 -0.10014040768146515 0.988119900226593 -0.11657712608575821 133.04177856445313
*3 0.11891265213489532 0.12821267545223236 0.984592080116272 -1269.0462646484375
*1 0.9909680485725403 0.08415612578392029 -0.10440294444561005 -115.16326904296875
*1 0.9909680485725403 0.08415612578392029 -0.10440294444561005 -115.16326904296875
*2 -0.09730123728513718 0.9869895577430725 -0.12799768149852753 120.40950012207031
*1 0.9909680485725403 0.08415612578392029 -0.10440294444561005 -115.16326904296875
*2 -0.09730123728513718 0.9869895577430725 -0.12799768149852753 120.40950012207031
*3 0.0922732725739479 0.13700085878372192 0.9862639904022217 -1275.010986328125
*1 0.9917593598365784 0.07202351093292236 -0.10595177859067917 -129.12200927734375
*1 0.9917593598365784 0.07202351093292236 -0.10595177859067917 -129.12200927734375
*2 -0.0835702195763588 0.9905288815498352 -0.10893934965133667 105.38953399658203
*1 0.9917593598365784 0.07202351093292236 -0.10595177859067917 -129.12200927734375
*2 -0.0835702195763588 0.9905288815498352 -0.10893934965133667 105.38953399658203
*3 0.09710255265235901 0.11689672619104385 0.988385796546936 -1280.9547119140625
*1 0.9951873421669006 0.06434139609336853 -0.07390699535608292 -141.77297973632813
*1 0.9951873421669006 0.06434139609336853 -0.07390699535608292 -141.77297973632813
*2 -0.07706476747989655 0.9797509908676147 -0.184792622923851 87.70294952392578
*1 0.9951873421669006 0.06434139609336853 -0.07390699535608292 -141.77297973632813
*2 -0.07706476747989655 0.9797509908676147 -0.184792622923851 87.70294952392578
*3 0.060521069914102554 0.1895996481180191 0.979994535446167 -1278.2169189453125
*1 0.9973372220993042 0.05349314212799072 -0.04956648498773575 -151.8406219482422
*1 0.9973372220993042 0.05349314212799072 -0.04956648498773575 -151.8406219482422
*2 -0.06158379465341568 0.9818111658096313 -0.17959271371364594 67.73490905761719
*1 0.9973372220993042 0.05349314212799072 -0.04956648498773575 -151.8406219482422
*2 -0.06158379465341568 0.9818111658096313 -0.17959271371364594 67.73490905761719
*3 0.039058394730091095 0.18216772377490997 0.9824914932250977 -1264.143798828125
*1 0.9928285479545593 0.03907238319516182 -0.112981416285038 -154.72425842285156
*1 0.9928285479545593 0.03907238319516182 -0.112981416285038 -154.72425842285156
*2 -0.06107015535235405 0.9782209396362305 -0.19837692379951477 54.20671463012695
*1 0.9928285479545593 0.03907238319516182 -0.112981416285038 -154.72425842285156
*2 -0.06107015535235405 0.9782209396362305 -0.19837692379951477 54.20671463012695
*3 0.10277022421360016 0.2038547545671463 0.9735921621322632 -1225.576171875
*1 0.992797315120697 0.040642160922288895 -0.11270119994878769 -157.76788330078125
*1 0.992797315120697 0.040642160922288895 -0.11270119994878769 -157.76788330078125
*2 -0.05455043539404869 0.9908772110939026 -0.1232309564948082 48.36387252807617
*1 0.992797315120697 0.040642160922288895 -0.11270119994878769 -157.76788330078125
*2 -0.05455043539404869 0.9908772110939026 -0.1232309564948082 48.36387252807617
*3 0.10666517913341522 0.12849195301532745 0.985957682132721 -1219.2574462890625
*1 0.9908304214477539 0.0333908312022686 -0.13092005252838135 -156.68704223632813
*1 0.9908304214477539 0.0333908312022686 -0.13092005252838135 -156.68704223632813
*2 -0.05787450447678566 0.9804704785346985 -0.1879560351371765 44.385475158691406
*1 0.9908304214477539 0.0333908312022686 -0.13092005252838135 -156.68704223632813
*2 -0.05787450447678566 0.9804704785346985 -0.1879560351371765 44.385475158691406
*3 0.1220877394080162 0.19381019473075867 0.9734126925468445 -1204.892333984375
*1 0.99080890417099 0.02541082724928856 -0.13286064565181732 -154.29415893554688
*1 0.99080890417099 0.02541082724928856 -0.13286064565181732 -154.29415893554688
*2 -0.05041443929076195 0.9807981252670288 -0.188395157456398 42.31058120727539
*1 0.99080890417099 0.02541082724928856 -0.13286064565181732 -154.29415893554688
*2 -0.05041443929076195 0.9807981252670288 -0.188395157456398 42.31058120727539
*3 0.1255227029323578 0.19336241483688354 0.9730648398399353 -1200.60693359375
*1 0.9925134181976318 0.024984043091535568 -0.11955215036869049 -151.4510040283203
*1 0.9925134181976318 0.024984043091535568 -0.11955215036869049 -151.4510040283203
*2 -0.0472828708589077 0.9811213612556458 -0.18752163648605347 43.190757751464844
*1 0.9925134181976318 0.024984043091535568 -0.11955215036869049 -151.4510040283203
*2 -0.0472828708589077 0.9811213612556458 -0.18752163648605347 43.190757751464844
*3 0.11261063069105148 0.1917712539434433 0.9749577641487122 -1204.3992919921875
*1 0.9980602264404297 0.031042348593473434 -0.05396325886249542 -150.8045196533203
*1 0.9980602264404297 0.031042348593473434 -0.05396325886249542 -150.8045196533203
*2 -0.04205121472477913 0.9753255844116211 -0.21672779321670532 48.64887619018555
*1 0.9980602264404297 0.031042348593473434 -0.05396325886249542 -150.8045196533203
*2 -0.04205121472477913 0.9753255844116211 -0.21672779321670532 48.64887619018555
*3 0.0459044873714447 0.21857735514640808 0.9747393727302551 -1226.2413330078125
*1 0.998757541179657 0.03486718237400055 0.035598304122686386 -150.3036346435547
*1 0.998757541179657 0.03486718237400055 0.035598304122686386 -150.3036346435547
*2 -0.022962218150496483 0.9560926556587219 -0.29216232895851135 57.66856384277344
*1 0.998757541179657 0.03486718237400055 0.035598304122686386 -150.3036346435547
*2 -0.022962218150496483 0.9560926556587219 -0.29216232895851135 57.66856384277344
*3 -0.04422169551253319 0.290982723236084 0.9557057619094849 -1237.88330078125
*1 0.9988332986831665 0.04321367293596268 0.021546147763729095 -148.41949462890625
*1 0.9988332986831665 0.04321367293596268 0.021546147763729095 -148.41949462890625
*2 -0.03263896331191063 0.9330663084983826 -0.3582194745540619 69.26642608642578
*1 0.9988332986831665 0.04321367293596268 0.021546147763729095 -148.41949462890625
*2 -0.03263896331191063 0.9330663084983826 -0.3582194745540619 69.26642608642578
*3 -0.03558349609375 0.35709908604621887 0.9333885312080383 -1236.3900146484375
*1 0.9994334578514099 0.03258109465241432 0.008423646911978722 -146.94830322265625
*1 0.9994334578514099 0.03258109465241432 0.008423646911978722 -146.94830322265625
*2 -0.026856819167733192 0.9230919480323792 -0.3836395740509033 81.75235748291016
*1 0.9994334578514099 0.03258109465241432 0.008423646911978722 -146.94830322265625
*2 -0.026856819167733192 0.9230919480323792 -0.3836395740509033 81.75235748291016
*3 -0.02027471736073494 0.38319674134254456 0.9234443306922913 -1219.372314453125
*1 0.9993904232978821 0.03344239667057991 0.010004689916968346 -151.55003356933594
*1 0.9993904232978821 0.03344239667057991 0.010004689916968346 -151.55003356933594
*2 -0.02962428890168667 0.9641936421394348 -0.2635381817817688 92.545654296875
*1 0.9993904232978821 0.03344239667057991 0.010004689916968346 -151.55003356933594
*2 -0.02962428890168667 0.9641936421394348 -0.2635381817817688 92.545654296875
*3 -0.018459325656294823 0.2630818486213684 0.9645970463752747 -1234.237060546875
*1 0.9940133690834045 0.02221003919839859 -0.10697602480649948 -151.98934936523438
*1 0.9940133690834045 0.02221003919839859 -0.10697602480649948 -151.98934936523438
*2 -0.03998737037181854 0.9851371645927429 -0.16704851388931274 96.48394775390625
*1 0.9940133690834045 0.02221003919839859 -0.10697602480649948 -151.98934936523438
