#
#
#
#
#
#
#
#
#
#
#
#
#
#
#
#
#
#
#
#
#
#
#
#
#
#
#
#
#
#
#
#
#
#
#
#
#
#
#
#
#
#
#
#
#
#
#
#
#
#
#
#
#
#
#
#
#
#
#
#
#
#
#
#
#
#
#
#
#
#
#
#
#
#
#
#
#
#
#
#
#
#
#
#
#
#
#
#
#
#
#
#
#
#
#
#
#
#
#
#
#
#
#
#
#
#
#
#
#
#
#
#
#
#
#
#
#
#
#
#
#
#
#
#
#
#
#
#
#
#
#
#
#
#
#
#
#
#
#
#
#
#
#
#
#
#
#
#
#
#
#
#
#
#
#
#
#
#
#
#
#
#
#
#
#
#
#
#
#
#
#
#
#
#
#
#
#
#
#
#
#
#
#
#
#
#
#
#
#
#
#
#
#
#
#
#
#
#
#
#
#
#
#
#
#
#
#
#
#
#
#
#
#
#
#
#
#
#
#
#
#
#
#
#
#
#
#
#
#
#
#
#
#
#
#
#
#
#
#
#
#
#
#
#
#
#
#
#
#
#
#
#
#
#
#
#
#
#
#
#
#
#
#
#
#
#
#
#
#
#
#
#
#
#
#
#
#
#
#
#
#
#
#
#
#
#
#
#
#
#
#
#
#
#
#
#
#
#
#
#
#
#
#
#
#
#
#
#
#
#
#
#
#
#
#
#
#
#
#
#
#
#
#
#
#
#
#
#
#
#
#
#
#
#
#
#
#
#
#
#
#
#
#
#
#
#
#
#
#
#
#
#
#
#
#
#
#
#
#
#
#
#
#
#
#
#
#
#
#
#
#
#
#
#
#
#
#
#
#
#
#
#
#
#
#
#
#
#
#
#
#
#
#
#
#
#
#
#
#
#
#
#
#
#
#
#
#
#
#
#
#
#
#
#
#
#
#
#
#
#
#
#
#
#
#
#
#
#
#
#
#
#
#
#
#
#
#
#
#
#
#
#
#
#
#
#
#
#
#
#
#
#
#
#
#
#
#
#
#
#
#
#
#
#
#
#
#
#
#
#
#
#
#
#
#
#
#
#
#
#
#
#
#
#
#
#
#
#
#
#
#
#
#
#
#
#
#
#
#
#
#
#
#
#
#
#
#
#
#
#
#
#
#
#
#
#
#
#
#
#
#
#
#
#
#
#
#
#
#
#
#
#
#
#
#
#
#
#
#
#
#
#
#
#
#
#
#
#
#
#
#
#
#
#
#
#
#
#
#
#
#
#
#
#
#
#
#
#
#
#
#
#
#
#
#
#
#
#
#
#
#
#
#
#
#
#
#
#
#
#
#
#
#
#
#
#
#
#
#
#
#
#
#
#
#
#
#
#
#
#
#
#
#
#
#
#
#
#
#
#
#
#
#
#
#
#
#
#
#
#
#
#
#
#
#
#
#
#
#
#
#
#
#
#
#
#
#
#
#
#
#
#
#
#
#
#
#
#
#
#
#
#
#
#
#
#
#
#
#
#
#
#
#
#
#
#
#
#
#
#
#
#
#
#
#
#
#
#
#
#
#
#
#
#
#
#
#
#
#
#
#
#
#
#
#
#
#
#
#
#
#
#
#
#
#
#
#
#
#
#
#
#
#
#
#
#
#
#
#
#
#
#
#
#
#
#
#
#
#
#
#
#
#
#
#
#
#
#
#
#
#
#
#
#
#
#
#
#
#
#
#
#
#
#
#
#
#
#
#
#
#
#
#
#
#
#
#
#
#
#
#
#
#
#
#
#
#
* 0.9992550015449524 0.008494781330227852 -0.03764285892248154 -162.2618408203125 -0.008139644749462605 0.9999197125434875 0.009730065241456032 141.50929260253906 0.037721749395132065 -0.009416043758392334 0.9992440938949585 -572.4827270507813
* 0.9975780248641968 0.009096551686525345 -0.06895677745342255 -160.69679260253906 -0.01061816606670618 0.99970942735672 -0.02164842002093792 129.29042053222656 0.06873907148838043 0.022328566759824753 0.9973849058151245 -564.568115234375
* 0.9997678399085999 -0.007719469256699085 -0.020111238583922386 -163.0832061767578 0.008468571119010448 0.9992524981498718 0.03772326931357384 119.7091064453125 0.01980425789952278 -0.0378844290971756 0.9990859627723694 -575.4448852539063
* 0.9982255101203918 0.002028294373303652 -0.05950940400362015 -160.54721069335938 -0.002466959413141012 0.9999712109565735 -0.007202018052339554 102.91319274902344 0.059492327272892 0.007336440961807966 0.9982019066810608 -566.2839965820313
* 0.9972324967384338 0.0095622967928648 -0.07372622936964035 -158.50900268554688 -0.011169400997459888 0.9997100830078125 -0.02133840322494507 100.39265441894531 0.07350007444620132 0.022103212773799896 0.9970503449440002 -564.3138427734375
* 0.9992800354957581 -0.009737081825733185 0.036663975566625595 -160.76388549804688 0.008185903541743755 0.9990814924240112 0.04206731542944908 115.02545928955078 -0.03704065456986427 -0.04173649847507477 0.9984419345855713 -585.6017456054688
* 0.9973937273025513 -0.03874066472053528 0.06086430698633194 -157.016357421875 0.029565995559096336 0.9890031814575195 0.14491087198257446 134.71578979492188 -0.06580967456102371 -0.14273329079151154 0.9875710010528564 -590.5943603515625
* 0.9998136758804321 -0.0027865597512573004 0.019091498106718063 -150.06285095214844 0.0022949345875531435 0.9996744394302368 0.025421511381864548 152.24916076660156 -0.019156882539391518 -0.025372574105858803 0.9994945526123047 -585.6759643554688
* 0.9973125457763672 0.015623706392943859 -0.07157474011182785 -140.99620056152344 -0.019060874357819557 0.9986891150474548 -0.04751161113381386 153.6485137939453 0.070737823843956 0.048748575150966644 0.996303141117096 -571.1041870117188
* 0.9988284707069397 0.012526781298220158 -0.04673457145690918 -138.1581573486328 -0.013299155049026012 0.9997817873954773 -0.01612747833132744 147.79449462890625 0.04652155935764313 0.01673048734664917 0.9987772703170776 -572.8971557617188
* 0.9979036450386047 0.013303274288773537 -0.06332968920469284 -135.11888122558594 -0.015501035377383232 0.9992935061454773 -0.03424697741866112 140.3016357421875 0.06282856315374374 0.035157233476638794 0.9974049925804138 -568.78564453125
* 0.9970654249191284 0.012573229148983955 -0.07551039010286331 -133.6643524169922 -0.01476780604571104 0.9994850754737854 -0.028498172760009766 137.99061584472656 0.07511241734027863 0.029530037194490433 0.9967377781867981 -568.607666015625
* 0.9982346892356873 0.013613726943731308 -0.05780604109168053 -132.50245666503906 -0.015512353740632534 0.9993541836738586 -0.032422494143247604 134.46336364746094 0.0573265366256237 0.033262334764003754 0.9978012442588806 -569.0941772460938
* 0.996487021446228 0.015973301604390144 -0.08220581710338593 -130.42010498046875 -0.018797148019075394 0.9992581605911255 -0.033620987087488174 131.93081665039063 0.08160701394081116 0.035048484802246094 0.9960481524467468 -569.0419921875
* 0.9976526498794556 0.01280138548463583 -0.06726487725973129 -128.0902557373047 -0.015145329758524895 0.9992948770523071 -0.034365810453891754 135.10122680664063 0.06677673012018204 0.03530425578355789 0.9971432089805603 -572.9744873046875
* 0.9979715347290039 0.015591006726026535 -0.06171633303165436 -125.44807434082031 -0.01798979379236698 0.9991004467010498 -0.03840981051325798 138.69825744628906 0.06106117367744446 0.0394425243139267 0.9973545074462891 -574.2656860351563
* 0.9989253282546997 0.015347542241215706 -0.04372437298297882 -125.374267578125 -0.017686698585748672 0.9984121918678284 -0.05348813533782959 142.47259521484375 0.04283323884010315 0.05420435965061188 0.9976108074188232 -577.6072998046875
* 0.9973555207252502 0.01569640077650547 -0.0709572285413742 -124.99766540527344 -0.017336301505565643 0.9995974898338318 -0.022472452372312546 143.76235961914063 0.07057514041662216 0.02364351414144039 0.9972262978553772 -572.6822509765625
* 0.9968000054359436 0.017738353461027145 -0.07793991267681122 -126.51884460449219 -0.01910201460123062 0.9996782541275024 -0.016710855066776276 144.83348083496094 0.07761763036251068 0.018146531656384468 0.9968181252479553 -570.9281005859375
* 0.9971425533294678 0.016038186848163605 -0.07381663471460342 -127.3411636352539 -0.019364358857274055 0.9988226294517517 -0.044487301260232925 145.54495239257813 0.07301544398069382 0.0457899384200573 0.9962791800498962 -571.9517822265625
* 0.9970518946647644 0.017116792500019073 -0.0747920572757721 -127.01127624511719 -0.02013033628463745 0.9990112781524658 -0.03964729607105255 145.98924255371094 0.07403869181871414 0.041036345064640045 0.9964107871055603 -570.6732788085938
* 0.997128963470459 0.01309552788734436 -0.07457637041807175 -127.42184448242188 -0.014562110416591167 0.9997122883796692 -0.019077420234680176 147.96815490722656 0.07430429011583328 0.020108981058001518 0.9970329403877258 -572.1463623046875
* 0.9980955719947815 0.015963846817612648 -0.059577591717243195 -128.56417846679688 -0.017585573717951775 0.9994891881942749 -0.026697704568505287 152.1311798095703 0.059120163321495056 0.027694908902049065 0.9978667497634888 -576.2510375976563
* 0.9977631568908691 0.00937981903553009 -0.06617975980043411 -127.35152435302734 -0.010887214913964272 0.9996908903121948 -0.022365273907780647 154.453125 0.0659487396478653 0.023036116734147072 0.9975571632385254 -572.6791381835938
* 0.998158872127533 0.011922761797904968 -0.05946291983127594 -127.63201904296875 -0.013817218132317066 0.9994100332260132 -0.031451739370822906 155.6210174560547 0.05905206501483917 0.032215796411037445 0.9977350831031799 -573.8966674804688
* 0.9982399940490723 0.014306490309536457 -0.05754372850060463 -127.9453125 -0.016685176640748978 0.9990212917327881 -0.04096859693527222 155.19651794433594 0.0569005087018013 0.04185697063803673 0.9975022077560425 -575.0018920898438
* 0.9976239204406738 0.01765778660774231 -0.06658605486154556 -128.15174865722656 -0.020812850445508957 0.9986827969551086 -0.046902332454919815 153.1764373779297 0.06566938012838364 0.0481770820915699 0.9966778755187988 -573.9185791015625
* 0.9973596930503845 0.017143892124295235 -0.07056018710136414 -127.72982025146484 -0.018873652443289757 0.9995378255844116 -0.023837918415665627 152.2939453125 0.07011812180280685 0.025107042863965034 0.9972228407859802 -572.8995361328125
* 0.9976003766059875 0.01801440678536892 -0.06684216111898422 -127.33424377441406 -0.020770231261849403 0.998956561088562 -0.04067706689238548 152.0883331298828 0.06603886932134628 0.04196812957525253 0.996934175491333 -572.7405395507813
* 0.9973303079605103 0.017018551006913185 -0.07100306451320648 -126.47653198242188 -0.019450346007943153 0.9992456436157227 -0.033616580069065094 151.974609375 0.07037663459777832 0.03490820899605751 0.9969095587730408 -569.9463500976563
* 0.9973269104957581 0.018137751147150993 -0.07077301293611526 -126.7669448852539 -0.020807765424251556 0.9990954399108887 -0.03709004819393158 152.82345581054688 0.07003551721572876 0.03846387565135956 0.9968027472496033 -571.109130859375
* 0.9967065453529358 0.020717225968837738 -0.07839353382587433 -126.14313507080078 -0.02195807918906212 0.9996477365493774 -0.014924934133887291 152.67138671875 0.0780559703707695 0.016597487032413483 0.9968108534812927 -569.1519775390625
* 0.9968035221099854 0.02342236414551735 -0.07637370377779007 -125.92723083496094 -0.02661210112273693 0.9988073706626892 -0.04094062000513077 153.30575561523438 0.0753229483962059 0.0428425595164299 0.9962384700775146 -571.757080078125
* 0.9963350296020508 0.01984817534685135 -0.08319520205259323 -124.37816619873047 -0.023436587303876877 0.9988299012184143 -0.04230910912156105 152.63731384277344 0.08225736021995544 0.044104188680648804 0.9956348538398743 -572.4334716796875
* 0.996945858001709 0.01853470504283905 -0.07585709542036057 -122.07634735107422 -0.020800409838557243 0.9993599653244019 -0.02911027893424034 151.20217895507813 0.07526825368404388 0.030599551275372505 0.9966938495635986 -569.6839599609375
* 0.9978258013725281 0.017993394285440445 -0.06339405477046967 -121.99918365478516 -0.020594283938407898 0.9989665746688843 -0.04052266478538513 152.14907836914063 0.06259866058826447 0.04174044355750084 0.9971656799316406 -573.1914672851563
* 0.9961833953857422 0.02043643221259117 -0.08485246449708939 -122.2142333984375 -0.02331158146262169 0.9991848468780518 -0.032963577657938004 152.00160217285156 0.08410891890525818 0.034816138446331024 0.9958482384681702 -570.3358764648438
* 0.9980970621109009 0.01907830499112606 -0.05862824246287346 -124.83768463134766 -0.022065376862883568 0.9984738826751709 -0.05063074827194214 154.6415252685547 0.05757208913564682 0.05182838812470436 0.996995210647583 -575.6054077148438
* 0.9960160851478577 0.019323792308568954 -0.08704838156700134 -125.39722442626953 -0.022665107622742653 0.9990400671958923 -0.03749387338757515 154.92791748046875 0.08623956143856049 0.039317794144153595 0.9954984188079834 -572.75146484375
* 0.997347354888916 0.023776520043611526 -0.06878777593374252 -126.21488952636719 -0.025774355977773666 0.9992697834968567 -0.028217924758791924 155.31202697753906 0.06806586682796478 0.02991636097431183 0.9972323179244995 -571.5466918945313
* 0.9967120885848999 0.012556650675833225 -0.08003859221935272 -126.46649932861328 -0.01434557605534792 0.9996610879898071 -0.021742405369877815 154.8548583984375 0.07973772287368774 0.022819465026259422 0.9965547919273376 -569.421142578125
* 0.9979823231697083 0.016554486006498337 -0.061286091804504395 -127.3956069946289 -0.01973150111734867 0.99847811460495 -0.05150669813156128 155.825439453125 0.06033940613269806 0.052612390369176865 0.9967905282974243 -573.1498413085938
* 0.9979330897331238 0.01661219261586666 -0.062066614627838135 -126.70038604736328 -0.017628971487283707 0.9997205138206482 -0.015777096152305603 155.85545349121094 0.06178642809391022 0.01683899387717247 0.9979474544525146 -571.75
* 0.9968896508216858 0.01783009245991707 -0.07675796002149582 -126.03372955322266 -0.020621282979846 0.9991520047187805 -0.03565002232789993 155.14816284179688 0.07605648040771484 0.03712233155965805 0.9964123964309692 -570.6222534179688
* 0.9977388978004456 0.015987543389201164 -0.06527005136013031 -126.3541259765625 -0.01831849291920662 0.999213457107544 -0.0351824015378952 154.6256561279297 0.06465549021959305 0.03629884868860245 0.9972473978996277 -572.3258056640625
* 0.9974879026412964 0.02094908244907856 -0.06765875220298767 -126.3726806640625 -0.023455824702978134 0.9990629553794861 -0.03638402745127678 153.55625915527344 0.06683238595724106 0.03787997364997864 0.9970450401306152 -571.9791259765625
* 0.9967972040176392 0.018821699544787407 -0.07771620899438858 -125.88033294677734 -0.020637353882193565 0.9995330572128296 -0.022551143541932106 151.4759979248047 0.07725472003221512 0.024083128198981285 0.9967206120491028 -568.3045654296875
* 0.9976947903633118 0.014354183338582516 -0.06631674617528915 -127.17484283447266 -0.01639501564204693 0.9994084239006042 -0.030245300382375717 151.3020477294922 0.06584262102842331 0.03126320242881775 0.9973402619361877 -572.19677734375
* 0.9981067180633545 0.024862565100193024 -0.056247275322675705 -127.33393096923828 -0.027864035218954086 0.9981998205184937 -0.05311743542551994 150.78790283203125 0.05482463538646698 0.054584503173828125 0.9970030188560486 -573.6972045898438
* 0.9981779456138611 0.015828179195523262 -0.05821654945611954 -126.41461944580078 -0.017206966876983643 0.9995840787887573 -0.02315930277109146 149.7147979736328 0.05782504007220268 0.024119196459650993 0.9980354905128479 -571.3739624023438
* 0.9981321692466736 0.016149334609508514 -0.05890890955924988 -126.21029663085938 -0.01800348609685898 0.9993581175804138 -0.03098186105489731 149.94833374023438 0.058370042592287064 0.031984925270080566 0.9977826476097107 -572.0181884765625
* 0.9974741339683533 0.02056238241493702 -0.06798142939805984 -126.23675537109375 -0.022647367790341377 0.9992949366569519 -0.029956646263599396 150.01602172851563 0.06731680035591125 0.03142094612121582 0.997236967086792 -570.8770141601563
* 0.9979522824287415 0.018238551914691925 -0.06129857525229454 -127.05632019042969 -0.02056036703288555 0.9990904331207275 -0.03736701235175133 151.128173828125 0.06056058779358864 0.038551196455955505 0.9974199533462524 -572.5771484375
* 0.9975245594978333 0.017329266294836998 -0.06814288347959518 -127.05445098876953 -0.019440243020653725 0.9993505477905273 -0.03035270981490612 151.806640625 0.06757193803787231 0.03160266950726509 0.9972139596939087 -571.607177734375
* 0.9973191618919373 0.017753638327121735 -0.07098054885864258 -127.0181655883789 -0.02058674767613411 0.9990156888961792 -0.03930084779858589 152.12789916992188 0.07021225243806839 0.040657129138708115 0.9967033863067627 -570.8552856445313
* 0.9968534111976624 0.01912841945886612 -0.07691750675439835 -127.59867858886719 -0.02225794829428196 0.9989535808563232 -0.03996118903160095 152.12179565429688 0.07607193291187286 0.04154783859848976 0.9962365627288818 -572.896240234375
* 0.9963950514793396 0.021800661459565163 -0.08197940140962601 -127.35440826416016 -0.024597134441137314 0.9991467595100403 -0.03318624198436737 149.84060668945313 0.08118526637554169 0.03508341684937477 0.9960815906524658 -570.1935424804688
* 0.9958178400993347 0.023553796112537384 -0.08826618641614914 -127.309814453125 -0.025822147727012634 0.9993646144866943 -0.02457941323518753 149.0157012939453 0.08763047307729721 0.02675619348883629 0.995793879032135 -570.0083618164063
* 0.9968293309211731 0.019232748076319695 -0.07720297574996948 -127.46739959716797 -0.02182699926197529 0.999222993850708 -0.032824888825416565 149.7476043701172 0.0765109732747078 0.03440627083182335 0.9964751601219177 -570.9260864257813
* 0.9970577955245972 0.019923284649848938 -0.07401132583618164 -128.22821044921875 -0.022785959765315056 0.9990197420120239 -0.03795827925205231 149.76962280273438 0.07318181544542313 0.03953336924314499 0.9965350031852722 -573.0590209960938
* 0.9968246221542358 0.01943805068731308 -0.07721206545829773 -128.0977325439453 -0.021811064332723618 0.9993141889572144 -0.029933955520391464 148.1063232421875 0.07657655328512192 0.03152332827448845 0.9965655207633972 -569.8829956054688
* 0.9964103102684021 0.02243402600288391 -0.08162165433168411 -129.4295654296875 -0.0242071021348238 0.9994924664497375 -0.02072664350271225 148.0465087890625 0.08111454546451569 0.022628404200077057 0.9964481592178345 -570.3692016601563
* 0.9969241619110107 0.015893442556262016 -0.07673709839582443 -131.92453002929688 -0.018149472773075104 0.9994231462478638 -0.028715593740344048 145.7694549560547 0.07623575627803802 0.03002035617828369 0.9966381192207336 -574.1567993164063
* 0.9989402890205383 0.011605262756347656 -0.04452596977353096 -134.47412109375 -0.011640284210443497 0.9999324679374695 -3.9634108543395996E-4 137.61306762695313 0.04451765492558479 9.145550429821014E-4 0.9990085363388062 -575.8884887695313
* 0.9953510165214539 0.01849508285522461 -0.09451521933078766 -134.7466278076172 -0.019418731331825256 0.9997730255126953 -0.00880015641450882 127.96708679199219 0.0943303182721138 0.010594947263598442 0.9954850077629089 -568.4646606445313
* 0.9969571232795715 0.021228568628430367 -0.07499755918979645 -137.5996856689453 -0.02411959506571293 0.9989953637123108 -0.03777678683400154 129.24252319335938 0.07411956787109375 0.0394711010158062 0.9964683055877686 -574.5211791992188
* 0.9993427991867065 0.014132021926343441 -0.03336405009031296 -139.42787170410156 -0.014923814684152603 0.999614417552948 -0.023427287116646767 136.26527404785156 0.033019401133060455 0.023910164833068848 0.9991690516471863 -580.0026245117188
* 0.998187780380249 0.012042071670293808 -0.05894986540079117 -138.89280700683594 -0.011806665919721127 0.9999207258224487 0.004438918083906174 142.49649047851563 0.05899795517325401 -0.0037345346063375473 0.9982515573501587 -576.0858154296875
* 0.9985583424568176 0.016737325116991997 -0.05099070444703102 -138.8567352294922 -0.01710706576704979 0.9998314380645752 -0.006708523258566856 148.30487060546875 0.05086912587285042 0.007571494206786156 0.9986770749092102 -574.51318359375
* 0.9973136186599731 0.02124626748263836 -0.0700942724943161 -138.3391571044922 -0.023566434159874916 0.9991987943649292 -0.03235712647438049 148.8990478515625 0.06934995949268341 0.033922433853149414 0.9970158934593201 -571.577880859375
* 0.9976565837860107 0.019613392651081085 -0.06554233282804489 -138.6436767578125 -0.022016774863004684 0.9991073608398438 -0.03605980426073074 148.7076416015625 0.06477588415145874 0.037418682128190994 0.9971984624862671 -573.4302978515625
* 0.9978512525558472 0.022711075842380524 -0.06145167723298073 -138.0010986328125 -0.025255456566810608 0.998846173286438 -0.040853094309568405 148.47476196289063 0.06045224890112877 0.04231764003634453 0.9972740411758423 -575.1014404296875
* 0.9961140155792236 0.026405461132526398 -0.08401691913604736 -135.226318359375 -0.029962485656142235 0.9986980557441711 -0.04129113629460335 145.91009521484375 0.08281653374433517 0.0436483770608902 0.9956088066101074 -571.0120239257813
* 0.9980175495147705 0.01971139758825302 -0.0597650408744812 -134.0891571044922 -0.022658927366137505 0.998544454574585 -0.04894949123263359 142.65463256835938 0.058712493628263474 0.0502069927752018 0.9970119595527649 -574.2974243164063
* 0.9953873753547668 0.02178281918168068 -0.09342826157808304 -131.54098510742188 -0.024140171706676483 0.9994179010391235 -0.024113144725561142 138.48863220214844 0.09284795075654984 0.02625761367380619 0.9953343272209167 -568.1786499023438
* 0.9983736276626587 0.01796375960111618 -0.05410027876496315 -132.53257751464844 -0.01938418485224247 0.9994810223579407 -0.02573750540614128 142.51084899902344 0.053609173744916916 0.026744654402136803 0.9982040524482727 -574.708740234375
* 0.998862087726593 0.01747691072523594 -0.0443669818341732 -133.71128845214844 -0.017834514379501343 0.999812662601471 -0.007545759901404381 149.11170959472656 0.044226109981536865 0.008328748866915703 0.998987078666687 -576.5890502929688
* 0.9986858367919922 0.017626425251364708 -0.04811786860227585 -134.06491088867188 -0.01870802231132984 0.9995831251144409 -0.021999526768922806 154.6529083251953 0.047709353268146515 0.022871121764183044 0.9985997080802917 -575.3229370117188
#
#
#
* 0.9956551790237427 0.026225922629237175 -0.08934631943702698 -129.26455688476563 -0.028207341209053993 0.9993818402290344 -0.020983561873435974 151.59202575683594 0.0887407585978508 0.02341260015964508 0.9957796335220337 -568.598388671875
* 0.9959130883216858 0.02688601426780224 -0.08622121810913086 -131.12855529785156 -0.02974369004368782 0.9990442991256714 -0.03202870860695839 149.80076599121094 0.08527767658233643 0.0344623364508152 0.9957610964775085 -572.3770141601563
* 0.9978495836257935 0.02511689066886902 -0.06054071709513664 -132.4815673828125 -0.026775475591421127 0.9992837905883789 -0.026737898588180542 147.87713623046875 0.05982576683163643 0.028301391750574112 0.9978075623512268 -572.7488403320313
* 0.9946236610412598 0.026121173053979874 -0.1002068817615509 -131.97775268554688 -0.028508108109235764 0.9993411898612976 -0.022459588944911957 144.32095336914063 0.09955417364835739 0.0251955296844244 0.9947131276130676 -567.404541015625
* 0.9956392645835876 0.024736499413847923 -0.08994738012552261 -131.8104705810547 -0.02650495246052742 0.9994771480560303 -0.018516715615987778 142.14791870117188 0.08944229036569595 0.020820003002882004 0.9957743883132935 -567.5369873046875
* 0.9969968795776367 0.026208583265542984 -0.07287148386240005 -132.12925720214844 -0.027378547936677933 0.9995110630989075 -0.015098742209374905 141.2753448486328 0.07244011014699936 0.01704849675297737 0.9972270131111145 -570.3568115234375
* 0.9962297677993774 0.0243102815002203 -0.08327718079090118 -132.0147705078125 -0.026483945548534393 0.9993341565132141 -0.025093382224440575 140.09222412109375 0.08261168003082275 0.027204269543290138 0.9962103962898254 -570.7275390625
* 0.997394323348999 0.02312087081372738 -0.06833706051111221 -132.32217407226563 -0.023200221359729767 0.9997307062149048 -3.6319796345196664E-4 141.38999938964844 0.0683102235198021 0.0019476725719869137 0.9976621866226196 -570.6144409179688
* 0.9969768524169922 0.02242063172161579 -0.07439365983009338 -133.55630493164063 -0.02498660795390606 0.9991182684898376 -0.03373820707201958 143.44256591796875 0.0735716000199318 0.03549504652619362 0.9966580867767334 -572.0957641601563
* 0.9962987303733826 0.022851355373859406 -0.08286535739898682 -134.25547790527344 -0.025103459134697914 0.9993405342102051 -0.026234768331050873 145.40545654296875 0.08221116662025452 0.0282178595662117 0.9962154030799866 -570.6445922851563
* 0.9975438117980957 0.022316722199320793 -0.0663946345448494 -135.87689208984375 -0.024735378101468086 0.9990517497062683 -0.03582744300365448 147.49183654785156 0.06553207337856293 0.03738172724843025 0.9971500635147095 -574.8529052734375
* 0.997058629989624 0.026874888688325882 -0.07177548855543137 -135.24520874023438 -0.030509471893310547 0.998281717300415 -0.050027087330818176 148.26255798339844 0.07030763477087021 0.05206975340843201 0.9961655139923096 -574.093994140625
* 0.9969569444656372 0.023746492341160774 -0.0742487758398056 -133.94570922851563 -0.026904111728072166 0.9987630248069763 -0.041816409677267075 148.65565490722656 0.07316388934850693 0.04368674010038376 0.9963626861572266 -572.8677978515625
* 0.9969825148582458 0.02520022727549076 -0.07342265546321869 -132.9451141357422 -0.027580223977565765 0.9991207122802734 -0.03157894313335419 148.15956115722656 0.07256224006414413 0.033508654683828354 0.9968008995056152 -570.8450317382813
* 0.9965614676475525 0.021375983953475952 -0.08005274087190628 -132.2003173828125 -0.02200411446392536 0.9997336864471436 -0.006968490779399872 147.09742736816406 0.07988239824771881 0.008706007152795792 0.9967662692070007 -568.3212280273438
* 0.9972777366638184 0.020542724058032036 -0.07081656157970428 -132.5549774169922 -0.021788962185382843 0.9996204376220703 -0.016866128891706467 147.93077087402344 0.07044313848018646 0.018363220617175102 0.9973467588424683 -570.8470458984375
* 0.9966380000114441 0.021998301148414612 -0.07892291247844696 -132.58200073242188 -0.023585103452205658 0.9995370507240295 -0.01922602951526642 148.19773864746094 0.0784633681178093 0.021022774279117584 0.996695339679718 -571.6279907226563
* 0.9958539009094238 0.027479369193315506 -0.08671777695417404 -131.80618286132813 -0.030132019892334938 0.9991127848625183 -0.029426245018839836 147.89222717285156 0.08583217114210129 0.03191719949245453 0.9957982897758484 -569.4578247070313
* 0.9956026673316956 0.023060612380504608 -0.09079406410455704 -131.6202392578125 -0.023445220664143562 0.9997201561927795 -0.0031682136468589306 148.1433563232422 0.09069555252790451 0.005282944533973932 0.9958646893501282 -568.4336547851563
* 0.9957618117332458 0.022938571870326996 -0.08906332403421402 -131.85922241210938 -0.02354344166815281 0.9997063279151917 -0.005743228364735842 148.3300018310547 0.08890538662672043 0.007815719582140446 0.9960094094276428 -567.2542724609375
* 0.9972650408744812 0.024179456755518913 -0.06984132528305054 -133.24497985839844 -0.026647960767149925 0.9990449547767639 -0.03462723642587662 150.23097229003906 0.06893732398748398 0.03639363497495651 0.9969568848609924 -571.8410034179688
* 0.9977068305015564 0.02000187151134014 -0.06466095894575119 -133.43426513671875 -0.022079644724726677 0.9992574453353882 -0.031575072556734085 151.51315307617188 0.06398133933544159 0.03293034806847572 0.9974075555801392 -572.6359252929688
* 0.9959601163864136 0.02273019589483738 -0.08687195926904678 -132.53244018554688 -0.02428504452109337 0.9995625019073486 -0.016879726201295853 151.11053466796875 0.0864502340555191 0.018921218812465668 0.9960763454437256 -569.1708374023438
* 0.9973516464233398 0.01963162235915661 -0.07002953439950943 -132.3245849609375 -0.020604534074664116 0.9997006058692932 -0.013192843645811081 151.79092407226563 0.06974953413009644 0.014600838534533978 0.9974574446678162 -570.7505493164063
* 0.9954858422279358 0.026983531191945076 -0.09099216759204865 -132.11444091796875 -0.029697120189666748 0.999149739742279 -0.02859729900956154 151.85366821289063 0.0901430994272232 0.031170424073934555 0.9954407215118408 -569.8242797851563
* 0.9969146251678467 0.0233426783233881 -0.07494118064641953 -132.71788024902344 -0.025575775653123856 0.9992528557777405 -0.028973130509257317 151.86865234375 0.0742088332772255 0.03080042451620102 0.9967668056488037 -570.2755126953125
* 0.9983175992965698 0.01862393319606781 -0.054908327758312225 -133.88768005371094 -0.020582977682352066 0.999163806438446 -0.03532514348626137 152.52908325195313 0.054204490035772324 0.03639589250087738 0.997866153717041 -573.5283813476563
* 0.9973905682563782 0.027764765545725822 -0.06663986295461655 -134.74691772460938 -0.030526841059327126 0.998701274394989 -0.040788259357213974 150.0431671142578 0.06542079895734787 0.04271615296602249 0.9969428181648254 -572.4550170898438
* 0.9962238073348999 0.024350039660930634 -0.08333594352006912 -137.06614685058594 -0.026897713541984558 0.9992002248764038 -0.029581734910607338 148.1765594482422 0.08254893869161606 0.03171161189675331 0.9960821270942688 -572.0887451171875
* 0.9964961409568787 0.02163580432534218 -0.08078961819410324 -138.27304077148438 -0.02176925167441368 0.9997624754905701 -7.666092133149505E-4 147.53802490234375 0.08075380325317383 0.0025226890575140715 0.996730625629425 -569.2089233398438
* 0.998907744884491 0.019041473045945168 -0.042663879692554474 -141.77825927734375 -0.020364833995699883 0.9993181824684143 -0.03079298697412014 153.71151733398438 0.04204839468002319 0.03162824362516403 0.998614490032196 -577.6055908203125
#
#
#
#
#
#
#
#
#
#
#
#
#
#
#
#
#
#
#
#
#
#
#
#
#
#
#
#
#
#
#
#
#
#
#
#
#
#
#
#
#
#
#
#
#
#
#
#
#
#
#
#
#
#
#
#
#
#
#
#
#
#
#
#
#
#
#
#
#
#
#
#
#
#
#
#
#
#
#
#
#
#
#
#
#
#
#
#
#
#
#
#
#
#
#
#
#
#
#
#
#
#
#
#
#
#
#
#
#
#
#
#
#
#
#
#
#
#
#
#
#
#
#
#
#
#
#
#
#
#
#
#
#
#
#
#
#
#
#
#
#
#
#
#
#
#
#
#
#
#
#
#
#
#
#
#
#
#
#
#
#
#
#
#
#
#
#
#
#
#
#
#
#
#
#
#
#
#
#
#
#
#
#
#
#
#
#
#
#
#
#
#
#
#
#
#
#
#
#
#
#
#
#
#
#
#
#
#
#
#
#
#
#
#
#
#
#
#
#
#
#
#
#
#
#
#
#
#
#
#
#
#
#
#
#
#
#
#
#
#
#
#
#
#
#
#
#
#
#
#
#
#
#
#
#
#
#
#
#
#
#
#
#
#
#
#
#
#
#
#
#
#
#
#
#
#
#
#
#
#
#
#
#
#
#
#
#
#
#
#
#
#
#
#
#
#
#
#
#
#
#
#
#
#
#
#
#
#
#
#
#
#
#
#
#
#
#
#
#
#
#
#
#
#
#
#
#
#
#
#
#
#
#
#
#
#
#
#
#
#
#
#
#
#
#
#
#
#
#
#
#
#
#
#
#
#
#
#
#
#
#
#
#
#
#
#
#
#
#
#
#
#
#
#
#
#
#
#
#
#
#
#
#
#
#
#
#
#
#
#
#
#
#
#
#
#
#
* 0.34541088342666626 -0.9050297141075134 -0.2482195347547531 -182.76040649414063 0.2802048921585083 0.35188671946525574 -0.8931081295013428 94.09526824951172 0.8956406116485596 0.2389283925294876 0.37515291571617126 -443.2646179199219
#
#
#
#
#
#
#
#
#
#
#
#
#
#
#
#
#
#
#
#
#
#
#
#
#
#
#
#
#
#
#
#
#
#
#
#
#
#
#
#
#
#
#
#
#
#
#
#
#
#
#
#
#
#
#
#
#
#
#
#
#
#
#
#
#
#
#
#
#
#
#
#
#
#
#
#
#
#
#
#
#
#
#
#
#
#
#
#
#
#
#
#
#
#
#
#
#
#
#
#
#
#
#
#
#
#
#
#
#
#
#
#
#
#
#
#
#
#
#
#
#
#
#
#
#
#
#
#
#
#
#
#
#
#
#
#
#
#
#
#
#
#
#
#
#
#
#
#
#
#
#
#
#
#
#
#
#
#
#
#
#
#
#
#
#
#
#
#
#
#
#
#
#
#
#
#
#
#
#
#
#
#
#
#
#
#
#
#
#
#
#
#
#
#
#
#
#
#
#
#
#
#
* 0.9982094764709473 0.03428313508629799 -0.04905913025140762 -105.90782928466797 -0.03707179054617882 0.9975866079330444 -0.05866147205233574 152.71484375 0.04693714156746864 0.06037280336022377 0.997071385383606 -574.9821166992188
* 0.9969248175621033 0.03709903359413147 -0.06905896961688995 -104.77912139892578 -0.0399673730134964 0.9983274340629578 -0.04170787334442139 146.54110717773438 0.067403644323349 0.04433738440275192 0.9967398643493652 -571.6541137695313
* 0.9972041249275208 0.036422692239284515 -0.06528261303901672 -103.82466125488281 -0.03847048804163933 0.9987595081329346 -0.03152806684374809 142.28933715820313 0.06406079232692719 0.033949028700590134 0.9973680973052979 -570.2871704101563
* 0.9968871474266052 0.03808293864130974 -0.0690661147236824 -103.03682708740234 -0.04055413976311684 0.9985324740409851 -0.03581595420837402 137.98672485351563 0.0676082894206047 0.038503050804138184 0.9969684481620789 -569.5035400390625
* 0.9963269829750061 0.038723669946193695 -0.07640308141708374 -103.72474670410156 -0.04011036083102226 0.9990363717079163 -0.01766284927725792 132.57472229003906 0.07565298676490784 0.020660197362303734 0.9969198703765869 -569.4916381835938
* 0.9965924024581909 0.03598510101437569 -0.0742492750287056 -105.98799133300781 -0.037332337349653244 0.9991410970687866 -0.01782836765050888 126.42936706542969 0.07355143874883652 0.02053714357316494 0.9970797300338745 -569.109619140625
* 0.9969272017478943 0.03335753083229065 -0.0709061473608017 -109.1987533569336 -0.03610747680068016 0.998587429523468 -0.038909152150154114 120.96627807617188 0.06951554119586945 0.041347455233335495 0.9967233538627625 -571.3843383789063
* 0.9973047971725464 0.0331692136824131 -0.06547606736421585 -112.30579376220703 -0.037367504090070724 0.9971745014190674 -0.06512431800365448 114.4919662475586 0.06313841044902802 0.06739310175180435 0.995726466178894 -575.1176147460938
* 0.9960449934005737 0.03410457447171211 -0.08206848055124283 -113.37610626220703 -0.03436445817351341 0.999403178691864 -0.0026455330662429333 105.2881851196289 0.08193672448396683 0.0054529025219380856 0.9966223239898682 -568.85400390625
* 0.9955552220344543 0.03302239999175072 -0.08822249621152878 -115.52661895751953 -0.03470680117607117 0.9992244243621826 -0.01845938339829445 98.52062225341797 0.08755194395780563 0.02143685519695282 0.995928943157196 -566.492431640625
* 0.99559086561203 0.03244626522064209 -0.0880337804555893 -117.76534271240234 -0.0355696827173233 0.9987520575523376 -0.03498494252562523 94.81037139892578 0.08679622411727905 0.03795962035655975 0.9955023527145386 -568.5787963867188
* 0.9932381510734558 0.032337237149477005 -0.11151683330535889 -116.81959533691406 -0.036087021231651306 0.9988195896148682 -0.03243209794163704 89.70722961425781 0.11034386605024338 0.03623470291495323 0.9932325482368469 -565.0435791015625
* 0.9969195127487183 0.03965548053383827 -0.06769466400146484 -116.2718276977539 -0.04134684428572655 0.9988327026367188 -0.02486233599483967 91.4819564819336 0.06663715839385986 0.027582351118326187 0.9973957538604736 -569.5551147460938
* 0.9939460158348083 0.034862205386161804 -0.10420959442853928 -117.26475524902344 -0.03578478470444679 0.9993270635604858 -0.0076975105330348015 95.49878692626953 0.10387856513261795 0.011377624236047268 0.9945247173309326 -565.74853515625
* 0.9921023845672607 0.03440442308783531 -0.12063514441251755 -124.39945983886719 -0.03989189863204956 0.9982327222824097 -0.04398384690284729 99.19461059570313 0.11891614645719528 0.048446472734212875 0.9917214512825012 -568.4352416992188
* 0.9958076477050781 0.03116905689239502 -0.08601920306682587 -130.0442352294922 -0.033923693001270294 0.9989217519760132 -0.03160703182220459 98.07245635986328 0.08494871854782104 0.034390196204185486 0.9957914352416992 -568.274658203125
* 0.993753969669342 0.03211294859647751 -0.1068904921412468 -129.93057250976563 -0.03313370421528816 0.9994122982025146 -0.008470767177641392 95.4057846069336 0.10656307637691498 0.011957107111811638 0.9942338466644287 -564.3462524414063
* 0.9946915507316589 0.03345801681280136 -0.09732920676469803 -130.22213745117188 -0.033402398228645325 0.9994382262229919 0.001452298485673964 98.33196258544922 0.09733054041862488 0.0018040158320218325 0.9952502846717834 -564.755126953125
* 0.995453417301178 0.032831162214279175 -0.08943295478820801 -133.87860107421875 -0.034881703555583954 0.9991403222084045 -0.02228417620062828 99.04547119140625 0.08863187581300735 0.025300025939941406 0.995742917060852 -567.3032836914063
* 0.992969274520874 0.033953700214624405 -0.1134144514799118 -137.20721435546875 -0.03343934565782547 0.9994212985038757 0.005793465301394463 97.72311401367188 0.11355295032262802 -0.0019626468420028687 0.9935298562049866 -563.0252075195313
* 0.9958912134170532 0.03803447261452675 -0.08220469951629639 -140.14645385742188 -0.038882676512002945 0.9991946220397949 -0.009632266126573086 97.28417205810547 0.08177956938743591 0.012786651961505413 0.9965682625770569 -565.830322265625
* 0.9942973852157593 0.032739222049713135 -0.10151081532239914 -140.87442016601563 -0.03196074068546295 0.9994496703147888 0.008570530451834202 94.95882415771484 0.10174296796321869 -0.005279725883156061 0.9947965741157532 -563.0169067382813
* 0.9944510459899902 0.03427844122052193 -0.09947718679904938 -142.1031951904297 -0.036131151020526886 0.999189019203186 -0.017619539052248 91.88618469238281 0.09879997372627258 0.021113594993948936 0.994883120059967 -564.998046875
* 0.9956194758415222 0.040623169392347336 -0.0842331275343895 -144.2002410888672 -0.041459135711193085 0.9990963935852051 -0.009067568928003311 91.31919860839844 0.08379611372947693 0.012517713941633701 0.9964041709899902 -566.274658203125
* 0.998659074306488 0.027430860325694084 -0.04394560307264328 -147.46554565429688 -0.027673792093992233 0.9995925426483154 -0.0065927887335419655 97.77332305908203 0.04375426471233368 0.007797621190547943 0.999011754989624 -574.0100708007813
* 0.9980656504631042 0.033252064138650894 -0.05256302282214165 -146.84255981445313 -0.03538639098405838 0.9985033869743347 -0.041633281856775284 104.11407470703125 0.05110740661621094 0.043410368263721466 0.9977490901947021 -572.3922119140625
* 0.9951978921890259 0.031666237860918045 -0.09263958036899567 -143.4414825439453 -0.03269544988870621 0.999408483505249 -0.010402403771877289 105.80972290039063 0.09226283431053162 0.01337890699505806 0.9956446290016174 -564.3890380859375
* 0.9967135787010193 0.031685877591371536 -0.07457737624645233 -143.6182403564453 -0.033649519085884094 0.9990872144699097 -0.0262104794383049 107.44145965576172 0.07368625700473785 0.028631405904889107 0.9968702793121338 -567.9252319335938
* 0.9948630928993225 0.03725576400756836 -0.09414473176002502 -143.2122802734375 -0.03755804896354675 0.9992892742156982 -0.0022151507437229156 108.76181030273438 0.09400276094675064 0.005737255327403545 0.9955553412437439 -565.2476196289063
* 0.9959409236907959 0.034085363149642944 -0.08332903683185577 -144.183349609375 -0.03493127599358559 0.9993408918380737 -0.009592008776962757 108.88270568847656 0.08295463025569916 0.012461433187127113 0.996475338935852 -564.8417358398438
* 0.9956696033477783 0.02941998839378357 -0.08820527046918869 -146.09791564941406 -0.032047707587480545 0.9990522265434265 -0.02935800887644291 108.3002700805664 0.08726541697978973 0.03205521032214165 0.9956691861152649 -566.93505859375
* 0.9949180483818054 0.035354528576135635 -0.09429658949375153 -148.89431762695313 -0.03810897096991539 0.998868465423584 -0.028351901099085808 107.67205810546875 0.09319499880075455 0.03179895877838135 0.9951398968696594 -566.9486083984375
* 0.9945696592330933 0.03827745094895363 -0.09679757058620453 -152.64617919921875 -0.04164661839604378 0.998557984828949 -0.033791352063417435 106.91808319091797 0.0953720286488533 0.03763677179813385 0.9947298765182495 -566.5400390625
* 0.9958003163337708 0.035123564302921295 -0.08456765860319138 -156.40451049804688 -0.035789478570222855 0.9993302226066589 -0.0072348820976912975 107.5085220336914 0.08426438271999359 0.010228708386421204 0.9963908791542053 -566.4703979492188
* 0.997275710105896 0.03056390956044197 -0.06716184318065643 -159.05657958984375 -0.03221120685338974 0.9991734027862549 -0.024679528549313545 109.25945281982422 0.0663594901561737 0.026773221790790558 0.9974364042282104 -567.3240966796875
* 0.996533989906311 0.037209004163742065 -0.07442660629749298 -159.270263671875 -0.04136991500854492 0.9975605010986328 -0.05617620795965195 111.10321044921875 0.07216226309537888 0.059058163315057755 0.9956427812576294 -570.4046630859375
* 0.9948462843894958 0.03535014018416405 -0.09505341947078705 -154.97207641601563 -0.04050581529736519 0.9977349638938904 -0.053650785237550735 109.83201599121094 0.0929490476846695 0.057222120463848114 0.9940251708030701 -567.066650390625
* 0.9960035085678101 0.03410760685801506 -0.08256892114877701 -150.7092742919922 -0.03586394339799881 0.9991378784179688 -0.02077212557196617 108.85916900634766 0.08179673552513123 0.023647932335734367 0.996368408203125 -566.333740234375
* 0.9962366819381714 0.03464163467288017 -0.07947563380002975 -147.4769744873047 -0.037760473787784576 0.9985220432281494 -0.0390138104557991 109.17636108398438 0.07801415771245956 0.041865620762109756 0.9960727691650391 -567.5390625
* 0.9970159530639648 0.03444245457649231 -0.06911467015743256 -145.243408203125 -0.036322008818387985 0.9989672303199768 -0.027193449437618256 110.92849731445313 0.06811416149139404 0.029620271176099777 0.9972376823425293 -568.4764404296875
* 0.9948909282684326 0.03873620927333832 -0.09324923157691956 -141.76983642578125 -0.041229959577322006 0.9988147616386414 -0.025756189599633217 110.10541534423828 0.09214851260185242 0.029466884210705757 0.9953091144561768 -566.209228515625
* 0.9959433674812317 0.03569008782505989 -0.08262539654970169 -138.81166076660156 -0.039455290883779526 0.9981913566589355 -0.045293644070625305 109.325927734375 0.08086691796779633 0.04836753010749817 0.9955506324768066 -567.816162109375
* 0.996142566204071 0.03730355203151703 -0.07945089042186737 -135.69204711914063 -0.040207020938396454 0.9985326528549194 -0.03619634732604027 110.96680450439453 0.0779915526509285 0.03924883157014847 0.996181070804596 -569.194580078125
* 0.9951049089431763 0.029960423707962036 -0.09419523179531097 -131.55540466308594 -0.032962579280138016 0.9989647269248962 -0.031259726732969284 111.59512329101563 0.09316866099834442 0.034209202975034714 0.9950624108314514 -564.12548828125
