#
#
#
#
#
#
#
#
#
#
#
#
#
#
#
#
#
#
#
#
#
#
#
#
#
#
#
#
#
#
#
#
#
#
#
#
#
#
#
#
#
#
#
#
#
#
#
#
#
#
#
#
#
#
#
#
#
#
#
#
#
#
#
#
#
#
#
#
#
#
#
#
#
#
#
#
#
#
#
#
#
#
#
#
#
#
#
#
#
#
#
#
#
#
#
#
#
#
#
#
#
#
#
#
#
#
#
#
#
#
#
#
#
#
#
#
#
#
#
#
#
#
#
#
#
#
#
#
#
#
#
#
#
#
#
#
#
#
#
#
#
#
#
#
#
#
#
#
#
#
#
#
#
#
#
#
#
#
#
#
#
#
#
#
#
#
#
#
#
#
#
#
#
#
#
#
#
#
#
#
#
#
#
#
#
#
#
#
#
#
#
#
#
#
#
#
#
#
#
#
#
#
#
#
#
#
#
#
#
#
#
#
#
#
#
#
#
#
#
#
#
#
#
#
#
#
#
#
#
#
#
#
#
#
#
#
#
#
#
#
#
#
#
#
#
#
#
#
#
#
#
#
#
#
#
#
#
#
#
#
#
#
#
#
#
#
#
#
#
* 0.9032456278800964 -0.012194832786917686 0.42895057797431946 -679.2786865234375 0.06956315040588379 0.9905358552932739 -0.11831960827112198 510.1295471191406 -0.4234478771686554 0.13671104609966278 0.8955456018447876 -2169.675537109375
* 0.7418022155761719 0.028933661058545113 0.6699942946434021 -643.013427734375 0.12800078094005585 0.9745924472808838 -0.18380741775035858 475.30572509765625 -0.6582894325256348 0.22210875153541565 0.7192514538764954 -2101.3408203125
#
* 0.7057143449783325 0.07580840587615967 0.7044293284416199 -638.0858764648438 0.16364911198616028 0.9499316215515137 -0.26617559790611267 420.076904296875 -0.6893377304077148 0.303122341632843 0.6579739451408386 -2126.60693359375
* 0.8214302062988281 0.08147586137056351 0.5644593238830566 -682.830810546875 0.09276241064071655 0.9574753046035767 -0.27319687604904175 420.23162841796875 -0.562714695930481 0.2767719626426697 0.778940737247467 -2262.33154296875
* 0.8162493705749512 0.08328971266746521 0.5716642141342163 -701.4417114257813 0.10027114301919937 0.9541066884994507 -0.28218144178390503 414.3065185546875 -0.5689314007759094 0.28765103220939636 0.7704369425773621 -2308.87060546875
* 0.7723511457443237 0.053880129009485245 0.6329066753387451 -693.1107177734375 0.13787133991718292 0.9584218859672546 -0.24983854591846466 385.0765380859375 -0.6200528144836426 0.28022196888923645 0.7328091859817505 -2273.832763671875
* 0.8289523124694824 0.06572682410478592 0.5554441213607788 -723.3445434570313 0.0979180634021759 0.9606819152832031 -0.25981274247169495 379.5967712402344 -0.5506817698478699 0.2697596251964569 0.7899231314659119 -2361.12890625
* 0.8332580327987671 0.06947031617164612 0.5485024452209473 -723.4850463867188 0.09491867572069168 0.9593709111213684 -0.2657035291194916 369.0185852050781 -0.5446757078170776 0.2734619975090027 0.792809009552002 -2360.16943359375
* 0.8030988574028015 0.025670085102319717 0.5952925086021423 -712.6390991210938 0.11263829469680786 0.9745176434516907 -0.19398048520088196 353.4272766113281 -0.5851024389266968 0.22283756732940674 0.7797421216964722 -2346.549560546875
* 0.8213600516319275 0.03530078008770943 0.5693166851997375 -709.4871826171875 0.08629234880208969 0.9789065718650818 -0.18519172072410583 345.00018310546875 -0.5638450980186462 0.20123609900474548 0.8009881377220154 -2370.5009765625
* 0.8562614321708679 -0.0036376770585775375 0.5165296792984009 -719.2695922851563 0.057281095534563065 0.9944766163825989 -0.08795138448476791 341.58343505859375 -0.5133567452430725 0.1048961728811264 0.8517398834228516 -2448.0625
* 0.8323835730552673 0.03911648690700531 0.552817702293396 -687.2116088867188 0.11080360412597656 0.9656197428703308 -0.2351629137992859 317.7881774902344 -0.543010413646698 0.25699925422668457 0.7994312644004822 -2380.3564453125
* 0.8884233832359314 2.5380775332450867E-4 0.45902490615844727 -705.90185546875 0.06947113573551178 0.9884068965911865 -0.13500383496284485 322.236083984375 -0.45373767614364624 0.15182894468307495 0.8781055808067322 -2478.240478515625
* 0.8998081684112549 0.03175053372979164 0.43512898683547974 -692.906005859375 0.060581810772418976 0.9785940051078796 -0.19668270647525787 308.5108337402344 -0.43205946683883667 0.2033369541168213 0.8786227703094482 -2454.2041015625
* 0.9260562658309937 0.05089608207345009 0.37393778562545776 -710.2728271484375 0.03386650234460831 0.9756588339805603 -0.21666425466537476 324.2392883300781 -0.3758631646633148 0.21330657601356506 0.9017907381057739 -2535.51025390625
* 0.9076066613197327 0.10937933623790741 0.40532270073890686 -696.57568359375 0.08175000548362732 0.9009376764297485 -0.42617952823638916 344.387451171875 -0.41178572177886963 0.41993770003318787 0.8087548017501831 -2499.330078125
* 0.9521958827972412 0.13593487441539764 0.2735781967639923 -717.8445434570313 0.029995111748576164 0.849614679813385 -0.5265510082244873 385.19146728515625 -0.3040127158164978 0.5095847249031067 0.8049217462539673 -2549.189697265625
* 0.9204859733581543 0.06669609248638153 0.38504230976104736 -718.850830078125 0.04403219372034073 0.9613505601882935 -0.2717849910259247 408.9520568847656 -0.38828760385513306 0.26712766289711 0.8819721937179565 -2517.245849609375
* 0.8564048409461975 0.13041073083877563 0.4995640516281128 -717.2047119140625 0.08845468610525131 0.9162104725837708 -0.39081302285194397 420.21282958984375 -0.5086718797683716 0.37888193130493164 0.77311110496521 -2479.113037109375
* 0.884656548500061 0.06910700350999832 0.46109381318092346 -737.8689575195313 0.05348220840096474 0.9673858880996704 -0.24759814143180847 441.7146911621094 -0.4631662368774414 0.2436986267566681 0.8521076440811157 -2511.68701171875
* 0.8914831876754761 0.12542490661144257 0.4353468120098114 -750.161376953125 0.07843154668807983 0.9036819338798523 -0.42096108198165894 456.8553771972656 -0.44621390104293823 0.4094235301017761 0.7957794666290283 -2508.08544921875
* 0.8959812521934509 0.10161054134368896 0.4323117136955261 -762.4072265625 0.06043505668640137 0.9365183711051941 -0.34537172317504883 472.3398742675781 -0.43996113538742065 0.3355723023414612 0.8329614996910095 -2515.03369140625
* 0.8647153377532959 0.13361422717571259 0.48416420817375183 -765.2017822265625 0.07245126366615295 0.9207026958465576 -0.3834816813468933 479.2300720214844 -0.49700966477394104 0.36667972803115845 0.7864646911621094 -2492.722900390625
* 0.874634325504303 0.10213541984558105 0.47390225529670715 -771.98828125 0.06771892309188843 0.9422303438186646 -0.32805028557777405 493.24884033203125 -0.4800304174423218 0.3190152049064636 0.8171899914741516 -2490.878173828125
* 0.8217588663101196 0.1037658229470253 0.560308039188385 -767.879150390625 0.07786580920219421 0.9536100625991821 -0.2908015251159668 482.9526672363281 -0.5644904375076294 0.282596617937088 0.7755572199821472 -2446.2529296875
* 0.8909414410591125 0.12203182280063629 0.43741464614868164 -792.3268432617188 0.0683816522359848 0.9161840081214905 -0.3948816657066345 479.4090270996094 -0.44894033670425415 0.38172659277915955 0.8079211711883545 -2523.349853515625
* 0.9075267314910889 0.10289907455444336 0.4071938693523407 -794.87255859375 0.04784710332751274 0.937881350517273 -0.34364229440689087 451.10943603515625 -0.41725993156433105 0.33134666085243225 0.8462285399436951 -2560.55810546875
* 0.9023832082748413 0.08330214768648148 0.4228062033653259 -782.5492553710938 0.04694484546780586 0.9562976360321045 -0.2886033058166504 418.9547424316406 -0.4283697307109833 0.28027844429016113 0.859035849571228 -2562.799560546875
* 0.8229693174362183 0.09268936514854431 0.5604729652404785 -761.4591064453125 0.07393644005060196 0.9607323408126831 -0.2674463987350464 383.2188415527344 -0.5632537603378296 0.26153868436813354 0.7837996482849121 -2539.670166015625
* 0.8526421189308167 0.06722500920295715 0.5181524753570557 -728.347412109375 0.020508019253611565 0.9866191148757935 -0.16174940764904022 361.0413818359375 -0.5220925807952881 0.14853981137275696 0.8398537635803223 -2479.849609375
* 0.8533706665039063 0.0886368602514267 0.5137136578559875 -709.926025390625 0.06705202162265778 0.9585911631584167 -0.2767808735370636 355.1170349121094 -0.5169742703437805 0.2706413269042969 0.8120898008346558 -2451.093505859375
* 0.8783370852470398 0.10530265420675278 0.46629926562309265 -722.3861083984375 0.05713231861591339 0.9453228712081909 -0.3210938274860382 374.2093811035156 -0.47461533546447754 0.3086685240268707 0.8242954611778259 -2524.18896484375
* 0.934860110282898 0.11183836311101913 0.3369399607181549 -728.2435913085938 0.030849477276206017 0.9199036955833435 -0.3909297287464142 399.7510986328125 -0.3536733090877533 0.3758581280708313 0.8565306663513184 -2537.632080078125
* 0.9492409825325012 0.09303368628025055 0.30047646164894104 -730.4396362304688 0.008044086396694183 0.9477683901786804 -0.31885868310928345 405.61865234375 -0.3144468069076538 0.30508989095687866 0.898911714553833 -2533.494384765625
#
#
* 0.9373553395271301 0.1436234712600708 0.31739160418510437 -756.5689086914063 0.03159259632229805 0.8722711801528931 -0.4880070984363556 314.70123291015625 -0.3469386100769043 0.46741214394569397 0.8131090998649597 -2539.03857421875
* 0.913427472114563 0.09481553733348846 0.3958035707473755 -757.80517578125 0.0555574931204319 0.934341311454773 -0.35203081369400024 285.61962890625 -0.4031921923160553 0.34349119663238525 0.8481961488723755 -2531.63232421875
* 0.8859650492668152 0.11011791974306107 0.4504888355731964 -747.0842895507813 0.08058861643075943 0.920068085193634 -0.38338780403137207 259.4339904785156 -0.4566976726055145 0.3759196698665619 0.8062868714332581 -2506.743896484375
* 0.9128574132919312 0.060988470911979675 0.40369781851768494 -753.41064453125 0.045519884675741196 0.9674165844917297 -0.24907658994197845 246.1416473388672 -0.4057327210903168 0.24569359421730042 0.8803422451019287 -2550.087158203125
* 0.8238223195075989 -0.019766410812735558 0.5665032863616943 -714.5897216796875 0.05445175617933273 0.997532844543457 -0.044374193996191025 231.60293579101563 -0.5642254948616028 0.06734956800937653 0.8228610754013062 -2453.20654296875
* 0.8355406522750854 0.06426472961902618 0.5456571578979492 -721.8010864257813 0.09118656814098358 0.9631468653678894 -0.25305938720703125 236.12631225585938 -0.5418098568916321 0.26114410161972046 0.7988945245742798 -2520.073486328125
* 0.8133754134178162 -0.0046323128044605255 0.5817204117774963 -691.29931640625 0.06323041021823883 0.9947512149810791 -0.08048416674137115 231.99118041992188 -0.5782914757728577 0.10219214856624603 0.8093962669372559 -2457.607421875
* 0.8609738945960999 0.03922136873006821 0.5071343779563904 -686.510986328125 0.06197081133723259 0.9815108180046082 -0.18111306428909302 232.6527862548828 -0.504859209060669 0.1873069852590561 0.8426267504692078 -2462.0732421875
* 0.8775602579116821 0.059995703399181366 0.4756976068019867 -692.0017700195313 0.07075107842683792 0.9650797843933105 -0.25223207473754883 231.8173828125 -0.47421759366989136 0.25495103001594543 0.8426768183708191 -2480.452880859375
* 0.8472179770469666 0.002600675681605935 0.5312386751174927 -698.70849609375 0.07853618264198303 0.9883906841278076 -0.13008271157741547 226.85556030273438 -0.5254083871841431 0.15187563002109528 0.8371776342391968 -2479.28173828125
* 0.7919504642486572 0.04731246083974838 0.6087493300437927 -729.0632934570313 0.07191219925880432 0.9828307032585144 -0.16993571817874908 224.41427612304688 -0.6063352227210999 0.17830300331115723 0.7749530076980591 -2542.518798828125
* 0.7593661546707153 0.08255954831838608 0.6454043388366699 -745.6929321289063 0.1110471561551094 0.9609244465827942 -0.25357145071029663 211.12557983398438 -0.6411189436912537 0.2641701102256775 0.7205325365066528 -2536.3486328125
* 0.7245723605155945 0.012740732170641422 0.6890808939933777 -784.0201416015625 0.06861558556556702 0.9935314655303955 -0.09051541239023209 200.91835021972656 -0.6857733726501465 0.11281254887580872 0.7190094590187073 -2589.099853515625
* 0.767310380935669 -0.004991980269551277 0.6412563323974609 -790.297119140625 0.06074576452374458 0.9960422515869141 -0.06492847204208374 185.59713745117188 -0.638390839099884 0.08871987462043762 0.7645732164382935 -2537.24169921875
* 0.8695863485336304 0.02467116340994835 0.49316394329071045 -809.9070434570313 0.03221260756254196 0.9937926530838013 -0.10650989413261414 176.53973388671875 -0.49272680282592773 0.10845158994197845 0.8633913993835449 -2554.09765625
* 0.8894717693328857 -0.022603843361139297 0.4564305245876312 -806.46826171875 0.07231071591377258 0.9931582808494568 -0.09172549843788147 161.37863159179688 -0.4512333571910858 0.11453793942928314 0.8850173950195313 -2523.957763671875
* 0.9904799461364746 0.044896721839904785 0.13012808561325073 -836.2362670898438 0.013156499713659286 0.9101254940032959 -0.4141310155391693 152.91067504882813 -0.13702476024627686 0.4118480086326599 0.9008838534355164 -2618.748779296875
* 0.8979451656341553 0.13656574487686157 0.4183824062347412 -802.9086303710938 0.07543213665485382 0.8888205289840698 -0.4520111083984375 121.97533416748047 -0.4335953891277313 0.43738919496536255 0.7878274321556091 -2530.78125
* 0.9667539000511169 0.05395747721195221 0.24995014071464539 -823.4630126953125 0.0283353328704834 0.9488648772239685 -0.3144177496433258 102.28269958496094 -0.25413256883621216 0.3109935522079468 0.9157979488372803 -2610.708984375
* 0.9164636135101318 8.29651951789856E-4 0.4001164734363556 -827.102294921875 0.05127749964594841 0.9915122389793396 -0.11949947476387024 83.17213439941406 -0.39681780338287354 0.1299799531698227 0.9086402058601379 -2656.650634765625
* 0.7701081037521362 0.007002450525760651 0.6378747224807739 -762.831787109375 0.05938689410686493 0.9948136210441589 -0.08261435478925705 70.4845199584961 -0.6351413726806641 0.10144949704408646 0.7656954526901245 -2492.748046875
* 0.7725487947463989 -0.02511715702712536 0.6344581842422485 -750.6044311523438 0.045092806220054626 0.9988678693771362 -0.015359289944171906 72.75548553466797 -0.6333496570587158 0.04042178764939308 0.7728003859519958 -2494.554931640625
* 0.8503643274307251 0.031583383679389954 0.5252453684806824 -734.9896850585938 0.0644044429063797 0.9844486713409424 -0.16346003115177155 79.64701843261719 -0.5222373604774475 0.17277468740940094 0.8351066708564758 -2477.7705078125
* 0.8089556097984314 -0.025007691234350204 0.5873372554779053 -716.0611572265625 0.02142471820116043 0.9996882677078247 0.013060759752988815 80.32063293457031 -0.587475597858429 0.001964787021279335 0.8092309832572937 -2438.59326171875
* 0.9243502616882324 0.01823195070028305 0.38110867142677307 -762.9612426757813 0.03680504113435745 0.9899429082870483 -0.13661855459213257 94.32356262207031 -0.37976428866386414 0.1402561366558075 0.9143815636634827 -2637.4375
* 0.8805812001228333 0.06839925050735474 0.4689326584339142 -728.8724365234375 0.08109037578105927 0.9531910419464111 -0.29130294919013977 110.23710632324219 -0.4669063985347748 0.2944883406162262 0.8338234424591064 -2557.72216796875
* 0.9067317843437195 0.0700133666396141 0.41585463285446167 -704.9075927734375 0.048128798604011536 0.9625024795532227 -0.2669808268547058 122.04818725585938 -0.418951153755188 0.262040913105011 0.8693681359291077 -2503.2294921875
* 0.9309285283088684 0.10021691769361496 0.35118114948272705 -712.6754760742188 0.053692154586315155 0.9136094450950623 -0.40303972363471985 139.1657257080078 -0.3612324893474579 0.3940045237541199 0.8451378345489502 -2530.713134765625
* 0.9164628386497498 0.1519177109003067 0.37015727162361145 -709.670654296875 0.07663344591856003 0.8413534164428711 -0.5350306630134583 160.91514587402344 -0.392713338136673 0.5186524987220764 0.7594486474990845 -2507.061279296875
* 0.8473988175392151 0.03558932989835739 0.5297624468803406 -714.1091918945313 0.05032939836382866 0.987878143787384 -0.1468663513660431 177.474365234375 -0.5285645723342896 0.1510629802942276 0.8353357911109924 -2505.73291015625
* 0.8277620673179626 0.002295590238645673 0.561074435710907 -703.111572265625 0.0638873279094696 0.9931057691574097 -0.0983123928308487 172.42242431640625 -0.557429313659668 0.11717081069946289 0.821906328201294 -2464.01513671875
* 0.8507264256477356 0.04277202486991882 0.5238654017448425 -694.7265625 0.0771956741809845 0.9757118821144104 -0.2050199806690216 169.55055236816406 -0.5199092626571655 0.214802086353302 0.8267652988433838 -2441.99169921875
* 0.8581579327583313 -0.026694849133491516 0.5126911401748657 -708.6118774414063 0.04714692756533623 0.9985281825065613 -0.026919245719909668 174.18218994140625 -0.5112148523330688 0.047219157218933105 0.8581469058990479 -2496.320068359375
* 0.8371380567550659 -0.003742560278624296 0.5469785928726196 -695.2368774414063 0.040969036519527435 0.9976000785827637 -0.0558713898062706 170.8512420654297 -0.5454530119895935 0.06912747770547867 0.8352775573730469 -2446.52685546875
* 0.8478198647499084 0.007849978283047676 0.530225932598114 -703.7847290039063 0.05063990131020546 0.9941257238388062 -0.09568500518798828 171.6985321044922 -0.5278593301773071 0.10792028903961182 0.8424393534660339 -2462.228271484375
* 0.8457782864570618 0.01660021021962166 0.5332760214805603 -702.460693359375 0.038600292056798935 0.9949961304664612 -0.09218814969062805 174.13931274414063 -0.5321342349052429 0.09850142896175385 0.8409025073051453 -2445.87060546875
* 0.8192459940910339 0.054829686880111694 0.5708149075508118 -707.7356567382813 0.060759156942367554 0.9815192222595215 -0.1814780980348587 177.66949462890625 -0.5702133774757385 0.18330341577529907 0.8007765412330627 -2447.229736328125
* 0.7989286184310913 0.07189352065324783 0.5971133708953857 -710.0711059570313 0.07252915948629379 0.9740704298019409 -0.21431821584701538 182.33714294433594 -0.5970361232757568 0.21447916328907013 0.7730026245117188 -2445.841064453125
* 0.8300861716270447 0.04371752217411995 0.55591881275177 -715.3695678710938 0.06294140219688416 0.9832098484039307 -0.17129768431186676 187.71372985839844 -0.5540709495544434 0.17712809145450592 0.8133987188339233 -2453.6015625
* 0.8214070200920105 0.01988750323653221 0.5699955224990845 -733.9512329101563 0.05440770834684372 0.9921054840087891 -0.11301612854003906 193.501220703125 -0.5677401423454285 0.12379037588834763 0.8138387799263 -2492.78076171875
* 0.8556814789772034 0.064662404358387 0.513447105884552 -737.6705322265625 0.049626849591732025 0.97734135389328 -0.20578429102897644 193.1532440185547 -0.5151166915893555 0.20151261985301971 0.8330869674682617 -2487.822998046875
* 0.8253793120384216 0.06078096479177475 0.5612973570823669 -726.616943359375 0.062283873558044434 0.9783209562301636 -0.19752177596092224 185.24365234375 -0.5611318349838257 0.19793617725372314 0.8037031292915344 -2426.346435546875
* 0.8281006813049316 0.06115434691309929 0.5572336912155151 -731.7265625 0.043939702212810516 0.9838963150978088 -0.17327266931533813 186.52972412109375 -0.5588528513908386 0.16791792213916779 0.812079668045044 -2434.80224609375
* 0.890852689743042 0.05295015126466751 0.45119592547416687 -755.519775390625 0.030264806002378464 0.984064519405365 -0.17523469030857086 198.49252319335938 -0.4532811641693115 0.16970963776111603 0.8750548958778381 -2522.9052734375
* 0.7880687713623047 0.08537361025810242 0.6096382737159729 -707.5932006835938 0.10482464730739594 0.9572656154632568 -0.269555926322937 190.70379638671875 -0.6065977811813354 0.2762800455093384 0.7454493045806885 -2384.612060546875
* 0.8056031465530396 0.07227225601673126 0.5880308151245117 -718.3533325195313 0.05133875831961632 0.9802862405776978 -0.19081231951713562 193.69964599609375 -0.5902252197265625 0.18385377526283264 0.7860140800476074 -2440.649658203125
* 0.8508434891700745 0.050838783383369446 0.5229536890983582 -719.5880737304688 0.05181935057044029 0.9823399782180786 -0.17980271577835083 192.30543518066406 -0.5228562355041504 0.180029034614563 0.8331848978996277 -2459.66552734375
* 0.8408915400505066 0.04364155977964401 0.5394408702850342 -716.1377563476563 0.06022542342543602 0.9830108880996704 -0.17340277135372162 187.96121215820313 -0.5378410816192627 0.1782469004392624 0.823978841304779 -2457.68701171875
* 0.852266788482666 -0.03220294415950775 0.5221148133277893 -722.4502563476563 0.04088082164525986 0.9991540312767029 -0.005100458860397339 190.47161865234375 -0.5215052366256714 0.025637909770011902 0.8528546690940857 -2485.574462890625
* 0.8604553937911987 0.02440062165260315 0.5089408159255981 -714.9541625976563 0.05016033351421356 0.9899478554725647 -0.13226181268692017 189.21682739257813 -0.5070492029190063 0.13927993178367615 0.850581169128418 -2467.40234375
* 0.8204576373100281 0.0021852944046258926 0.5717028975486755 -710.5592041015625 0.052626900374889374 0.995461642742157 -0.07932595163583755 188.5068359375 -0.5692782402038574 0.09511654824018478 0.8166157007217407 -2457.550048828125
* 0.8031356334686279 0.00994679145514965 0.5957130789756775 -711.6511840820313 0.04782375320792198 0.995561420917511 -0.08109433203935623 187.66395568847656 -0.5938717126846313 0.09356500953435898 0.7990919947624207 -2448.37451171875
* 0.850744903087616 0.04677153378725052 0.5234935283660889 -725.2787475585938 0.07112095504999161 0.9766302108764648 -0.2028326690196991 190.77099609375 -0.5207444429397583 0.20973607897758484 0.8275396227836609 -2477.368408203125
* 0.880181610584259 0.06226145103573799 0.4705356955528259 -739.2721557617188 0.05542578175663948 0.9710978865623474 -0.232169508934021 197.1670379638672 -0.47138914465904236 0.23037712275981903 0.8512957096099854 -2502.85595703125
* 0.8697309494018555 0.015691787004470825 0.49327656626701355 -734.3010864257813 0.05168953910470009 0.9911046028137207 -0.12266046553850174 200.2739715576172 -0.4908107817173004 0.13212472200393677 0.8611814975738525 -2476.8486328125
* 0.824783205986023 0.04235542193055153 0.5638604164123535 -721.8670654296875 0.04862028732895851 0.9881887435913086 -0.14534389972686768 200.64520263671875 -0.5633530616760254 0.14723816514015198 0.8129820823669434 -2443.751708984375
* 0.845495879650116 0.04968102648854256 0.5316656827926636 -719.6972045898438 0.058469075709581375 0.9810661673545837 -0.18465188145637512 201.21310424804688 -0.5307701826095581 0.18715430796146393 0.8265844583511353 -2448.32177734375
* 0.8451134562492371 0.04908790439367294 0.5323284268379211 -713.7835693359375 0.04542706906795502 0.9855829477310181 -0.16299816966056824 200.28599548339844 -0.5326515436172485 0.1618799865245819 0.8307000994682312 -2439.834716796875
* 0.8223220109939575 0.006807893514633179 0.5689816474914551 -716.9834594726563 0.04631394147872925 0.995813250541687 -0.07884559780359268 201.85659790039063 -0.5671324729919434 0.09113432466983795 0.8185601234436035 -2458.3330078125
* 0.8559829592704773 0.059623971581459045 0.5135542750358582 -717.4711303710938 0.06713622063398361 0.9721019268035889 -0.22475792467594147 199.78208923339844 -0.5126259922981262 0.22681303322315216 0.82810378074646 -2463.30517578125
* 0.8471692800521851 0.041224684566259384 0.5297210812568665 -714.1130981445313 0.0672537088394165 0.980650007724762 -0.18386968970298767 201.69869995117188 -0.5270487070083618 0.1913403570652008 0.8280059695243835 -2462.398681640625
* 0.8884297013282776 0.01591673493385315 0.4587363302707672 -727.597412109375 0.02029694803059101 0.9970619678497314 -0.07389815151691437 202.67796325683594 -0.4585607647895813 0.07491042464971542 0.8854918479919434 -2520.672607421875
* 0.856461226940155 0.06125136464834213 0.5125643014907837 -710.5709228515625 0.06002871319651604 0.9743853211402893 -0.21673785150051117 192.2207794189453 -0.5127081871032715 0.21634213626384735 0.8308500051498413 -2462.7744140625
* 0.8494312167167664 0.06407784670591354 0.5237941741943359 -706.8502197265625 0.060958415269851685 0.9740439057350159 -0.2180093377828598 193.2533416748047 -0.5241656303405762 0.21705959737300873 0.8234809041023254 -2438.83203125
* 0.8694175481796265 0.05700886249542236 0.4907776713371277 -715.5325317382813 0.04413941502571106 0.9803908467292786 -0.1920705884695053 199.8444061279297 -0.49210065603256226 0.1885981261730194 0.8498547077178955 -2468.72705078125
* 0.8548605442047119 0.04893910884857178 0.5165444016456604 -709.9252319335938 0.04376569390296936 0.9851962924003601 -0.1657661497592926 204.3225555419922 -0.5170068144798279 0.16425976157188416 0.840064287185669 -2449.486572265625
* 0.885325014591217 -0.001093398779630661 0.46497103571891785 -711.6294555664063 0.04513341560959816 0.995480477809906 -0.08358944207429886 208.76394653320313 -0.4627755284309387 0.0949355810880661 0.8813690543174744 -2460.6767578125
* 0.8378347754478455 0.045494504272937775 0.5440247058868408 -703.11083984375 0.03861064463853836 0.9890915155410767 -0.14217175543308258 206.9545135498047 -0.5445544719696045 0.14006751775741577 0.826938271522522 -2437.63671875
* 0.8762978315353394 0.04213591665029526 0.47992315888404846 -703.4217529296875 0.04098305478692055 0.9860409498214722 -0.16139769554138184 203.718017578125 -0.48002153635025024 0.1610470861196518 0.8623389601707458 -2440.703369140625
* 0.8531472682952881 0.05307704955339432 0.5189625024795532 -705.6397094726563 0.047309331595897675 0.9828429818153381 -0.17828963696956635 207.35287475585938 -0.5195186734199524 0.17660503089427948 0.8360002636909485 -2446.28125
* 0.849216639995575 0.031445980072021484 0.5271069407463074 -709.4074096679688 0.04716872051358223 0.9897207021713257 -0.1350325644016266 211.08335876464844 -0.5259316563606262 0.1394807994365692 0.8390032649040222 -2448.814697265625
* 0.8476625084877014 0.05283515527844429 0.5278979539871216 -710.68408203125 0.048284389078617096 0.9832201600074768 -0.175933375954628 213.6967315673828 -0.5283320546150208 0.174567312002182 0.8308892846107483 -2440.649658203125
* 0.8494814038276672 0.060844700783491135 0.5240980982780457 -718.86572265625 0.055303119122982025 0.9775926470756531 -0.20312555134296417 213.898681640625 -0.5247105956077576 0.2014816254377365 0.8270848989486694 -2445.855712890625
* 0.8305941224098206 0.04490930587053299 0.5550640225410461 -709.72119140625 0.07195812463760376 0.9797350168228149 -0.1869417428970337 207.97378540039063 -0.5522087216377258 0.19515997171401978 0.8105329871177673 -2404.934814453125
* 0.8427481055259705 0.052271656692028046 0.5357638001441956 -716.961669921875 0.04860159382224083 0.9838247895240784 -0.17243140935897827 210.22544860839844 -0.5361074805259705 0.17130114138126373 0.8265775442123413 -2439.193115234375
* 0.8572521209716797 0.021754121407866478 0.5144367814064026 -717.1035766601563 0.046986181288957596 0.9916369915008545 -0.12022596597671509 211.37445068359375 -0.5127465724945068 0.1271812915802002 0.8490592837333679 -2452.222900390625
* 0.8860205411911011 -0.0186446662992239 0.4632706046104431 -716.7755126953125 0.052758168429136276 0.9967588186264038 -0.060780979692935944 215.83026123046875 -0.4606333076953888 0.07824058085680008 0.8841273784637451 -2466.1875
* 0.8672981262207031 0.07129591703414917 0.4926565885543823 -719.2369384765625 0.06177773326635361 0.9666271209716797 -0.24863919615745544 221.76498413085938 -0.4939398169517517 0.24602565169334412 0.8339548110961914 -2481.6572265625
* 0.8605363965034485 0.041499026119709015 0.5076953768730164 -711.4192504882813 0.052844010293483734 0.9840292930603027 -0.1699993908405304 224.84735107421875 -0.5066390037536621 0.17306524515151978 0.8446011543273926 -2453.1357421875
* 0.8639058470726013 0.09318946301937103 0.49495673179626465 -714.0652465820313 0.08696820586919785 0.9403749704360962 -0.32884255051612854 222.91168212890625 -0.49608853459358215 0.32708126306533813 0.8043007850646973 -2452.58154296875
* 0.8967756628990173 0.030448973178863525 0.44143620133399963 -726.30859375 0.05876356363296509 0.9806017279624939 -0.18701118230819702 221.24725341796875 -0.43856537342071533 0.1935933530330658 0.8775919675827026 -2492.182861328125
* 0.8597936630249023 0.06185774877667427 0.5068806409835815 -721.7835693359375 0.05035925656557083 0.9775293469429016 -0.2047104835510254 211.2137451171875 -0.5081505179405212 0.2014809399843216 0.8373613953590393 -2467.03662109375
* 0.8387801051139832 0.04783596098423004 0.5423644185066223 -704.9395141601563 0.07859537750482559 0.9750661849975586 -0.20754477381706238 202.1978759765625 -0.538767397403717 0.21665777266025543 0.814109742641449 -2404.510009765625
* 0.8864408135414124 0.012064632028341293 0.4626842141151428 -721.660888671875 0.046303898096084595 0.992337167263031 -0.11458206176757813 205.42691040039063 -0.4605183005332947 0.1229403093457222 0.8790872097015381 -2460.81689453125
* 0.8703972101211548 0.005043931305408478 0.4923238158226013 -719.1046752929688 0.046984147280454636 0.9945366978645325 -0.09324903041124344 204.9505157470703 -0.4901013672351837 0.10424119979143143 0.8654017448425293 -2456.123779296875
* 0.8703972101211548 0.005043931305408478 0.4923238158226013 -719.1046752929688 0.046984147280454636 0.9945366978645325 -0.09324903041124344 204.9505157470703 -0.4901013672351837 0.10424119979143143 0.8654017448425293 -2456.123779296875
* 0.8748475909233093 0.01948866806924343 0.4840054512023926 -716.818359375 0.05599700286984444 0.9884264469146729 -0.1410096287727356 204.14669799804688 -0.4811493456363678 0.1504107564687729 0.863630473613739 -2442.682373046875
* 0.8866708278656006 -0.05594876781105995 0.4590032398700714 -726.3064575195313 0.04191673919558525 0.9982941746711731 0.04071761667728424 206.7251434326172 -0.4604952931404114 -0.016916126012802124 0.8874928951263428 -2475.6708984375
* 0.8754854202270508 0.023281998932361603 0.4826827049255371 -726.8562622070313 0.04388437047600746 0.9908850193023682 -0.12738674879074097 207.26882934570313 -0.4812456965446472 0.13265351951122284 0.866482138633728 -2483.318603515625
* 0.8315211534500122 0.08648477494716644 0.5487188100814819 -707.6957397460938 0.09130702167749405 0.9530954360961914 -0.2885802686214447 202.60743713378906 -0.5479378700256348 0.2900090515613556 0.7846302390098572 -2419.0576171875
* 0.8283156156539917 0.06883712857961655 0.556016206741333 -706.7996826171875 0.07220572233200073 0.9710348844528198 -0.2277807891368866 205.40957641601563 -0.5555884838104248 0.22876819968223572 0.7993574738502502 -2416.034423828125
* 0.859162449836731 0.039190590381622314 0.5101993083953857 -713.709228515625 0.0675247311592102 0.9796643257141113 -0.1889570653438568 211.33285522460938 -0.5072271227836609 0.1967419683933258 0.8390465378761292 -2437.87841796875
* 0.8705134987831116 0.01083289086818695 0.4920247197151184 -716.2498168945313 0.03323506563901901 0.9961851239204407 -0.08072876930236816 214.1082763671875 -0.49101826548576355 0.08657423406839371 0.8668285608291626 -2440.142822265625
* 0.8663865923881531 0.06805718690156937 0.4947139322757721 -725.5961303710938 0.052977483719587326 0.9725570678710938 -0.2265670895576477 221.64234924316406 -0.49655410647392273 0.22244961559772491 0.8390089869499207 -2468.718017578125
* 0.873428463935852 0.005678422749042511 0.48691877722740173 -724.6959838867188 0.08259832113981247 0.9837185144424438 -0.15963055193424225 222.85044860839844 -0.47989627718925476 0.17959052324295044 0.8587390780448914 -2461.124755859375
* 0.8342665433883667 0.057131145149469376 0.5483928918838501 -720.18310546875 0.05340204015374184 0.9815723299980164 -0.1834949254989624 223.3494873046875 -0.5487672090530396 0.18231508135795593 0.8158441781997681 -2439.015625
* 0.8181365728378296 0.04028971493244171 0.5736103057861328 -711.1298217773438 0.07852410525083542 0.9803735017776489 -0.1808542162179947 220.0973358154297 -0.5696366429328918 0.19295170903205872 0.7989178895950317 -2406.932373046875
* 0.8546492457389832 0.02349032089114189 0.5186737179756165 -726.2722778320313 0.057896688580513 0.9884379506111145 -0.140160471200943 222.0716552734375 -0.5159663558006287 0.14976352453231812 0.8434072732925415 -2457.536376953125
* 0.8670758008956909 -0.028785333037376404 0.4973434507846832 -730.7186889648438 0.04857461154460907 0.9984608292579651 -0.026891514658927917 222.71702575683594 -0.49580079317092896 0.04742167890071869 0.8671326637268066 -2466.238525390625
* 0.867866039276123 0.06927929818630219 0.49194350838661194 -732.165283203125 0.051466066390275955 0.9723677635192871 -0.22772549092769623 222.69285583496094 -0.49412375688552856 0.22289979457855225 0.8403235673904419 -2468.35205078125
* 0.8136518597602844 0.0786600261926651 0.5760058164596558 -715.9484252929688 0.0842837393283844 0.9643793702125549 -0.25074952840805054 216.85586547851563 -0.5752101540565491 0.25251707434654236 0.7780454158782959 -2413.598876953125
* 0.8214922547340393 0.06194488704204559 0.5668445825576782 -714.911376953125 0.0660981833934784 0.9770402908325195 -0.20255863666534424 214.97010803222656 -0.5663745999336243 0.20381388068199158 0.7985399961471558 -2410.07666015625
* 0.8214922547340393 0.06194488704204559 0.5668445825576782 -714.911376953125 0.0660981833934784 0.9770402908325195 -0.20255863666534424 214.97010803222656 -0.5663745999336243 0.20381388068199158 0.7985399961471558 -2410.07666015625
* 0.8200588822364807 0.028630051761865616 0.5715621113777161 -717.0891723632813 0.037234578281641006 0.9939661026000977 -0.10320717096328735 215.6835174560547 -0.571063756942749 0.1058640107512474 0.8140426278114319 -2417.235107421875
* 0.8573340177536011 0.040242619812488556 0.5131846070289612 -726.9832153320313 0.06174711138010025 0.9817056655883789 -0.18013350665569305 220.87265014648438 -0.5110426545143127 0.18606829643249512 0.839166522026062 -2449.81201171875
* 0.8573340177536011 0.040242619812488556 0.5131846070289612 -726.9832153320313 0.06174711138010025 0.9817056655883789 -0.18013350665569305 220.87265014648438 -0.5110426545143127 0.18606829643249512 0.839166522026062 -2449.81201171875
* 0.8638056516647339 0.02057824283838272 0.5034042596817017 -727.6693115234375 0.047139961272478104 0.9914854168891907 -0.12141381204128265 221.61427307128906 -0.5016131401062012 0.12855449318885803 0.8554791212081909 -2454.633056640625
* 0.8551620841026306 0.044775523245334625 0.5164227485656738 -722.2962646484375 0.04953256621956825 0.984649121761322 -0.16738994419574738 220.77932739257813 -0.5159868597984314 0.1686713695526123 0.8398178815841675 -2445.59326171875
* 0.8858010768890381 -0.018323468044400215 0.4637027382850647 -731.5308227539063 0.06056211143732071 0.9952428936958313 -0.07635725289583206 223.78952026367188 -0.4600955545902252 0.09566634893417358 0.8826926946640015 -2483.125244140625
* 0.8827736377716064 -0.009345599450170994 0.4697049856185913 -725.6354370117188 0.04668006673455238 0.9966030120849609 -0.06789679080247879 222.98484802246094 -0.4674719274044037 0.0818096324801445 0.8802065253257751 -2472.59912109375
* 0.8437460660934448 0.06493309140205383 0.5327998399734497 -713.7535400390625 0.06374867260456085 0.9735103249549866 -0.2195911705493927 220.41400146484375 -0.5329422354698181 0.21919068694114685 0.8172602653503418 -2439.834716796875
* 0.8524355888366699 0.034238360822200775 0.5217093825340271 -705.9417724609375 0.07725371420383453 0.9786560535430908 -0.1904485523700714 221.1570281982422 -0.5170929431915283 0.20259518921375275 0.8315987586975098 -2421.640625
* 0.882885217666626 0.026763156056404114 0.46882501244544983 -714.7913818359375 0.05092005059123039 0.9870354533195496 -0.15223200619220734 221.5616912841797 -0.4668183922767639 0.1582220196723938 0.8700763583183289 -2452.758544921875
* 0.880136251449585 0.02568579651415348 0.4740251898765564 -715.1248779296875 0.050201959908008575 0.9879040718078613 -0.14673712849617004 221.40052795410156 -0.472057580947876 0.15289171040058136 0.8682006001472473 -2452.84814453125
* 0.8215579986572266 0.07740993797779083 0.5648447871208191 -704.8297119140625 0.07307875901460648 0.9682726263999939 -0.23898567259311676 221.5953826904297 -0.5654210448265076 0.23756510019302368 0.7898406982421875 -2420.8056640625
* 0.8394230008125305 0.011131579987704754 0.5433641076087952 -713.8269653320313 0.0784982293844223 0.98682701587677 -0.14148089289665222 223.75930786132813 -0.5377792716026306 0.1613614410161972 0.8274915814399719 -2458.749267578125
* 0.8478522300720215 0.045558616518974304 0.5282711982727051 -708.2449340820313 0.04965642839670181 0.9851047992706299 -0.16464802622795105 220.66616821289063 -0.5279001593589783 0.1657753586769104 0.8329623937606812 -2444.099609375
* 0.8454350233078003 0.059298016130924225 0.5307756662368774 -703.8363037109375 0.06077028810977936 0.9766860008239746 -0.20590689778327942 216.9692840576172 -0.530608057975769 0.20628246665000916 0.822124719619751 -2438.75341796875
* 0.9028153419494629 0.016481537371873856 0.4297119379043579 -722.659423828125 0.05842871591448784 0.9853011965751648 -0.16054271161556244 218.01869201660156 -0.426039457321167 0.16999396681785583 0.8885825276374817 -2509.0703125
* 0.8287777304649353 0.04921465739607811 0.5574092864990234 -690.5296630859375 0.08112342655658722 0.975038468837738 -0.20670084655284882 202.8477020263672 -0.5536660552024841 0.21647414565086365 0.8041015863418579 -2416.219482421875
* 0.8511723875999451 0.047658540308475494 0.5227179527282715 -690.9766235351563 0.045862939208745956 0.9853115081787109 -0.1645117700099945 200.4903106689453 -0.5228765606880188 0.16394735872745514 0.8364854454994202 -2441.21435546875
* 0.8577130436897278 0.04643557593226433 0.5120272636413574 -683.4578247070313 0.04328548163175583 0.985858678817749 -0.16191117465496063 196.87088012695313 -0.5123010277748108 0.16098277270793915 0.8435749411582947 -2438.133544921875
* 0.838158905506134 0.044780150055885315 0.5435846447944641 -672.8318481445313 0.04707029089331627 0.9869709610939026 -0.15387959778308868 192.0458221435547 -0.5433889627456665 0.15450835227966309 0.8251315951347351 -2412.751220703125
* 0.858534574508667 0.045498501509428024 0.5107329487800598 -676.5202026367188 0.04225478321313858 0.9863936305046082 -0.15889735519886017 193.52064514160156 -0.5110093355178833 0.1579458862543106 0.844931423664093 -2437.593994140625
* 0.8517249822616577 0.006770208477973938 0.5239452123641968 -675.065673828125 0.04168791323900223 0.9958749413490295 -0.08063136041164398 194.93109130859375 -0.5223256945610046 0.09046411514282227 0.847926139831543 -2454.72412109375
* 0.8605209589004517 0.058827005326747894 0.5060068964958191 -667.2322998046875 0.04757895693182945 0.9796906113624573 -0.19480454921722412 194.75759887695313 -0.5071863532066345 0.19165480136871338 0.8402482271194458 -2451.41650390625
* 0.8689106106758118 0.0366075225174427 0.49361342191696167 -661.3528442382813 0.04224720597267151 0.9881407618522644 -0.1476457715034485 197.3791961669922 -0.4931607246398926 0.14909082651138306 0.8570595979690552 -2443.591796875
* 0.8536095023155212 0.0444687157869339 0.5190118551254272 -658.7338256835938 0.05025125667452812 0.9846770763397217 -0.16700923442840576 200.5639190673828 -0.5184822082519531 0.16858774423599243 0.8382965326309204 -2439.32666015625
* 0.8661972284317017 0.04733182117342949 0.49745556712150574 -659.6116943359375 0.04340830072760582 0.9846175312995911 -0.16926413774490356 203.4827880859375 -0.49781128764152527 0.16815590858459473 0.8508197665214539 -2436.92724609375
* 0.8428063988685608 0.05428649112582207 0.5354721546173096 -665.8450317382813 0.05005534738302231 0.9826862812042236 -0.1784052848815918 206.73760986328125 -0.5358823537826538 0.1771104335784912 0.8254991173744202 -2445.44482421875
* 0.8409323692321777 0.053326889872550964 0.538506269454956 -663.8507080078125 0.07141168415546417 0.9754976034164429 -0.20811299979686737 205.53768920898438 -0.536406934261322 0.21341070532798767 0.8165231943130493 -2415.236572265625
* 0.8423054814338684 0.03273427486419678 0.538005530834198 -692.2481079101563 0.04763864353299141 0.9897304177284241 -0.13479770720005035 217.3206329345703 -0.5368889570236206 0.13911674916744232 0.8320958018302917 -2490.111572265625
* 0.8085211515426636 0.05295008420944214 0.5860800743103027 -685.900634765625 0.055545873939991 0.9846336841583252 -0.16558143496513367 213.7593231201172 -0.585837721824646 0.1663765013217926 0.7931580543518066 -2440.635986328125
* 0.8468413352966309 0.029840921983122826 0.5310078263282776 -692.714599609375 0.04834332317113876 0.989976167678833 -0.13272586464881897 210.9961700439453 -0.5296418070793152 0.13801448047161102 0.8369098901748657 -2447.26318359375
