#
#
#
#
#
#
#
#
#
#
#
#
#
#
#
#
#
#
#
#
#
#
#
#
#
#
#
#
#
#
#
#
#
#
#
#
#
#
#
#
#
#
#
#
#
#
#
#
#
#
#
#
#
#
#
#
#
#
#
#
#
#
#
#
#
#
#
#
#
#
#
#
#
#
#
#
#
#
#
#
#
#
#
#
#
#
#
#
#
#
#
#
#
#
#
#
#
#
#
#
#
#
#
#
#
#
#
#
#
#
#
#
#
#
#
#
#
#
#
#
#
#
#
#
#
#
#
#
#
#
#
#
#
#
#
#
#
#
#
#
#
#
#
#
#
#
#
#
#
#
#
#
#
#
#
#
#
#
#
#
#
#
#
#
#
#
#
#
#
#
#
#
#
#
#
#
#
#
#
#
#
#
#
#
#
#
#
#
#
#
#
#
#
#
#
#
#
#
#
#
#
#
#
#
#
#
#
#
#
#
#
#
#
#
#
#
#
#
#
#
#
#
#
#
#
#
#
#
#
#
#
#
#
#
#
#
#
#
#
#
#
#
#
#
#
#
#
#
#
#
#
#
#
#
#
#
#
#
#
#
#
#
#
#
#
#
#
#
#
#
#
#
#
#
#
#
#
#
#
#
#
#
#
#
#
#
#
#
#
#
#
#
#
#
#
#
#
#
#
#
#
#
#
#
#
#
#
#
#
#
#
#
#
#
#
#
#
#
#
#
#
#
#
#
#
#
#
#
#
#
#
#
#
#
#
#
#
#
#
#
#
#
#
#
#
#
#
#
#
#
#
#
#
#
#
#
#
#
#
#
#
#
#
#
#
#
#
#
#
#
#
#
#
#
#
#
#
#
#
#
#
#
#
#
#
#
#
#
#
#
#
#
#
#
#
#
#
#
#
#
#
#
#
#
#
#
#
#
#
#
#
#
#
#
#
#
#
#
#
#
#
#
#
#
#
#
#
#
#
#
#
#
#
#
#
#
#
#
#
#
#
#
#
#
#
#
#
#
#
#
#
#
#
#
#
#
#
#
#
#
#
#
#
#
#
#
#
#
#
#
#
#
#
#
#
#
#
#
#
#
#
#
#
#
#
#
#
#
#
#
#
#
#
#
#
#
#
#
#
#
#
#
#
#
#
#
#
#
#
#
#
#
#
#
#
#
#
#
#
#
#
#
#
#
#
#
#
#
#
#
#
#
#
#
#
#
#
#
#
#
#
#
#
#
#
#
#
#
#
#
#
#
#
#
#
#
#
#
#
#
#
#
#
#
#
#
#
#
#
#
#
#
#
#
#
#
#
#
#
#
#
#
#
#
#
#
#
#
#
#
#
#
#
#
#
#
#
#
#
#
#
#
#
#
#
#
#
#
#
#
#
#
#
#
#
#
#
#
#
#
#
#
#
#
#
#
#
#
#
#
#
#
#
#
#
#
#
#
#
#
#
#
#
#
#
#
#
#
#
#
#
#
#
#
#
#
#
#
#
#
#
#
#
#
#
#
#
#
#
#
#
#
#
#
#
#
#
#
#
#
#
#
#
#
#
#
#
#
#
#
#
#
#
#
#
#
#
#
#
#
#
#
#
#
#
#
#
#
#
#
#
#
#
#
#
#
#
#
#
#
#
#
#
#
#
#
#
#
#
#
#
#
#
#
#
#
#
#
#
#
#
#
#
#
#
#
#
#
#
#
#
#
#
#
#
#
#
#
#
#
#
#
#
#
#
#
#
#
#
#
#
#
#
#
#
#
#
#
#
#
#
#
#
#
* 0.9178411960601807 0.1553027480840683 -0.36530637741088867 -79.43170166015625 -0.21315710246562958 0.9691757559776306 -0.12353881448507309 -18.420982360839844 0.3348601162433624 0.1912567913532257 0.9226534366607666 -237.69619750976563
* 0.8987678289413452 0.14220009744167328 -0.4147234857082367 -59.176822662353516 -0.21142441034317017 0.9692577719688416 -0.12585188448429108 -21.015636444091797 0.38407763838768005 0.20079441368579865 0.901202380657196 -238.1505889892578
* 0.8866589665412903 0.1507607251405716 -0.43715792894363403 -39.8415641784668 -0.21483120322227478 0.9714444875717163 -0.10071225464344025 -21.18623161315918 0.40949109196662903 0.1832127422094345 0.8937280178070068 -241.2581329345703
* 0.8649225831031799 0.15349575877189636 -0.4778575897216797 -24.51569366455078 -0.23229902982711792 0.9663994312286377 -0.11003969609737396 -19.0930118560791 0.4449106752872467 0.20618180930614471 0.8715177178382874 -240.89898681640625
* 0.8582258224487305 0.16091687977313995 -0.48739513754844666 -15.910811424255371 -0.24566037952899933 0.9625357985496521 -0.11478302627801895 -15.57420825958252 0.45066484808921814 0.21824359893798828 0.8656041622161865 -240.82492065429688
* 0.8526624441146851 0.16629141569137573 -0.4952915608882904 -14.176309585571289 -0.25684332847595215 0.9589481353759766 -0.12020540237426758 -11.402724266052246 0.4549698233604431 0.22970713675022125 0.8603700399398804 -240.5291290283203
* 0.8529612421989441 0.17166182398796082 -0.4929393231868744 -16.094829559326172 -0.263418972492218 0.9568599462509155 -0.12259265035390854 -7.716119766235352 0.4506293535232544 0.23441648483276367 0.8613836169242859 -240.40945434570313
* 0.856558620929718 0.1765643060207367 -0.48490431904792786 -19.949804306030273 -0.2657436430454254 0.9563972353935242 -0.12117908895015717 -4.88628625869751 0.44236505031585693 0.232657328248024 0.8661313056945801 -240.50103759765625
* 0.8600158095359802 0.1795310378074646 -0.4776412546634674 -24.432031631469727 -0.269210547208786 0.9548245668411255 -0.12583832442760468 -3.277090549468994 0.4334716200828552 0.23680910468101501 0.8694962859153748 -239.53089904785156
* 0.8661064505577087 0.1814596801996231 -0.46575939655303955 -28.77273178100586 -0.2663528621196747 0.9560161828994751 -0.1228371188044548 -3.3957173824310303 0.422983318567276 0.230446457862854 0.8763444423675537 -239.48117065429688
* 0.8714292049407959 0.18095538020133972 -0.4559233486652374 -32.90205383300781 -0.2632814049720764 0.9567839503288269 -0.12347903102636337 -4.026376724243164 0.4138757288455963 0.22763954102993011 0.8814119696617126 -239.4667205810547
* 0.8773154020309448 0.18147358298301697 -0.44428011775016785 -37.40507888793945 -0.25794923305511475 0.9589663147926331 -0.11766643077135086 -4.456589221954346 0.40469610691070557 0.21783244609832764 0.8881272077560425 -239.70631408691406
* 0.8839024901390076 0.18245206773281097 -0.4306125044822693 -42.19044876098633 -0.25539296865463257 0.9596547484397888 -0.11762932687997818 -5.619861125946045 0.391777366399765 0.21394845843315125 0.8948387503623962 -239.44357299804688
* 0.890132486820221 0.17936140298843384 -0.41891899704933167 -46.290992736816406 -0.24830514192581177 0.9617301821708679 -0.11584185063838959 -7.421554088592529 0.3821091949939728 0.20713458955287933 0.9006040096282959 -239.44261169433594
* 0.8943630456924438 0.17443779110908508 -0.41192948818206787 -49.37410354614258 -0.2431318610906601 0.9625052809715271 -0.12029238045215607 -9.193151473999023 0.3755003809928894 0.2077384740114212 0.9032407999038696 -239.554931640625
* 0.8964691162109375 0.17298974096775055 -0.40794283151626587 -51.570560455322266 -0.2397042065858841 0.9636321663856506 -0.11812955141067505 -10.774492263793945 0.3726712167263031 0.20368531346321106 0.9053332805633545 -239.6342010498047
* 0.8984578251838684 0.17204025387763977 -0.4039497673511505 -53.00872802734375 -0.23800578713417053 0.9639678597450256 -0.11882185190916061 -12.384699821472168 0.3689521551132202 0.2028990238904953 0.9070315957069397 -239.49163818359375
* 0.8991993069648743 0.16960245370864868 -0.4033302664756775 -53.94793701171875 -0.23545622825622559 0.9645287990570068 -0.11934850364923477 -14.160698890686035 0.3687814772129059 0.20228490233421326 0.9072381854057312 -238.99566650390625
* 0.9013478755950928 0.1695941984653473 -0.39850878715515137 -54.84375762939453 -0.23317885398864746 0.9654239416122437 -0.11655008047819138 -15.567693710327148 0.3649633526802063 0.19797618687152863 0.9097291827201843 -239.11805725097656
* 0.9022773504257202 0.16897763311862946 -0.39666298031806946 -55.275169372558594 -0.2315583974123001 0.965973436832428 -0.11521945148706436 -15.778204917907715 0.3636960983276367 0.1958107203245163 0.9107049107551575 -239.2981719970703
* 0.9024193286895752 0.16946326196193695 -0.39613261818885803 -55.889957427978516 -0.23171015083789825 0.9660103917121887 -0.11460255086421967 -15.2704439163208 0.36324700713157654 0.19520771503448486 0.9110135436058044 -239.61691284179688
* 0.9027547240257263 0.1701851636171341 -0.3950575292110443 -56.207794189453125 -0.23319734632968903 0.9653620719909668 -0.11702360212802887 -14.979118347167969 0.3614575266838074 0.19777022302150726 0.91117262840271 -239.35061645507813
* 0.9015547633171082 0.1702854186296463 -0.3977455198764801 -55.859100341796875 -0.23598149418830872 0.9640485048294067 -0.1221589595079422 -14.63129711151123 0.3626437783241272 0.2039937973022461 0.9093274474143982 -238.79420471191406
* 0.9023429155349731 0.1712731420993805 -0.39552783966064453 -55.029659271240234 -0.23741595447063446 0.963401734828949 -0.12445929646492004 -13.466328620910645 0.3597353398799896 0.20620982348918915 0.9099826812744141 -239.60440063476563
* 0.9007627964019775 0.17157438397407532 -0.39898377656936646 -53.6371955871582 -0.24020354449748993 0.9621749520301819 -0.1285344511270523 -11.543146133422852 0.361838698387146 0.2116166651248932 0.907905101776123 -239.2389373779297
* 0.8987387418746948 0.1723226010799408 -0.4032033383846283 -52.24277114868164 -0.24312549829483032 0.9610838294029236 -0.13117745518684387 -10.132120132446289 0.3649071753025055 0.21592354774475098 0.9056602120399475 -238.88034057617188
* 0.8979014158248901 0.1736413538455963 -0.4045007824897766 -51.390098571777344 -0.2438436597585678 0.9612441658973694 -0.12864559888839722 -9.103544235229492 0.366485595703125 0.21414636075496674 0.9054448008537292 -239.10153198242188
* 0.8981912136077881 0.17619198560714722 -0.4027509093284607 -51.26446533203125 -0.24752846360206604 0.9598288536071777 -0.1321292370557785 -7.812788486480713 0.36329159140586853 0.2183699607849121 0.9057232141494751 -238.98019409179688
* 0.8976632356643677 0.17739465832710266 -0.4033994674682617 -52.170448303222656 -0.24759672582149506 0.9602788686752319 -0.12868519127368927 -6.628799915313721 0.3645477890968323 0.2153966873884201 0.9059303402900696 -238.84413146972656
* 0.898929238319397 0.177391916513443 -0.40057167410850525 -53.66450881958008 -0.2479093074798584 0.959847629070282 -0.13127519190311432 -5.82858419418335 0.3612004816532135 0.21731284260749817 0.9068130850791931 -238.67291259765625
* 0.9008901119232178 0.17698527872562408 -0.3963235318660736 -55.528934478759766 -0.24810615181922913 0.9591904282569885 -0.1356346309185028 -5.277549743652344 0.35614433884620667 0.22052250802516937 0.9080373644828796 -238.4107208251953
* 0.9045649766921997 0.17882560193538666 -0.38701775670051575 -57.374847412109375 -0.24582356214523315 0.9604525566101074 -0.13077253103256226 -4.817913055419922 0.34832659363746643 0.21343067288398743 0.9127522706985474 -238.76487731933594
* 0.9045868515968323 0.17601950466632843 -0.3882507085800171 -58.61105728149414 -0.24596644937992096 0.9593854546546936 -0.13812951743602753 -4.67084264755249 0.3481685519218445 0.22044718265533447 0.9111433029174805 -237.9980010986328
* 0.9049428105354309 0.17395684123039246 -0.3883509039878845 -58.835411071777344 -0.2440500557422638 0.9597822427749634 -0.13877157866954803 -5.544252872467041 0.3485919237136841 0.22035780549049377 0.9110029935836792 -237.55078125
* 0.9038175940513611 0.17189757525920868 -0.3918721377849579 -58.06919860839844 -0.24220812320709229 0.960456907749176 -0.13732323050498962 -6.894013404846191 0.35277068614959717 0.21903014183044434 0.9097135663032532 -237.18260192871094
* 0.9033074975013733 0.17088334262371063 -0.39348849654197693 -56.83796310424805 -0.2411147952079773 0.9608886241912842 -0.13622362911701202 -8.20263671875 0.3548201620578766 0.21792811155319214 0.9091811180114746 -237.28567504882813
* 0.9026756882667542 0.17130982875823975 -0.39475101232528687 -55.434146881103516 -0.2409636229276657 0.9612588882446289 -0.1338573694229126 -9.665776252746582 0.3565269410610199 0.2159508317708969 0.9089851975440979 -237.3112335205078
* 0.9027525186538696 0.17013932764530182 -0.39508137106895447 -54.246665954589844 -0.2374088168144226 0.9629687666893005 -0.12778130173683167 -11.145508766174316 0.35871052742004395 0.20915105938911438 0.9097158312797546 -237.31178283691406
* 0.9019152522087097 0.17011946439743042 -0.39699745178222656 -53.323543548583984 -0.2368224561214447 0.963455855846405 -0.12517134845256805 -12.437360763549805 0.3611956238746643 0.20691226422786713 0.9092444777488708 -237.5458984375
* 0.9014320373535156 0.1694088578224182 -0.39839616417884827 -52.47908020019531 -0.23553232848644257 0.9640527367591858 -0.12299036979675293 -13.149043083190918 0.3632393777370453 0.20470304787158966 0.908930242061615 -237.34104919433594
* 0.9028689861297607 0.1705327332019806 -0.39464500546455383 -52.15082931518555 -0.2344459593296051 0.964758574962616 -0.11948126554489136 -13.547548294067383 0.36036184430122375 0.20039930939674377 0.9110323190689087 -237.99472045898438
* 0.9012597799301147 0.17144684493541718 -0.3979136347770691 -51.87990188598633 -0.2366178035736084 0.9640963673591614 -0.12053988128900528 -13.977588653564453 0.3629610240459442 0.20279161632061005 0.9094697833061218 -237.51174926757813
* 0.901854395866394 0.1704665571451187 -0.3969864249229431 -52.021366119384766 -0.23533771932125092 0.9644131660461426 -0.1205124706029892 -14.427602767944336 0.3623156249523163 0.20211096107959747 0.9098784923553467 -237.58480834960938
* 0.9018762707710266 0.17086167633533478 -0.3967668414115906 -52.13933181762695 -0.2361745983362198 0.9640613198280334 -0.1216854378581047 -14.609081268310547 0.3617161512374878 0.20345182716846466 0.9098180532455444 -237.5072784423828
* 0.9032389521598816 0.17051130533218384 -0.3938066065311432 -52.16815948486328 -0.23554521799087524 0.9640705585479736 -0.12282763421535492 -14.725298881530762 0.3587137758731842 0.20370236039161682 0.9109500050544739 -237.6865234375
* 0.9025200009346008 0.17131836712360382 -0.39510273933410645 -52.03794860839844 -0.23470675945281982 0.9649085402488708 -0.11774812638759613 -14.983420372009277 0.36106544733047485 0.19900372624397278 0.9110596179962158 -237.54188537597656
* 0.9022907614707947 0.1701085865497589 -0.3961477279663086 -51.786746978759766 -0.23393787443637848 0.9650088548660278 -0.11845404654741287 -15.25146198272705 0.36213594675064087 0.19955435395240784 0.9105141162872314 -237.3999786376953
* 0.902263343334198 0.1711634248495102 -0.39575567841529846 -51.66313171386719 -0.23615077137947083 0.96410071849823 -0.12142102420330048 -15.42672348022461 0.36076539754867554 0.2030121088027954 0.9102937579154968 -237.9922332763672
* 0.9026739597320557 0.1715853065252304 -0.39463546872138977 -51.68130874633789 -0.23586861789226532 0.9643177390098572 -0.12024102360010147 -15.143038749694824 0.35992223024368286 0.2016208916902542 0.9109365344047546 -238.11764526367188
* 0.9035723805427551 0.1723412126302719 -0.3922426700592041 -52.020442962646484 -0.23482826352119446 0.9649736285209656 -0.11697153747081757 -14.547508239746094 0.3583446741104126 0.19780223071575165 0.912394642829895 -238.47732543945313
* 0.903165876865387 0.17283128201961517 -0.39296233654022217 -52.2310676574707 -0.2359175831079483 0.9645843505859375 -0.11798582971096039 -14.170185089111328 0.35865357518196106 0.19926780462265015 0.9119542241096497 -238.175537109375
* 0.9029083847999573 0.17283426225185394 -0.3935522139072418 -52.427547454833984 -0.23795823752880096 0.9634798765182495 -0.12281408160924911 -13.785053253173828 0.35795310139656067 0.20453916490077972 0.9110619425773621 -238.2913818359375
* 0.9046021699905396 0.17321233451366425 -0.3894752562046051 -52.609535217285156 -0.23724710941314697 0.9637016654014587 -0.12244889885187149 -12.880176544189453 0.3541282117366791 0.20316974818706512 0.912861168384552 -238.6242218017578
* 0.9040083885192871 0.17285893857479095 -0.39100775122642517 -52.61677932739258 -0.24056583642959595 0.9617505073547363 -0.13101521134376526 -11.261771202087402 0.3534046411514282 0.21250231564044952 0.9110149145126343 -238.26278686523438
* 0.9041479825973511 0.17363612353801727 -0.3903403878211975 -52.645179748535156 -0.24289308488368988 0.9605677723884583 -0.13532687723636627 -9.061055183410645 0.35145071148872375 0.21716682612895966 0.910670816898346 -238.43275451660156
* 0.9035597443580627 0.17521676421165466 -0.3909953236579895 -52.37442398071289 -0.24420130252838135 0.9604310393333435 -0.13393625617027283 -7.385626316070557 0.352056086063385 0.2165013551712036 0.9105955362319946 -238.0916748046875
* 0.9033867120742798 0.1751965582370758 -0.3914038836956024 -52.25056457519531 -0.24614505469799042 0.9592503309249878 -0.138752743601799 -6.525200366973877 0.35114526748657227 0.22168990969657898 0.9096983671188354 -237.87295532226563
* 0.9028048515319824 0.17495226860046387 -0.3928532004356384 -51.99943542480469 -0.24693714082241058 0.9587928056716919 -0.14049667119979858 -5.8988037109375 0.35208454728126526 0.2238515466451645 0.9088055491447449 -237.5176544189453
* 0.9026103019714355 0.17654265463352203 -0.3925885856151581 -51.72929763793945 -0.2484724521636963 0.958427906036377 -0.14027883112430573 -5.385599136352539 0.3515026271343231 0.2241649329662323 0.9089534282684326 -237.60025024414063
* 0.902898907661438 0.17767243087291718 -0.39141327142715454 -51.5593147277832 -0.24915969371795654 0.9583271145820618 -0.13974794745445251 -4.475560188293457 0.3502725660800934 0.2237030267715454 0.9095419049263 -237.7757568359375
* 0.9038591384887695 0.17923599481582642 -0.3884732127189636 -52.009578704833984 -0.25084275007247925 0.9575828909873962 -0.14182361960411072 -2.563933849334717 0.34657537937164307 0.2256346493959427 0.9104807376861572 -238.44656372070313
* 0.9034407138824463 0.18124303221702576 -0.38851508498191833 -52.45540237426758 -0.2576981484889984 0.9538283944129944 -0.15428432822227478 -0.1027359887957573 0.3426138162612915 0.239506796002388 0.9084341526031494 -238.22720336914063
* 0.9055283069610596 0.18329235911369324 -0.38264918327331543 -52.94376754760742 -0.25811800360679626 0.9537655115127563 -0.15397056937217712 2.231968879699707 0.3367360830307007 0.2381938099861145 0.9109736084938049 -238.60928344726563
* 0.9042449593544006 0.1847318559885025 -0.3849846422672272 -53.433597564697266 -0.2621810734272003 0.9518151879310608 -0.15908879041671753 4.548533916473389 0.3370455503463745 0.24479132890701294 0.9091082811355591 -238.32830810546875
* 0.9061613082885742 0.187922865152359 -0.3788861930370331 -54.77983474731445 -0.2632776200771332 0.9517585635185242 -0.15760982036590576 6.992458820343018 0.330989807844162 0.2425725758075714 0.9119235277175903 -238.99598693847656
* 0.9065995812416077 0.18829122185707092 -0.3776525855064392 -56.949623107910156 -0.2638130486011505 0.9513832330703735 -0.15897449851036072 9.033580780029297 0.3293589949607849 0.24375629425048828 0.9121981859207153 -238.48471069335938
* 0.9081935286521912 0.18796704709529877 -0.3739664852619171 -59.52680587768555 -0.2637280523777008 0.9507973790168762 -0.1625787764787674 10.69782543182373 0.3250071406364441 0.24627889692783356 0.9130811095237732 -238.42127990722656
* 0.9097017049789429 0.19113515317440033 -0.36865749955177307 -62.236549377441406 -0.26552432775497437 0.9503084421157837 -0.1625141054391861 11.67902946472168 0.31927648186683655 0.24572734534740448 0.9152490496635437 -238.1993865966797
* 0.9122925400733948 0.1901751607656479 -0.36270374059677124 -64.88497924804688 -0.2626666724681854 0.9512004256248474 -0.16193841397762299 11.940820693969727 0.3142075538635254 0.24300581216812134 0.9177265167236328 -238.20510864257813
* 0.9152186512947083 0.19083084166049957 -0.354903906583786 -67.4444580078125 -0.2611311078071594 0.9516641497612 -0.1616963893175125 11.700854301452637 0.3068930208683014 0.24066440761089325 0.9208135008811951 -238.39501953125
* 0.9150570631027222 0.19018185138702393 -0.35566797852516174 -69.61953735351563 -0.2604012191295624 0.9519972205162048 -0.16091080009937286 11.21137523651123 0.30799296498298645 0.23985934257507324 0.9206563234329224 -237.59486389160156
* 0.9175273180007935 0.19103921949863434 -0.348777711391449 -71.94509887695313 -0.2598056197166443 0.9519678950309753 -0.16204312443733215 10.519852638244629 0.3010689318180084 0.2392938882112503 0.9230905771255493 -237.4403533935547
* 0.9197400212287903 0.19214412569999695 -0.3422824740409851 -73.48316192626953 -0.2590538561344147 0.9522579312324524 -0.16154149174690247 9.717216491699219 0.29490232467651367 0.23724620044231415 0.925606369972229 -237.55657958984375
* 0.9200732111930847 0.19004939496517181 -0.34255656599998474 -73.69674682617188 -0.2562481164932251 0.9533901810646057 -0.1593233197927475 9.214937210083008 0.2963111400604248 0.23436902463436127 0.9258893728256226 -237.15733337402344
* 0.9200000166893005 0.18833835422992706 -0.34369611740112305 -73.2864761352539 -0.25646132230758667 0.9524396061897278 -0.1645784229040146 9.364102363586426 0.2963537573814392 0.23955734074115753 0.9245469570159912 -237.02708435058594
* 0.9199339151382446 0.18903079628944397 -0.3434930741786957 -72.7699203491211 -0.2563727796077728 0.9528654217720032 -0.1622348576784134 9.412349700927734 0.29663562774658203 0.23730799555778503 0.9250364303588867 -236.6401824951172
* 0.9193790555000305 0.18937641382217407 -0.34478574991226196 -72.82772064208984 -0.2573254108428955 0.9524758458137512 -0.16301314532756805 9.173752784729004 0.2975294888019562 0.23859336972236633 0.9244185090065002 -236.61819458007813
* 0.9204843640327454 0.18918313086032867 -0.3419308066368103 -73.58468627929688 -0.25585389137268066 0.9531446695327759 -0.16141310334205627 9.321500778198242 0.2953730821609497 0.2360629141330719 0.9257587790489197 -236.8654022216797
* 0.9207153916358948 0.1898113489151001 -0.3409593403339386 -74.68194580078125 -0.2561565339565277 0.9531118869781494 -0.16112563014030457 9.655381202697754 0.29438918828964233 0.2356901317834854 0.9261670708656311 -236.83071899414063
* 0.9225631356239319 0.18959137797355652 -0.33605146408081055 -75.95831298828125 -0.2547159194946289 0.9534580707550049 -0.16136117279529572 10.04736328125 0.2898186147212982 0.2344639152288437 0.9279181957244873 -236.9683380126953
* 0.9225905537605286 0.18963100016117096 -0.335953950881958 -77.02014923095703 -0.2548713982105255 0.9533405303955078 -0.16180972754955292 10.40153980255127 0.28959476947784424 0.2349095344543457 0.9278753399848938 -236.85275268554688
* 0.9242372512817383 0.1896556317806244 -0.3313828110694885 -77.9682388305664 -0.2534753382205963 0.9538400769233704 -0.16105791926383972 10.739727973937988 0.28554096817970276 0.23285344243049622 0.9296482801437378 -236.927734375
* 0.9242349863052368 0.18745864927768707 -0.33263692259788513 -78.73966217041016 -0.25323575735092163 0.9529545307159424 -0.16658218204975128 10.834073066711426 0.28576087951660156 0.23819699883460999 0.9282258749008179 -236.6027069091797
* 0.9246711730957031 0.18722890317440033 -0.3315521776676178 -79.37088012695313 -0.25185349583625793 0.9538052082061768 -0.16378527879714966 10.729771614074707 0.28557106852531433 0.2349504679441452 0.9291113615036011 -236.92523193359375
* 0.9248088598251343 0.18690884113311768 -0.3313487470149994 -79.58417510986328 -0.25221407413482666 0.9532906413078308 -0.16620835661888123 10.167747497558594 0.28480613231658936 0.23728212714195251 0.9287535548210144 -236.72572326660156
* 0.9246739149093628 0.18554410338401794 -0.33249059319496155 -79.59810638427734 -0.25087738037109375 0.9537732601165771 -0.1654614955186844 9.614550590515137 0.2864204943180084 0.2364126443862915 0.9284787178039551 -236.73106384277344
* 0.924646258354187 0.18322916328907013 -0.33384835720062256 -79.47047424316406 -0.24838684499263763 0.9546794891357422 -0.1639862060546875 9.080336570739746 0.2886712849140167 0.23455309867858887 0.928253173828125 -236.6750030517578
* 0.9245480895042419 0.1838751882314682 -0.3337649703025818 -79.3365249633789 -0.24864311516284943 0.954826831817627 -0.16273504495620728 8.348713874816895 0.288765013217926 0.23344504833221436 0.9285033345222473 -236.85987854003906
* 0.924283504486084 0.18291649222373962 -0.33502197265625 -78.96674346923828 -0.24785742163658142 0.9550974369049072 -0.16234499216079712 7.500131130218506 0.290283203125 0.23309080302715302 0.9281189441680908 -236.79238891601563
* 0.9240164756774902 0.18024864792823792 -0.3371972143650055 -78.37712860107422 -0.24563711881637573 0.9556853175163269 -0.16225957870483398 6.799908638000488 0.2930075228214264 0.2327590137720108 0.927345871925354 -236.64083862304688
* 0.9243941307067871 0.17915703356266022 -0.33674371242523193 -77.73650360107422 -0.2439109832048416 0.9563835263252258 -0.16074170172214508 6.303813934326172 0.2932583689689636 0.2307245433330536 0.9277748465538025 -236.9580535888672
* 0.9228668212890625 0.17992423474788666 -0.34050288796424866 -76.8853530883789 -0.24543112516403198 0.9561229944229126 -0.15997593104839325 5.6573591232299805 0.2967793047428131 0.23120686411857605 0.9265342950820923 -236.8107147216797
* 0.9219579100608826 0.178895503282547 -0.3434939384460449 -75.8933334350586 -0.2444593757390976 0.9567204713821411 -0.15787756443023682 4.857773303985596 0.3003843426704407 0.22952719032764435 0.9257899522781372 -236.8167266845703
* 0.9217153787612915 0.17849861085414886 -0.34435033798217773 -74.71476745605469 -0.24321630597114563 0.9575639963150024 -0.15465089678764343 3.9685089588165283 0.30213266611099243 0.2262960821390152 0.9260163903236389 -237.05447387695313
* 0.9208046197891235 0.17860764265060425 -0.34672221541404724 -73.46451568603516 -0.24364028871059418 0.9575996398925781 -0.153760626912117 3.0329809188842773 0.3045583665370941 0.22605934739112854 0.9252792596817017 -237.09161376953125
* 0.9196022152900696 0.17727917432785034 -0.35057398676872253 -72.62303924560547 -0.24284586310386658 0.9579896926879883 -0.15258312225341797 1.9322260618209839 0.30879664421081543 0.22545160353183746 0.9240218997001648 -236.9639129638672
* 0.9186208248138428 0.17736957967281342 -0.3530920147895813 -72.0206298828125 -0.24281565845012665 0.9583562612533569 -0.15031194686889648 0.4525027871131897 0.311727374792099 0.22381636500358582 0.9234352111816406 -236.7810821533203
* 0.918680727481842 0.17632943391799927 -0.3534567952156067 -71.40933227539063 -0.24031983315944672 0.9596699476242065 -0.14587590098381042 -1.133057713508606 0.31347987055778503 0.21895647048950195 0.9240069389343262 -236.90829467773438
* 0.9181796312332153 0.17609262466430664 -0.3548738956451416 -70.72460174560547 -0.24014264345169067 0.9598391056060791 -0.14505217969417572 -2.3538665771484375 0.3150794804096222 0.21840474009513855 0.9235932230949402 -237.20875549316406
* 0.9173557162284851 0.1752040684223175 -0.35743528604507446 -70.0921630859375 -0.2390533834695816 0.960456371307373 -0.14274707436561584 -3.0972931385040283 0.31829139590263367 0.21639636158943176 0.9229643940925598 -237.12269592285156
* 0.916702389717102 0.17575889825820923 -0.35883650183677673 -69.29917907714844 -0.23920632898807526 0.9607470035552979 -0.14051780104637146 -3.954683303833008 0.3200541138648987 0.21464936435222626 0.9227627515792847 -237.1187744140625
* 0.9157052636146545 0.17318212985992432 -0.36261552572250366 -68.31896209716797 -0.23757445812225342 0.9610902667045593 -0.14093780517578125 -4.5517897605896 0.32409870624542236 0.2152060568332672 0.9212201237678528 -237.36981201171875
* 0.9158259034156799 0.1752622276544571 -0.3613090515136719 -67.21868896484375 -0.23843833804130554 0.9612902402877808 -0.1380864381790161 -4.73562479019165 0.3231218457221985 0.21261350810527802 0.9221649169921875 -237.82179260253906
* 0.9133781790733337 0.17363899946212769 -0.3682226836681366 -66.05916595458984 -0.239990234375 0.9602622389793396 -0.14248058199882507 -4.9605278968811035 0.3288504183292389 0.21850892901420593 0.9187554717063904 -237.27931213378906
* 0.9131755828857422 0.17378613352775574 -0.36865583062171936 -65.16382598876953 -0.23922570049762726 0.9608736038208008 -0.13961613178253174 -5.303547382354736 0.32996854186058044 0.2156863957643509 0.9190216064453125 -237.57659912109375
* 0.9125099182128906 0.17362450063228607 -0.3703761100769043 -64.30171966552734 -0.24046002328395844 0.9601672887802124 -0.14232945442199707 -5.527156352996826 0.330911248922348 0.21893808245658875 0.9179131388664246 -237.59756469726563
* 0.9127255082130432 0.17385408282279968 -0.369736909866333 -63.62282180786133 -0.23784050345420837 0.9618993997573853 -0.13483856618404388 -5.354965686798096 0.3322075605392456 0.21100938320159912 0.9193007349967957 -238.03692626953125
* 0.9110183119773865 0.17188219726085663 -0.37483420968055725 -62.79209899902344 -0.23793604969978333 0.9615144729614258 -0.13739079236984253 -5.801319599151611 0.3367934823036194 0.21435247361660004 0.9168553948402405 -237.6359100341797
* 0.9091433882713318 0.1726229041814804 -0.3790225386619568 -62.00638961791992 -0.24004150927066803 0.9608814120292664 -0.13815505802631378 -7.204940319061279 0.3403470516204834 0.216584250330925 0.9150168299674988 -237.24913024902344
* 0.9077238440513611 0.1704418808221817 -0.3833869695663452 -60.8588981628418 -0.23582980036735535 0.9630282521247864 -0.13023360073566437 -9.757094383239746 0.34701523184776306 0.2086305320262909 0.9143600463867188 -237.15658569335938
* 0.9063993096351624 0.16923750936985016 -0.38703685998916626 -58.15428924560547 -0.23370003700256348 0.9641467928886414 -0.1257183849811554 -12.070084571838379 0.3518840968608856 0.2044019103050232 0.9134538173675537 -237.607421875
* 0.8928094506263733 0.1588754653930664 -0.4214836657047272 -51.84440231323242 -0.22817830741405487 0.9663070440292358 -0.11910104751586914 -16.554540634155273 0.3883604407310486 0.20250828564167023 0.8989810943603516 -236.91879272460938
#
#
#
#
#
#
#
#
#
#
#
#
#
#
#
#
#
#
#
#
#
#
#
#
#
#
#
#
#
#
#
#
#
#
#
#
#
#
#
#
#
#
#
#
#
#
#
#
#
#
#
#
#
#
#
#
#
#
#
#
#
#
#
#
#
#
#
#
#
#
#
#
#
#
#
#
#
#
#
#
#
#
#
#
#
#
#
#
#
#
#
#
#
#
#
#
#
#
#
#
#
#
#
#
#
#
#
#
#
#
#
#
#
#
#
#
#
#
#
#
#
#
#
#
#
#
#
#
#
#
#
#
#
#
#
#
#
#
#
#
#
#
#
#
* 0.9986724257469177 0.03400342911481857 -0.038681261241436005 -12.076696395874023 -0.032960254698991776 0.9990772008895874 0.02754947356879711 112.61971282958984 0.03958345577120781 -0.026238683611154556 0.9988718628883362 -450.92938232421875
* 0.9995160102844238 0.020954761654138565 -0.022972917184233665 -21.765634536743164 -0.019666597247123718 0.9982734322547913 0.05535280331969261 91.82660675048828 0.02409425750374794 -0.0548749715089798 0.9982026219367981 -435.0215148925781
* 0.995635449886322 0.01909247227013111 -0.0913490504026413 -28.084375381469727 -0.023888438940048218 0.9983828663825989 -0.05158741772174835 78.88465118408203 0.09021753817796707 0.05354372039437294 0.9944817423820496 -425.2209777832031
* 0.9879704713821411 0.00968730915337801 -0.15433599054813385 -32.929447174072266 -0.021352723240852356 0.9970266222953796 -0.07404141128063202 71.68291473388672 0.1531609743833542 0.07644549012184143 0.9852400422096252 -416.9588317871094
* 0.9931977391242981 -0.0017150393687188625 -0.11642369627952576 -37.7108039855957 -0.004797931760549545 0.9984442591667175 -0.05555187538266182 71.69641876220703 0.11633897572755814 0.05573183298110962 0.9916447997093201 -416.5502624511719
* 0.997849702835083 -0.01176906656473875 -0.0644717887043953 -42.76033401489258 0.00950933899730444 0.9993388652801514 -0.03508942946791649 76.97698211669922 0.06484323740005493 0.03440011665225029 0.9973024129867554 -422.7279968261719
* 0.9840327501296997 -0.0050117927603423595 -0.17791509628295898 -50.432411193847656 -0.007311383727937937 0.9976252913475037 -0.06848439574241638 79.87185668945313 0.17783698439598083 0.06869093328714371 0.9816597104072571 -417.740966796875
* 0.9755251407623291 0.0022354896645992994 -0.21987511217594147 -62.69175338745117 -0.016185149550437927 0.9979684948921204 -0.06161651387810707 76.68002319335938 0.21929188072681427 0.06366641074419022 0.9735798835754395 -422.93621826171875
* 0.9773851633071899 0.005386782810091972 -0.2113964557647705 -75.13296508789063 -0.012715823948383331 0.9993650913238525 -0.033277589827775955 68.10183715820313 0.21108412742614746 0.03521234169602394 0.9768335223197937 -420.5466003417969
* 0.9725075960159302 0.007113718427717686 -0.23276066780090332 -87.14994812011719 -0.019239917397499084 0.9985724091529846 -0.04982487112283707 62.279048919677734 0.23207509517669678 0.05293261259794235 0.971256673336029 -415.5976257324219
* 0.9729527235031128 0.007066815160214901 -0.23089441657066345 -100.44941711425781 -0.0116727314889431 0.9997596740722656 -0.01854429952800274 59.515655517578125 0.230709046125412 0.02073712646961212 0.972801923751831 -415.47625732421875
* 0.9793851971626282 0.005359911825507879 -0.20192840695381165 -115.36981964111328 -0.008228408172726631 0.9998771548271179 -0.013318700715899467 54.0234489440918 0.20183338224887848 0.014704909175634384 0.979309618473053 -419.4356994628906
* 0.9853324890136719 -0.0016639517853036523 -0.17063508927822113 -128.0535888671875 7.130111916922033E-4 0.9999838471412659 -0.005574810318648815 46.495418548583984 0.17064276337623596 0.005370579194277525 0.9853183627128601 -417.5789489746094
* 0.9912471175193787 -0.004726968239992857 -0.13193202018737793 -137.05712890625 0.002812042133882642 0.9998887777328491 -0.014620277099311352 40.831199645996094 0.1319875568151474 0.014120516367256641 0.9911508560180664 -413.7946472167969
* 0.9961854219436646 -0.005924276541918516 -0.08705603331327438 -142.0618896484375 0.004528661258518696 0.9998596906661987 -0.016103694215416908 40.27283477783203 0.0871402844786644 0.015647223219275475 0.9960732460021973 -413.30853271484375
* 0.9965631365776062 -0.007196841761469841 -0.0825190395116806 -142.31207275390625 0.005867626518011093 0.9998509287834167 -0.0162165816873312 40.03887939453125 0.08262449502944946 0.015675855800509453 0.996457576751709 -413.015869140625
* 0.9961696267127991 -0.008641841821372509 -0.08700969070196152 -140.05718994140625 0.007240200415253639 0.9998406171798706 -0.016295425593852997 37.69729232788086 0.08713769912719727 0.015602230094373226 0.9960742592811584 -412.6395568847656
* 0.9970089197158813 -0.011479678563773632 -0.07642463594675064 -138.42324829101563 0.011189416982233524 0.9999285936355591 -0.004092254210263491 32.402896881103516 0.07646720111370087 0.003224043408408761 0.9970669746398926 -415.5321044921875
* 0.9984272718429565 -0.01279536448419094 -0.05457518994808197 -137.29010009765625 0.012536166235804558 0.9999090433120728 -0.004903370980173349 26.1688175201416 0.054633986204862595 0.004210667684674263 0.9984976053237915 -416.1767578125
* 0.9980302453041077 -0.007684124633669853 -0.06225457414984703 -136.70108032226563 0.006757202558219433 0.9998654723167419 -0.014923708513379097 19.117937088012695 0.062361907213926315 0.014472823590040207 0.9979486465454102 -414.9314270019531
* 0.9992254376411438 -0.01208939217031002 -0.03743591532111168 -138.15127563476563 0.011800108477473259 0.9999005794525146 -0.007669233251363039 11.384798049926758 0.03752592206001282 0.007220706902444363 0.9992696046829224 -419.2163391113281
* 0.9987732172012329 -0.019392091780900955 -0.04555453360080719 -137.62498474121094 0.019706396386027336 0.9997830390930176 0.006682987790554762 2.6565160751342773 0.04541606083512306 -0.007573368027806282 0.9989395141601563 -418.6719970703125
* 0.9992033243179321 -0.009274507872760296 -0.0388057716190815 -137.42576599121094 0.00855271052569151 0.9997923970222473 -0.01846591755747795 -6.061135768890381 0.038969993591308594 0.01811848022043705 0.9990761280059814 -420.60546875
* 0.9970411658287048 -0.011759254150092602 -0.07596077769994736 -134.443359375 0.012169620022177696 0.9999125599861145 0.005074965767562389 -13.637900352478027 0.07589549571275711 -0.0059852213598787785 0.9970978498458862 -413.9540710449219
* 0.9951506853103638 -0.009717038832604885 -0.0978773683309555 -132.63739013671875 0.008673912845551968 0.9999016523361206 -0.010974179953336716 -16.702085494995117 0.09797543287277222 0.01007113978266716 0.9951379299163818 -411.7568054199219
* 0.997484564781189 -0.010139710269868374 -0.07014935463666916 -131.3015899658203 0.010256372392177582 0.9999458193778992 0.0014473730698227882 -14.624002456665039 0.07013190537691116 -0.0021640658378601074 0.9975354671478271 -412.29901123046875
* 0.9961180686950684 -0.004467947408556938 -0.08790963888168335 -128.40679931640625 0.003449046052992344 0.9999260306358337 -0.011623336933553219 -12.519996643066406 0.08795612305402756 0.011274184100329876 0.9960606694221497 -410.6824035644531
* 0.9962256550788879 -0.0036555975675582886 -0.08671987801790237 -125.73811340332031 0.0027288850396871567 0.9999386668205261 -0.010685287415981293 -11.924946784973145 0.0867546796798706 0.010407475754618645 0.9961754679679871 -409.6946716308594
* 0.9945592284202576 -0.003440750762820244 -0.10411234945058823 -123.13153839111328 0.004208803176879883 0.9999642968177795 0.007256173528730869 -11.649519920349121 0.10408474504947662 -0.0076557332649827 0.9945390820503235 -408.3499755859375
* 0.997516930103302 0.0015552471159026027 -0.07040368020534515 -121.79891967773438 -0.0021223649382591248 0.999966561794281 -0.007836911827325821 -11.112578392028809 0.07039017975330353 0.007966041564941406 0.9974878430366516 -410.9422302246094
* 0.9949354529380798 0.002253224840387702 -0.10048569738864899 -119.41229248046875 -0.0015033433446660638 0.9999692440032959 0.007638738956302404 -9.4109468460083 0.10050087422132492 -0.007449836935847998 0.9949092268943787 -408.44390869140625
* 0.9956080913543701 0.006228297483175993 -0.0934058204293251 -118.71623229980469 -0.006716551724821329 0.9999654293060303 -0.004804983735084534 -7.96830940246582 0.09337371587753296 0.0054104141891002655 0.9956165552139282 -407.9754943847656
* 0.9939972162246704 0.005479398183524609 -0.10926339030265808 -119.42376708984375 -0.004826035816222429 0.9999677538871765 0.0063362461514770985 -7.568060874938965 0.10929565876722336 -0.005771745927631855 0.9939926862716675 -407.9192199707031
* 0.9953805208206177 0.006269891746342182 -0.09579766541719437 -120.8234634399414 -0.005972251296043396 0.9999755620956421 0.003499506041407585 -8.931740760803223 0.09581831842660904 -0.002912048017606139 0.9953947067260742 -407.8810119628906
* 0.9941006898880005 0.0026365607045590878 -0.10842470824718475 -121.8953857421875 -0.0024954895488917828 0.9999951720237732 0.001530584180727601 -10.536993980407715 0.10842929035425186 -0.0012518148869276047 0.9941034317016602 -407.7554016113281
* 0.9956715703010559 2.3005828552413732E-4 -0.09293568879365921 -123.45844268798828 0.0013012242270633578 0.9998621344566345 0.01652526669204235 -11.823016166687012 0.0929277166724205 -0.016575518995523453 0.9955349564552307 -409.7915954589844
* 0.9970523715019226 6.863566231913865E-4 -0.07671456038951874 -123.83873748779297 -7.854712894186378E-4 0.9999985694885254 -0.0011292732087895274 -11.902535438537598 0.07671470195055008 0.0011853656033053994 0.9970524311065674 -409.9529724121094
* 0.9963087439537048 -7.922382792457938E-4 -0.08583283424377441 -123.89129638671875 0.001155039994046092 0.9999896287918091 0.0042957402765750885 -10.878812789916992 0.08582958579063416 -0.004379867110401392 0.996300220489502 -409.711669921875
* 0.9941626787185669 -8.149101631715894E-4 -0.10788415372371674 -123.02274322509766 0.0018366961739957333 0.9999529719352722 0.009466372430324554 -10.499866485595703 0.10787243396043777 -0.009610110893845558 0.994118332862854 -408.4081726074219
* 0.9949797987937927 4.2584622860886157E-4 -0.10006964206695557 -121.54712677001953 -7.872771238908172E-4 0.9999931454658508 -0.0034706881269812584 -10.53593921661377 0.10006853193044662 0.0035312161780893803 0.9949743151664734 -408.1900939941406
* 0.9953144192695618 0.002352585084736347 -0.09665810316801071 -120.60820770263672 -0.0023144842125475407 0.9999966621398926 6.113025592640042E-4 -10.237131118774414 0.09666024893522263 -3.8554950151592493E-4 0.9953174591064453 -409.3546447753906
* 0.9934540390968323 0.0017128908075392246 -0.11421562731266022 -118.3641357421875 -0.0014911626931279898 0.9999961853027344 0.0021156691946089268 -9.307394027709961 0.11421986669301987 -0.001932329498231411 0.9934536814689636 -408.3368225097656
* 0.9944899678230286 0.002248792676255107 -0.10480329394340515 -115.92821502685547 -0.002961639780551195 0.9999737739562988 -0.006549379788339138 -7.15384578704834 0.10478685051202774 0.006822868250310421 0.9944714307785034 -411.0066223144531
* 0.9921960234642029 0.0019744273740798235 -0.12466847896575928 -110.63806915283203 -0.002461167285218835 0.9999898076057434 -0.003668558318167925 -5.093867301940918 0.12466102838516235 0.003945942968130112 0.9921916723251343 -409.1859436035156
* 0.9910879731178284 0.007190831936895847 -0.13301104307174683 -104.67952728271484 -0.007900595664978027 0.9999571442604065 -0.004732490982860327 -2.948434352874756 0.13297238945960999 0.0057403696700930595 0.9911032915115356 -410.1432189941406
* 0.9936280846595764 0.011912098154425621 -0.11207284033298492 -99.78060913085938 -0.013844629749655724 0.9997693300247192 -0.016390159726142883 -0.020427227020263672 0.11185282468795776 0.01783652976155281 0.9935648441314697 -410.2760314941406
* 0.995906412601471 0.013212628662586212 -0.08941422402858734 -98.44477844238281 -0.01315264217555523 0.9999120831489563 0.001373843988403678 2.9959089756011963 0.08942558616399765 -1.9300810527056456E-4 0.9959936738014221 -410.66705322265625
* 0.9943965077400208 0.01141414139419794 -0.10509239137172699 -100.8028335571289 -0.010699370875954628 0.9999144077301025 0.007459545042365789 6.02055549621582 0.1051696240901947 -0.006294149439781904 0.9944345355033875 -410.6585998535156
