#
#
#
#
#
#
#
#
#
#
#
#
#
#
#
#
#
#
#
#
#
#
#
#
#
#
#
#
#
#
#
#
#
#
#
#
#
#
#
#
#
#
#
#
#
#
#
#
#
#
#
#
#
#
#
#
#
#
#
#
#
#
#
#
#
#
#
#
#
#
#
#
#
#
#
#
#
#
#
#
#
#
#
#
#
#
#
#
#
#
#
#
#
#
#
#
#
#
#
#
#
#
#
#
#
#
#
#
#
#
#
#
#
#
#
#
#
#
#
#
#
#
#
#
#
#
#
#
#
#
#
#
#
#
#
#
#
#
#
#
#
#
#
#
#
#
#
#
#
#
#
#
#
#
#
#
#
#
#
#
#
#
#
#
#
#
#
#
#
#
#
#
#
#
#
#
#
#
#
#
#
#
#
#
#
#
#
#
#
#
#
#
#
#
#
#
#
#
#
#
#
#
#
#
#
#
#
#
#
#
#
#
#
#
#
#
#
#
#
#
#
#
#
#
#
#
#
#
#
#
#
#
#
#
#
#
#
#
#
#
#
#
#
#
#
#
#
#
#
#
#
#
#
#
#
#
#
#
#
#
#
#
#
#
#
#
#
#
#
#
#
#
#
#
#
#
#
#
#
#
#
#
#
#
#
#
#
#
#
#
#
#
#
#
#
#
#
#
#
#
#
#
#
#
#
#
#
#
#
#
#
#
#
#
#
#
#
#
#
#
#
#
#
#
#
#
#
#
#
#
#
#
#
#
#
#
#
#
#
#
#
#
#
#
#
#
#
#
#
#
#
#
#
#
#
#
#
#
#
#
#
#
#
#
#
#
#
#
#
#
#
#
#
#
#
#
#
#
#
#
#
#
#
#
#
#
#
#
#
#
#
#
#
#
#
#
#
#
#
#
#
#
* 0.9801211953163147 0.0021773509215563536 -0.1983886957168579 -110.66392517089844 -0.007659939583390951 0.9996089339256287 -0.026891328394412994 -32.45121765136719 0.1982523798942566 0.027876298874616623 0.9797545671463013 -387.4966125488281
* 0.9901370406150818 0.008919046260416508 -0.13981939852237701 -89.93368530273438 -0.01494393777102232 0.9990003705024719 -0.04212699830532074 -18.867794036865234 0.13930371403694153 0.04380084574222565 0.9892805814743042 -386.4246826171875
* 0.9995272159576416 0.014093812555074692 -0.02732941135764122 -75.18782806396484 -0.015256987884640694 0.9989596009254456 -0.04297200217843056 -4.414679050445557 0.026695143431425095 0.043368540704250336 0.9987025260925293 -382.37005615234375
* 0.9972894787788391 0.01500913966447115 -0.07203266769647598 -67.89915466308594 -0.017712457105517387 0.9991547465324402 -0.03709103912115097 4.875335216522217 0.07141488045454025 0.038266271352767944 0.9967125058174133 -370.8983459472656
* 0.9955734014511108 0.017496803775429726 -0.09234558790922165 -66.54206085205078 -0.01805787719786167 0.9998228549957275 -0.005284542683511972 9.958280563354492 0.09223655611276627 0.006928602699190378 0.9957131147384644 -368.635498046875
* 0.9947724938392639 0.02104528434574604 -0.0999247133731842 -68.04413604736328 -0.02600456401705742 0.9984782338142395 -0.048627931624650955 13.552702903747559 0.09874904900789261 0.050972115248441696 0.9938060641288757 -367.29083251953125
* 0.9922375082969666 0.026494862511754036 -0.12150298058986664 -69.07498931884766 -0.031258825212717056 0.9988072514533997 -0.03750263899564743 15.591293334960938 0.120364248752594 0.04100944846868515 0.99188232421875 -365.1272888183594
* 0.9928862452507019 0.022567402571439743 -0.11691007018089294 -68.0811767578125 -0.025372188538312912 0.9994224905967712 -0.022590605542063713 14.218048095703125 0.11633256822824478 0.025396045297384262 0.9928855299949646 -366.5674743652344
* 0.9912176132202148 0.02316572517156601 -0.13019707798957825 -65.5776138305664 -0.028207814320921898 0.9989151358604431 -0.03704554960131645 11.71483325958252 0.12919746339321136 0.04039265587925911 0.9907958507537842 -364.9944152832031
* 0.9933006167411804 0.029447684064507484 -0.11174454540014267 -65.15035247802734 -0.03392088785767555 0.9986871480941772 -0.038376204669475555 11.143882751464844 0.11046756058931351 0.041909463703632355 0.9929957389831543 -367.186767578125
* 0.9931967258453369 0.030246693640947342 -0.11245215684175491 -65.81502532958984 -0.03256996348500252 0.9992902278900146 -0.01891356334090233 13.269472122192383 0.11180007457733154 0.022447330877184868 0.9934771656990051 -368.13958740234375
* 0.9984466433525085 0.036188531666994095 -0.042364731431007385 -66.8120346069336 -0.037599802017211914 0.998744547367096 -0.03309314325451851 18.827367782592773 0.041113730520009995 0.0346345379948616 0.998553991317749 -374.5074768066406
* 0.9925042390823364 0.04514971002936363 -0.11356461048126221 -65.97994232177734 -0.0480930358171463 0.9985698461532593 -0.02334422804415226 25.269018173217773 0.11234798282384872 0.028630800545215607 0.9932564496994019 -367.71832275390625
* 0.9924867749214172 0.04647787660360336 -0.11318103224039078 -68.69468688964844 -0.050563473254442215 0.9981576800346375 -0.03353029489517212 25.407529830932617 0.1114138588309288 0.039001088589429855 0.993008553981781 -368.1964416503906
* 0.9894278645515442 0.0533967986702919 -0.1348385512828827 -73.1362533569336 -0.05772785469889641 0.9979270100593567 -0.02844233438372612 21.33674430847168 0.13304004073143005 0.03592549264431 0.9904593825340271 -367.40863037109375
* 0.9897611141204834 0.0485609769821167 -0.1342199593782425 -79.06796264648438 -0.048783645033836365 0.9988080263137817 0.001603869372047484 17.74009895324707 0.1341376155614853 0.004960196558386087 0.990950345993042 -367.9084777832031
* 0.9931470155715942 0.04864536225795746 -0.106267549097538 -84.7177734375 -0.05038716271519661 0.9986343383789063 -0.013801053166389465 15.715933799743652 0.10545080155134201 0.01906089298427105 0.9942419528961182 -369.29168701171875
* 0.9945669770240784 0.04471549764275551 -0.09400563687086105 -87.99725341796875 -0.04710124433040619 0.9986169934272766 -0.02335376851260662 15.62884521484375 0.0928310975432396 0.027654573321342468 0.995297908782959 -369.2147216796875
* 0.9933417439460754 0.05610541254281998 -0.10061978548765182 -88.8931884765625 -0.06183380261063576 0.9965817928314209 -0.054782088845968246 18.139066696166992 0.09720201045274734 0.060638949275016785 0.9934157729148865 -369.35211181640625
* 0.9948700070381165 0.05038193613290787 -0.08772248774766922 -87.80238342285156 -0.05445224046707153 0.997515857219696 -0.04468418285250664 22.869483947753906 0.0852530226111412 0.04923155903816223 0.9951423406600952 -370.08123779296875
* 0.9929742217063904 0.053286563605070114 -0.10565297305583954 -85.21874237060547 -0.05741123482584953 0.9976858496665955 -0.036424290388822556 25.23687171936035 0.10346727073192596 0.04223396256566048 0.9937359094619751 -367.80108642578125
* 0.9903059005737305 0.05786177143454552 -0.12627846002578735 -83.05461120605469 -0.0636206716299057 0.9970864057540894 -0.04208528995513916 23.746417999267578 0.12347512692213058 0.049711134284734726 0.9911019206047058 -366.90155029296875
* 0.9909029006958008 0.05208726227283478 -0.12409009039402008 -80.15872955322266 -0.05789213255047798 0.9973673224449158 -0.043670475482940674 21.886859893798828 0.12148844450712204 0.0504569485783577 0.9913097023963928 -367.5266418457031
* 0.99101722240448 0.04769653454422951 -0.12494031339883804 -74.88839721679688 -0.05469321832060814 0.9970844984054565 -0.053210847079753876 19.132251739501953 0.12203780561685562 0.059566155076026917 0.9907365441322327 -369.4075622558594
* 0.9816994071006775 0.044408321380615234 -0.18518689274787903 -66.82057189941406 -0.05575800687074661 0.9968413710594177 -0.056555118411779404 16.013660430908203 0.1820901781320572 0.06584569811820984 0.981074869632721 -368.7701416015625
* 0.9480394124984741 0.03301572799682617 -0.3164355456829071 -51.967960357666016 -0.049455735832452774 0.9978035092353821 -0.044073861092329025 7.6505818367004395 0.3142850995063782 0.05743321776390076 0.9475899338722229 -372.91436767578125
* 0.925809919834137 0.03299228847026825 -0.3765472173690796 -30.08890151977539 -0.039825908839702606 0.9991527199745178 -0.010385407134890556 -4.16737699508667 0.3758852779865265 0.02461114712059498 0.9263395667076111 -376.43804931640625
* 0.9282351732254028 0.02239391952753067 -0.37131959199905396 -8.171622276306152 -0.017869502305984497 0.9997185468673706 0.015611359849572182 -16.8037052154541 0.3715643584728241 -0.007855813018977642 0.9283742904663086 -375.72430419921875
* 0.9468399882316589 0.03623102605342865 -0.3196585774421692 8.285139083862305 -0.026758642867207527 0.9990648031234741 0.03396521881222725 -26.194076538085938 0.32058990001678467 -0.02360609732568264 0.946924090385437 -371.9141845703125
* 0.9886480569839478 0.030647052451968193 -0.1470923125743866 17.430580139160156 -0.029364030808210373 0.9995098114013672 0.010861330665647984 -31.023700714111328 0.14735276997089386 -0.006418906152248383 0.9890634417533875 -373.12640380859375
* 0.9742642045021057 0.04003439098596573 -0.221826434135437 17.77705192565918 -0.023055963218212128 0.9966402649879456 0.07859116047620773 -32.888893127441406 0.22422723472118378 -0.071454256772995 0.9719139933586121 -372.1280822753906
* 0.9757125973701477 0.04163364693522453 -0.21506255865097046 13.086271286010742 -0.02127741277217865 0.9951444268226624 0.09609834104776382 -36.39324951171875 0.21801893413066864 -0.08918854594230652 0.9718608260154724 -374.1832275390625
* 0.9718419909477234 0.04133094102144241 -0.2319810688495636 4.843596935272217 -0.013201262801885605 0.9925026297569275 0.12150927633047104 -41.35914993286133 0.23526357114315033 -0.11502555012702942 0.965101420879364 -374.69610595703125
* 0.981229841709137 0.036667484790086746 -0.1893243044614792 -4.465086936950684 -0.017375033348798752 0.9945758581161499 0.10255442559719086 -47.1976318359375 0.19205743074417114 -0.09734012931585312 0.9765446782112122 -375.8396911621094
* 0.9869425892829895 0.030680444091558456 -0.15812477469444275 -11.910268783569336 -0.021935001015663147 0.9981483221054077 0.05673607811331749 -51.10475540161133 0.15957234799861908 -0.05252695828676224 0.9857878684997559 -374.1766052246094
* 0.9914581775665283 0.02988366410136223 -0.12695659697055817 -17.86831283569336 -0.02314765751361847 0.9982630610466003 0.05417724326252937 -50.01938247680664 0.1283547729253769 -0.05077590420842171 0.9904276728630066 -376.3103332519531
* 0.9919052124023438 0.03129008412361145 -0.12306558340787888 -25.11639404296875 -0.025707492604851723 0.9985798597335815 0.04666273295879364 -45.2019157409668 0.12435059994459152 -0.04312148690223694 0.9913009405136108 -378.3239440917969
* 0.9908856749534607 0.030441660434007645 -0.13122092187404633 -34.63271713256836 -0.019037500023841858 0.9960023164749146 0.08727506548166275 -37.542137145996094 0.1333528459072113 -0.08398168534040451 0.9875040650367737 -376.50634765625
* 0.9863889217376709 0.0299360528588295 -0.16168124973773956 -43.609840393066406 -0.024227751418948174 0.999016284942627 0.03714044764637947 -31.550739288330078 0.1626337766647339 -0.03271793574094772 0.9861440062522888 -373.0211486816406
* 0.989657461643219 0.027620701119303703 -0.14076632261276245 -51.77723693847656 -0.021494396030902863 0.9987633228302002 0.04483131319284439 -27.00269889831543 0.1418302357196808 -0.04134213179349899 0.9890273809432983 -372.2312927246094
* 0.9901944398880005 0.034489039331674576 -0.13537077605724335 -59.13145446777344 -0.03331250324845314 0.9993852376937866 0.010920215398073196 -22.08353614807129 0.1356639266014099 -0.006303766276687384 0.9907348155975342 -370.4544677734375
* 0.9913208484649658 0.02862529456615448 -0.12830933928489685 -65.73005676269531 -0.02885160967707634 0.9995836019515991 6.591337296413258E-5 -18.898374557495117 0.12825755774974823 0.0036364353727549314 0.9917342066764832 -368.23175048828125
* 0.9938515424728394 0.02289569564163685 -0.10832689702510834 -70.6552734375 -0.022526537999510765 0.9997355937957764 0.004596229176968336 -16.086593627929688 0.10840325802564621 -0.002127898158505559 0.9941046833992004 -369.2311096191406
* 0.9934038519859314 0.0296686552464962 -0.11076275259256363 -73.5760726928711 -0.030962727963924408 0.9994702339172363 -0.010015037842094898 -13.632293701171875 0.11040673404932022 0.01337833609431982 0.9937964081764221 -367.5755615234375
* 0.9958362579345703 0.02582765370607376 -0.0874241292476654 -75.81443786621094 -0.02629687450826168 0.999644935131073 -0.004262109287083149 -12.828661918640137 0.08728279918432236 0.006543191149830818 0.9961619973182678 -367.926025390625
* 0.9924205541610718 0.03051719069480896 -0.11903800070285797 -77.32787322998047 -0.03544330596923828 0.9985898733139038 -0.039518676698207855 -14.14172649383545 0.1176639273762703 0.043438103049993515 0.9921029210090637 -365.9344787597656
* 0.9956256151199341 0.02766222506761551 -0.08924365043640137 -80.70751953125 -0.027303973212838173 0.9996135234832764 0.005191237200051546 -16.001184463500977 0.08935253322124481 -0.002731975866481662 0.9959961771965027 -368.4722595214844
* 0.9935861825942993 0.026767034083604813 -0.10986335575580597 -83.63966369628906 -0.02707436867058277 0.9996322989463806 -0.001340216025710106 -16.708852767944336 0.10978686809539795 0.0043059480376541615 0.9939456582069397 -367.36553955078125
* 0.9964110255241394 0.028204945847392082 -0.07980906963348389 -85.65867614746094 -0.02747177705168724 0.9995700120925903 0.010223569348454475 -16.04812240600586 0.08006288856267929 -0.007994536310434341 0.9967575669288635 -368.9084167480469
* 0.9974455237388611 0.03327101096510887 -0.06320928782224655 -86.00302124023438 -0.03530540317296982 0.9988826513290405 -0.03140499070286751 -12.97170352935791 0.06209355592727661 0.03355623781681061 0.9975059032440186 -370.9531555175781
* 0.9993860721588135 0.03421276807785034 -0.007548094727098942 -84.76485443115234 -0.03435103967785835 0.9992181062698364 -0.019557949155569077 -5.355117321014404 0.006872817873954773 0.019805070012807846 0.9997801184654236 -376.38592529296875
* 0.9973962903022766 0.04112657532095909 -0.05923858657479286 -81.0882797241211 -0.04462781921029091 0.9972529411315918 -0.05911191180348396 3.575338840484619 0.056644558906555176 0.06160154566168785 0.9964919686317444 -372.6339111328125
* 0.9966177344322205 0.03490246459841728 -0.07439563423395157 -77.04975891113281 -0.036692142486572266 0.9990643858909607 -0.022876309230923653 9.636139869689941 0.07352736592292786 0.025528522208333015 0.9969661831855774 -369.97314453125
* 0.9941051006317139 0.03923983871936798 -0.10106953978538513 -72.98783111572266 -0.04113961011171341 0.9990114569664001 -0.016817159950733185 13.266045570373535 0.10030949860811234 0.02087583765387535 0.9947370886802673 -366.6465759277344
* 0.9955712556838989 0.0411485992372036 -0.08452412486076355 -70.00675201416016 -0.04396836459636688 0.9985257983207703 -0.031817588955163956 16.195024490356445 0.08309002965688705 0.03539292514324188 0.9959131479263306 -368.5809631347656
* 0.9982855319976807 0.03664640709757805 -0.045635707676410675 -68.56624603271484 -0.03754287585616112 0.9991135001182556 -0.019025003537535667 21.42076873779297 0.04489779844880104 0.02070554345846176 0.9987767338752747 -371.3031311035156
* 0.9973418116569519 0.03868381679058075 -0.061744753271341324 -68.8902359008789 -0.04072197899222374 0.9986523985862732 -0.03215939179062843 29.118515014648438 0.06041725352406502 0.03458814322948456 0.9975734949111938 -371.2471923828125
* 0.9956154227256775 0.03701317682862282 -0.0859031081199646 -69.83434295654297 -0.03960350900888443 0.9988030791282654 -0.028690814971923828 33.64997100830078 0.0847381129860878 0.03196695074439049 0.9958900809288025 -367.6744384765625
* 0.9936391115188599 0.03634047135710716 -0.10658369213342667 -71.34137725830078 -0.03871576488018036 0.9990429282188416 -0.02033550664782524 34.24798583984375 0.1057424545288086 0.02433248981833458 0.9940955638885498 -365.94085693359375
* 0.9974669814109802 0.03199772909283638 -0.06352246552705765 -72.46215057373047 -0.03286934271454811 0.9993775486946106 -0.01278100349009037 32.316375732421875 0.06307370960712433 0.014836438000202179 0.997898280620575 -367.1633605957031
* 0.9950411319732666 0.038482844829559326 -0.09171520918607712 -73.74376678466797 -0.041565246880054474 0.9986235499382019 -0.0319780632853508 25.664257049560547 0.09035812318325043 0.03563152253627777 0.9952714443206787 -368.3160095214844
* 0.995252788066864 0.03311704099178314 -0.09151238948106766 -74.89323425292969 -0.03723027557134628 0.9983525276184082 -0.043651990592479706 17.55964469909668 0.08991575241088867 0.04685166850686073 0.9948464632034302 -369.10272216796875
* 0.9966986775398254 0.030595846474170685 -0.07519985735416412 -74.74533081054688 -0.034183453768491745 0.9983121752738953 -0.0469420962035656 8.605302810668945 0.07363647222518921 0.049357593059539795 0.996062695980072 -371.4054870605469
* 0.9973134994506836 0.02555042877793312 -0.06864641606807709 -72.22872924804688 -0.026897702366113663 0.9994605183601379 -0.0188275296241045 -0.4527442753314972 0.06812809407711029 0.02062324807047844 0.9974631071090698 -372.27593994140625
* 0.9945512413978577 0.01660092920064926 -0.10291697829961777 -67.89257049560547 -0.01664919964969158 0.9998610019683838 3.547240048646927E-4 -8.241333961486816 0.10290833562612534 0.001360568217933178 0.9946897029876709 -369.3443603515625
* 0.9900583028793335 0.01939144916832447 -0.1393141746520996 -62.79979705810547 -0.02462548203766346 0.9990490078926086 -0.03597087785601616 -14.901618003845215 0.1384839415550232 0.039043836295604706 0.9895945191383362 -368.18585205078125
* 0.9923471808433533 0.021827612072229385 -0.12153417617082596 -57.84383010864258 -0.024335147812962532 0.9995188117027283 -0.01921587996184826 -19.349111557006836 0.12105603516101837 0.022026261314749718 0.9924010038375854 -369.58697509765625
* 0.9920341968536377 0.02396271750330925 -0.12366794049739838 -53.36113357543945 -0.028432492166757584 0.9989986419677734 -0.03453483805060387 -24.417802810668945 0.12271634489297867 0.03777581453323364 0.9917224049568176 -370.4707946777344
* 0.991721510887146 0.01873258501291275 -0.12703296542167664 -48.9140739440918 -0.018469255417585373 0.9998238682746887 0.0032224359456449747 -29.769786834716797 0.12707072496414185 -8.496770751662552E-4 0.9918930530548096 -370.2916564941406
* 0.9920456409454346 0.017845893278717995 -0.12460619956254959 -44.60087585449219 -0.017923889681696892 0.9998388886451721 4.667122848331928E-4 -33.408084869384766 0.12459419667720795 0.0017703025368973613 0.9922058582305908 -371.14605712890625
* 0.9918726682662964 0.020773228257894516 -0.12552636861801147 -41.09920120239258 -0.020910223945975304 0.99978107213974 1.9790654187090695E-4 -36.02445983886719 0.12550273537635803 0.0024283472448587418 0.9920899271965027 -371.2673645019531
* 0.9921315312385559 0.020265961065888405 -0.1235480085015297 -39.373390197753906 -0.021915845572948456 0.9996870160102844 -0.012038719840347767 -37.1771354675293 0.1232651099562645 0.014651515521109104 0.9922652244567871 -370.9761657714844
* 0.9971849322319031 0.02394644170999527 -0.07105287164449692 -40.02755355834961 -0.021852944046258926 0.999309241771698 0.030046753585338593 -36.95490264892578 0.07172305136919022 -0.028409596532583237 0.9970195293426514 -374.1645202636719
* 0.9940590262413025 0.026962095871567726 -0.10544849187135696 -43.41640853881836 -0.026173541322350502 0.9996179938316345 0.008820995688438416 -36.15681838989258 0.1056458055973053 -0.006008769851177931 0.994385302066803 -373.94525146484375
* 0.9925903081893921 0.028586365282535553 -0.11809717863798141 -48.90555191040039 -0.023973815143108368 0.9989008903503418 0.04026498645544052 -35.267181396484375 0.11911817640066147 -0.037135545164346695 0.9921848773956299 -374.3296203613281
* 0.9883034229278564 0.026510892435908318 -0.15017656981945038 -55.35381317138672 -0.027725517749786377 0.9995968341827393 -0.00602355832234025 -32.73085403442383 0.1499561369419098 0.010116688907146454 0.9886403679847717 -372.4015808105469
* 0.9914284348487854 0.03122146986424923 -0.1268635392189026 -62.277198791503906 -0.028634142130613327 0.9993441700935364 0.022139500826597214 -28.98932456970215 0.12747135758399963 -0.01831725426018238 0.9916725754737854 -372.1909484863281
* 0.9901819825172424 0.027718471363186836 -0.1370069533586502 -69.69418334960938 -0.024963464587926865 0.9994509220123291 0.021760055795311928 -27.343229293823242 0.13753469288349152 -0.018126381561160088 0.9903305768966675 -372.5333251953125
* 0.989382803440094 0.030809124931693077 -0.1420285999774933 -77.2297134399414 -0.03088754042983055 0.999521017074585 0.001627545803785324 -27.435842514038086 0.14201053977012634 0.002776519861072302 0.9898607134819031 -370.5285949707031
* 0.9929441213607788 0.02970406785607338 -0.11480127274990082 -85.28402709960938 -0.02755320444703102 0.9994148015975952 0.02024616301059723 -27.747865676879883 0.11533533781766891 -0.016940301284193993 0.993181586265564 -373.1896667480469
* 0.9957861304283142 0.03277440369129181 -0.08564648032188416 -92.2960205078125 -0.03226996585726738 0.999452531337738 0.007225904613733292 -27.451854705810547 0.0858362689614296 -0.004431787878274918 0.9962987899780273 -373.292236328125
* 0.9968310594558716 0.03356689587235451 -0.07211442291736603 -98.84646606445313 -0.03301700949668884 0.999415934085846 0.00875419657677412 -26.92847442626953 0.07236601412296295 -0.006345597095787525 0.9973573684692383 -374.07666015625
* 0.9967671036720276 0.03520173951983452 -0.07221820950508118 -102.87909698486328 -0.035614121705293655 0.9993550777435303 -0.004480286501348019 -25.136259078979492 0.07201377302408218 0.007037648931145668 0.9973782300949097 -372.2152099609375
* 0.9981980919837952 0.03583480417728424 -0.04812101647257805 -106.45294189453125 -0.036404114216566086 0.9992751479148865 -0.011082518845796585 -23.20115852355957 0.04768884927034378 0.012814211659133434 0.9987794756889343 -373.509521484375
* 0.996734082698822 0.027456901967525482 -0.07593677937984467 -108.62944030761719 -0.027623189613223076 0.9996170997619629 -0.0011882447870448232 -20.626619338989258 0.0758749395608902 0.003281820798292756 0.9971112608909607 -371.5945129394531
* 0.9975563287734985 0.030313439667224884 -0.06294062733650208 -110.70703125 -0.03213733807206154 0.9990840554237366 -0.028229696676135063 -18.544147491455078 0.06202710047364235 0.03018330968916416 0.997617244720459 -371.5267333984375
* 0.9962486028671265 0.032362986356019974 -0.08025290817022324 -112.11643981933594 -0.03345269337296486 0.9993637800216675 -0.012316809967160225 -16.455041885375977 0.07980310916900635 0.014955125749111176 0.9966977834701538 -369.8083190917969
* 0.9961474537849426 0.042000554502010345 -0.07697604596614838 -113.14578247070313 -0.04444250091910362 0.998550534248352 -0.03033743053674698 -15.118216514587402 0.07559015601873398 0.03364141657948494 0.9965707063674927 -369.7982482910156
* 0.997219443321228 0.03950922191143036 -0.06318046897649765 -112.16776275634766 -0.04165128991007805 0.9985859394073486 -0.03301290050148964 -14.788924217224121 0.06178668513894081 0.0355524905025959 0.9974554181098938 -371.0104064941406
* 0.9956491589546204 0.040093839168548584 -0.08410994708538055 -108.30414581298828 -0.041798558086156845 0.9989513158798218 -0.01864868402481079 -14.593788146972656 0.08327392488718033 0.022083057090640068 0.9962813854217529 -371.40673828125
* 0.9927502274513245 0.034225981682538986 -0.11521628499031067 -101.60356140136719 -0.03613375499844551 0.9992404580116272 -0.01454176101833582 -13.229732513427734 0.11463095247745514 0.018599364906549454 0.9932334423065186 -370.66796875
* 0.9879324436187744 0.03614167496562004 -0.15060697495937347 -92.53472137451172 -0.03757600858807564 0.9992705583572388 -0.006712019443511963 -12.485639572143555 0.15025441348552704 0.012290055863559246 0.9885704517364502 -369.3967590332031
* 0.986911952495575 0.0445728674530983 -0.1549750715494156 -82.67936706542969 -0.046709977090358734 0.9988558292388916 -0.010197823867201805 -12.967353820800781 0.15434306859970093 0.01730305887758732 0.9878653287887573 -370.7928466796875
* 0.9852299690246582 0.04205355420708656 -0.16598913073539734 -71.51569366455078 -0.0460624024271965 0.9987297058105469 -0.02039615623652935 -14.458138465881348 0.16492043435573578 0.027740592136979103 0.9859160780906677 -370.3147277832031
* 0.9757682681083679 0.04470756649971008 -0.21418805420398712 -59.71715545654297 -0.044536083936691284 0.9989914894104004 0.005611676722764969 -16.474353790283203 0.21422283351421356 0.004063213709741831 0.9767757654190063 -368.2666931152344
* 0.9762925505638123 0.05389592796564102 -0.20963557064533234 -48.16391372680664 -0.056236445903778076 0.9984033107757568 -0.005232932511717081 -17.941211700439453 0.20901872217655182 0.016897855326533318 0.9777650237083435 -371.4126281738281
* 0.9740157723426819 0.05059901997447014 -0.2207530438899994 -36.53446578979492 -0.04476970061659813 0.9985059499740601 0.03131694346666336 -17.600696563720703 0.22200769186019897 -0.02062034234404564 0.9748262763023376 -369.93109130859375
* 0.9755183458328247 0.052618298679590225 -0.21352748572826385 -25.6403865814209 -0.05883663892745972 0.9980049133300781 -0.022885173559188843 -16.89550018310547 0.2118971347808838 0.03488798812031746 0.9766685366630554 -370.4236755371094
* 0.987280011177063 0.053314562886953354 -0.14978167414665222 -17.0672664642334 -0.05497196316719055 0.9984631538391113 -0.006968974601477385 -14.721179008483887 0.14917972683906555 0.015113948844373226 0.9886941313743591 -371.82061767578125
* 0.9872485399246216 0.05438779667019844 -0.14960262179374695 -11.374899864196777 -0.057772986590862274 0.9981597661972046 -0.018397381529211998 -12.52119255065918 0.14832651615142822 0.026805613189935684 0.9885745644569397 -370.058837890625
* 0.9873973727226257 0.05559106916189194 -0.14817111194133759 -9.066876411437988 -0.05603368580341339 0.99842768907547 0.0011637602001428604 -11.957208633422852 0.14800260961055756 0.0071533010341227055 0.9889605045318604 -369.2271423339844
* 0.9901803731918335 0.05816027149558067 -0.12711796164512634 -9.374319076538086 -0.05582728981971741 0.9982016682624817 0.021813424304127693 -12.599802017211914 0.12815779447555542 -0.014502760954201221 0.9916471838951111 -369.8107604980469
* 0.9898310899734497 0.06045667082071304 -0.1287563294172287 -12.145171165466309 -0.05879468843340874 0.998130738735199 0.016644980758428574 -14.115894317626953 0.1295216977596283 -0.008905718103051186 0.991536021232605 -370.3003845214844
* 0.9872738122940063 0.05399905890226364 -0.14957642555236816 -17.07880210876465 -0.04689769446849823 0.9976178407669067 0.05058174580335617 -16.81652069091797 0.15195119380950928 -0.0429234616458416 0.9874548316001892 -369.777099609375
* 0.9821903705596924 0.05772826820611954 -0.17879678308963776 -23.334352493286133 -0.05166458338499069 0.9979267120361328 0.038369908928871155 -19.686283111572266 0.18064087629318237 -0.02844930626451969 0.9831368327140808 -368.60498046875
* 0.9815646409988403 0.05032486841082573 -0.1843833476305008 -30.230091094970703 -0.046725865453481674 0.9986238479614258 0.023795370012521744 -21.56793212890625 0.18532688915729523 -0.014741424471139908 0.9825656414031982 -369.60272216796875
* 0.9790446162223816 0.06020637974143028 -0.19453991949558258 -37.73366928100586 -0.056071389466524124 0.9980697631835938 0.026678817346692085 -22.122066497802734 0.19577045738697052 -0.015211817808449268 0.9805310368537903 -367.67962646484375
* 0.983259379863739 0.05386531725525856 -0.1740642935037613 -46.14215087890625 -0.04823078587651253 0.998171329498291 0.03642202168703079 -20.990577697753906 0.17570769786834717 -0.027417242527008057 0.984059751033783 -369.8953857421875
* 0.9840335845947266 0.049900367856025696 -0.17084087431430817 -55.59140396118164 -0.04959975183010101 0.9987505078315735 0.006008475087583065 -18.574548721313477 0.17092706263065338 0.002560935914516449 0.9852795004844666 -370.0925598144531
* 0.9826218485832214 0.05168067663908005 -0.17827554047107697 -66.4332046508789 -0.04480363056063652 0.9980963468551636 0.04237014800310135 -15.574795722961426 0.18012574315071106 -0.03364664316177368 0.9830672144889832 -369.74249267578125
* 0.9837210178375244 0.050608400255441666 -0.17242568731307983 -77.36941528320313 -0.05032803863286972 0.9987143278121948 0.005978569388389587 -12.989431381225586 0.1725064218044281 0.002796421991661191 0.9850037097930908 -368.7362976074219
* 0.990365743637085 0.04631637781858444 -0.13049741089344025 -87.8271255493164 -0.04542815312743187 0.9989195466041565 0.009748315438628197 -10.139341354370117 0.1308077573776245 -0.0037263082340359688 0.9914001226425171 -370.5710144042969
* 0.9944695830345154 0.04258820042014122 -0.09599727392196655 -95.67774200439453 -0.04117655009031296 0.9990134239196777 0.01660076156258583 -7.356571674346924 0.09660938382148743 -0.012556290253996849 0.9952425360679626 -369.3639831542969
* 0.9945687055587769 0.05359189212322235 -0.08921902626752853 -100.64572143554688 -0.05578342825174332 0.9981934428215027 -0.02229437790811062 -7.141131401062012 0.08786287903785706 0.027150066569447517 0.9957619309425354 -366.9204406738281
* 0.9964948892593384 0.04774254187941551 -0.06868597120046616 -103.17845153808594 -0.049399588257074356 0.9985209107398987 -0.02268611453473568 -9.245539665222168 0.06750110536813736 0.02599947899580002 0.9973797798156738 -368.7293701171875
* 0.9941865801811218 0.04830791428685188 -0.09622101485729218 -102.10424041748047 -0.05136293172836304 0.9982417225837708 -0.02956816554069519 -12.886978149414063 0.09462328255176544 0.034338291734457016 0.9949201941490173 -365.945068359375
* 0.9951832890510559 0.049025166779756546 -0.0848885104060173 -100.48481750488281 -0.05153494328260422 0.9982870817184448 -0.027674593031406403 -17.17218017578125 0.08338617533445358 0.03191583976149559 0.9960055351257324 -368.2001037597656
* 0.9945111274719238 0.04244481399655342 -0.09563129395246506 -97.04995727539063 -0.04398621246218681 0.9989319443702698 -0.014106699265539646 -21.161666870117188 0.09493023157119751 0.018235547468066216 0.9953163266181946 -367.5024719238281
* 0.9926403760910034 0.045213837176561356 -0.1123393177986145 -93.13710021972656 -0.04873617738485336 0.9983946084976196 -0.028841381892561913 -23.66844940185547 0.11085476726293564 0.03410393372178078 0.9932507872581482 -367.3420715332031
* 0.9932900071144104 0.04390498250722885 -0.1069893091917038 -88.31462097167969 -0.04566284641623497 0.9988572597503662 -0.014070977456867695 -24.802457809448242 0.10624908655881882 0.018861813470721245 0.9941601753234863 -368.4669189453125
* 0.9913933277130127 0.04486168920993805 -0.12298814952373505 -81.99431610107422 -0.048944275826215744 0.9983380436897278 -0.03040674328804016 -25.758026123046875 0.1214194968342781 0.03616444021463394 0.9919417500495911 -368.014892578125
* 0.9878893494606018 0.042824555188417435 -0.1491308957338333 -74.4001693725586 -0.045369356870651245 0.9988754391670227 -0.013728238642215729 -27.431537628173828 0.14837516844272614 0.02032778039574623 0.9887217283248901 -368.2178649902344
* 0.9848054051399231 0.04442502558231354 -0.16788111627101898 -65.61689758300781 -0.04442485794425011 0.9990053176879883 0.003735780483111739 -29.322879791259766 0.16787995398044586 0.0037788881454616785 0.9857997298240662 -369.1065368652344
* 0.9864397048950195 0.04535161703824997 -0.1577320396900177 -56.51597595214844 -0.04866773262619972 0.9986656904220581 -0.01724768802523613 -30.911361694335938 0.1567392349243164 0.02469008043408394 0.9873309135437012 -370.5243225097656
* 0.9868005514144897 0.04691597819328308 -0.15499341487884521 -47.99675750732422 -0.04942845180630684 0.998699963092804 -0.012419085018336773 -32.08772659301758 0.15420915186405182 0.01991606131196022 0.987837016582489 -369.6341552734375
* 0.9851651787757874 0.0477328784763813 -0.1648349165916443 -40.74712371826172 -0.048429615795612335 0.9988260865211487 -2.3162644356489182E-4 -33.19945526123047 0.1646302193403244 0.008210894651710987 0.9863206744194031 -370.3307800292969
* 0.9831635355949402 0.044188808649778366 -0.1773023009300232 -32.451881408691406 -0.039861615747213364 0.9988158941268921 0.027873914688825607 -34.44371032714844 0.17832393944263458 -0.020337257534265518 0.9837611317634583 -371.6197204589844
* 0.981266438961029 0.04585585743188858 -0.1871168464422226 -23.940933227539063 -0.04410361871123314 0.9989352822303772 0.013498163782060146 -35.40093231201172 0.18753647804260254 -0.0049929553642869 0.9822444319725037 -370.0458984375
* 0.984839916229248 0.05084274336695671 -0.16584493219852448 -16.802753448486328 -0.04733343794941902 0.9985651969909668 0.025023577734827995 -36.309532165527344 0.16687911748886108 -0.01679440774023533 0.9858337640762329 -371.6747131347656
* 0.9932463765144348 0.05125690996646881 -0.1040850281715393 -11.57386302947998 -0.04673884063959122 0.9978763461112976 0.04535678029060364 -37.396751403808594 0.10618871450424194 -0.04018585383892059 0.9935330748558044 -373.239013671875
* 0.9910744428634644 0.05034204199910164 -0.12343629449605942 -9.329984664916992 -0.04492047056555748 0.997917115688324 0.04628881439566612 -38.211517333984375 0.1255093514919281 -0.040331050753593445 0.9912717342376709 -371.6488342285156
* 0.996673047542572 0.05559428036212921 -0.059595704078674316 -9.130902290344238 -0.054187923669815063 0.9982197880744934 0.02489628829061985 -39.156803131103516 0.06087357550859451 -0.021584296599030495 0.9979115128517151 -374.06805419921875
* 0.9880940914154053 0.053291551768779755 -0.14432424306869507 -11.230935096740723 -0.0502130389213562 0.9984284043312073 0.024865012615919113 -38.58193588256836 0.14542236924171448 -0.017322218045592308 0.9892174005508423 -371.034423828125
* 0.9909084439277649 0.05779239162802696 -0.12149055302143097 -13.810172080993652 -0.05406107008457184 0.9979662299156189 0.033758535981178284 -38.80818557739258 0.12319430708885193 -0.026883922517299652 0.9920177459716797 -372.1715393066406
* 0.9914118647575378 0.05901443958282471 -0.11670224368572235 -16.5747127532959 -0.056938882917165756 0.9981560111045837 0.021008959040045738 -39.01833724975586 0.11772672086954117 -0.01418384537100792 0.9929441213607788 -371.75201416015625
* 0.9943802356719971 0.052431512624025345 -0.09196950495243073 -19.556215286254883 -0.048140063881874084 0.9976747035980225 0.048234522342681885 -37.89106750488281 0.09428448975086212 -0.043536264449357986 0.9945922493934631 -373.9381103515625
* 0.9921407103538513 0.05326355621218681 -0.11322268098592758 -23.01933479309082 -0.04798591881990433 0.997654378414154 0.04880540445446968 -36.114627838134766 0.11555648595094681 -0.042988963425159454 0.992369532585144 -372.3155517578125
* 0.9925647377967834 0.05123350769281387 -0.11040816456079483 -26.022512435913086 -0.04795575886964798 0.9983327984809875 0.03210761398077011 -34.28451919555664 0.11186889559030533 -0.026574408635497093 0.9933669567108154 -371.0435791015625
* 0.992408812046051 0.046078525483608246 -0.11402225494384766 -29.20888900756836 -0.04368244856595993 0.9987711310386658 0.02339114621281624 -32.86433410644531 0.11495978385210037 -0.018233034759759903 0.9932022094726563 -371.1335144042969
* 0.9936586022377014 0.0400695838034153 -0.10505496710538864 -31.842222213745117 -0.037867143750190735 0.9990212321281433 0.02283944934606552 -31.586137771606445 0.10586712509393692 -0.01871669478714466 0.994203507900238 -371.0137023925781
* 0.9912794232368469 0.03866773843765259 -0.12597446143627167 -33.707183837890625 -0.03974007070064545 0.9991912841796875 -0.00604057963937521 -30.474153518676758 0.12563882768154144 0.010993930511176586 0.9920144081115723 -369.1935119628906
* 0.991473913192749 0.03442740812897682 -0.12567372620105743 -34.64756774902344 -0.035376813262701035 0.9993591904640198 -0.005361159332096577 -28.422637939453125 0.12540847063064575 0.009761178866028786 0.9920564293861389 -369.4889221191406
* 0.9963461756706238 0.031210627406835556 -0.07949665933847427 -35.11324691772461 -0.03129560127854347 0.9995096325874329 1.2750673340633512E-4 -26.14699935913086 0.07946151494979858 0.0023606442846357822 0.996834397315979 -371.10675048828125
* 0.9972956776618958 0.023341208696365356 -0.06968482583761215 -35.67268371582031 -0.021895840764045715 0.999531090259552 0.021377792581915855 -23.475923538208008 0.07015099376440048 -0.01979438215494156 0.9973392486572266 -370.955322265625
* 0.9934577941894531 0.02061924710869789 -0.11232154816389084 -35.99215316772461 -0.02360425889492035 0.9993994832038879 -0.02534613199532032 -20.831809997558594 0.11173134297132492 0.02783137746155262 0.9933479428291321 -369.0099792480469
* 0.9960600137710571 0.015669558197259903 -0.08728485554456711 -36.519527435302734 -0.01595582254230976 0.9998686909675598 -0.0026282663457095623 -18.0174617767334 0.0872320681810379 0.004010415636003017 0.9961791634559631 -369.603759765625
* 0.9970466494560242 0.0107516348361969 -0.07604033499956131 -37.105167388916016 -0.01138448528945446 0.9999030828475952 -0.007946286350488663 -15.583552360534668 0.07594738900661469 0.008788318373262882 0.9970722794532776 -370.75750732421875
* 0.9960272908210754 0.006173237692564726 -0.08883321285247803 -37.55974578857422 -0.0046510896645486355 0.9998392462730408 0.017287014052271843 -13.272692680358887 0.08892550319433212 -0.016805337741971016 0.9958956837654114 -368.4591064453125
* 0.9949920177459717 0.0024518505670130253 -0.09992364794015884 -37.481136322021484 -0.004231363069266081 0.9998350143432617 -0.017640603706240654 -11.618339538574219 0.09986374527215958 0.017974896356463432 0.9948379397392273 -368.61810302734375
* 0.9936068654060364 6.213252199813724E-4 -0.11289355903863907 -36.08203887939453 -0.003461520653218031 0.9996811151504517 -0.024999232962727547 -9.745532035827637 0.11284185945987701 0.02523001655936241 0.9932917356491089 -367.718017578125
* 0.9908742308616638 -0.004881397821009159 -0.13470149040222168 -34.26923751831055 0.00361187313683331 0.9999460577964783 -0.00969727523624897 -8.062566757202148 0.13474141061306 0.009122086688876152 0.9908379316329956 -366.1939392089844
* 0.9916660189628601 -0.004938638303428888 -0.12874077260494232 -33.40632247924805 0.002137086121365428 0.9997569918632507 -0.021921463310718536 -8.770768165588379 0.128817617893219 0.021463463082909584 0.9914351105690002 -365.4716491699219
* 0.9888349771499634 -0.006382250692695379 -0.14887778460979462 -34.1017951965332 0.003856278257444501 0.9998428821563721 -0.017276311293244362 -10.50468635559082 0.1489645093679428 0.016509130597114563 0.9887037873268127 -365.4040222167969
* 0.9907189011573792 -0.003170125652104616 -0.13588941097259521 -36.20559310913086 9.038236457854509E-4 0.999858558177948 -0.0167656522244215 -11.592890739440918 0.13592320680618286 0.016487043350934982 0.990581214427948 -366.0084533691406
* 0.9918544292449951 -0.005883785430341959 -0.12723982334136963 -38.235836029052734 0.005536101292818785 0.9999793171882629 -0.003117532003670931 -12.132694244384766 0.1272554099559784 0.0023875460028648376 0.9918661117553711 -365.9016418457031
* 0.9928389191627502 -0.006496040150523186 -0.11928316950798035 -40.130367279052734 0.007325173355638981 0.9999516606330872 0.006480127107352018 -12.585529327392578 0.11923519521951675 -0.007307669147849083 0.9928381443023682 -366.1711120605469
* 0.9918133020401001 -0.010172402486205101 -0.12729032337665558 -41.42268371582031 0.010903292335569859 0.9999274611473083 0.005014945287257433 -13.890037536621094 0.1272299587726593 -0.0063619352877140045 0.9918518662452698 -366.6875305175781
* 0.9929971098899841 -0.005845000501722097 -0.11799364537000656 -42.54322814941406 0.005824272055178881 0.9999822974205017 -5.543819861486554E-4 -15.500202178955078 0.11799468100070953 -1.3688800390809774E-4 0.9930132031440735 -365.91229248046875
* 0.9925670623779297 -0.0013617095537483692 -0.12169105559587479 -43.93904113769531 -6.498354487121105E-4 0.9998627305030823 -0.01652178354561329 -16.266990661621094 0.12169673293828964 0.01647789031267166 0.9924294948577881 -366.4245910644531
* 0.9924763441085815 -3.929024678654969E-4 -0.12243548035621643 -45.459571838378906 -0.0013097964692860842 0.9999025464057922 -0.013859025202691555 -16.795499801635742 0.12242888659238815 0.013914956711232662 0.9923786520957947 -366.50555419921875
* 0.992576539516449 -0.001053954940289259 -0.12161631137132645 -47.44845199584961 -0.0013375201961025596 0.9998061656951904 -0.019613968208432198 -17.348087310791016 0.12161330878734589 0.019630862399935722 0.992382287979126 -365.5068054199219
* 0.9943251013755798 0.0014074379578232765 -0.1063743382692337 -50.03114700317383 -0.002548957010731101 0.9999397397041321 -0.010634204372763634 -17.51728630065918 0.10635284334421158 0.010844840668141842 0.9942681193351746 -366.6952819824219
