#
#
#
#
#
#
#
#
#
#
#
#
#
#
#
#
#
#
#
#
#
#
#
#
#
#
#
#
#
#
#
#
#
#
#
#
#
#
#
#
#
#
#
#
#
#
#
#
#
#
#
#
#
#
#
#
#
#
#
#
#
#
#
#
#
#
#
#
#
#
#
#
#
#
#
#
#
#
#
#
#
#
#
#
#
#
#
#
#
#
#
#
#
#
#
#
#
#
#
#
#
#
#
#
#
#
#
#
#
#
#
#
#
#
#
#
#
#
#
#
#
#
#
#
#
#
#
#
#
#
#
#
#
#
#
#
#
#
#
#
#
#
#
#
#
#
#
#
#
#
#
#
#
#
#
#
#
#
#
#
#
#
#
#
#
#
#
#
#
#
#
* 0.9827573299407959 0.15515364706516266 0.10060136020183563 11.65248966217041 -0.05540692061185837 0.7661821842193604 -0.6402261257171631 263.88861083984375 -0.17640061676502228 0.6236132383346558 0.7615702152252197 -897.5872802734375
* 0.9671181440353394 0.16730982065200806 0.19155943393707275 2.013561487197876 -0.06669385731220245 0.8936687707901001 -0.44373685121536255 273.421630859375 -0.2454206347465515 0.41637036204338074 0.8754451870918274 -955.2955932617188
* 0.9880332946777344 0.15172243118286133 -0.027849968522787094 6.7955217361450195 -0.1430022418498993 0.8333512544631958 -0.5339198112487793 261.051513671875 -0.05778677389025688 0.5315133333206177 0.845076322555542 -941.989990234375
* 0.9823450446128845 0.1575971245765686 -0.10082857310771942 18.740304946899414 -0.18674613535404205 0.7941322326660156 -0.5783374309539795 244.70584106445313 -0.011061038821935654 0.5869565606117249 0.8095426559448242 -919.7639770507813
* 0.9815704822540283 0.19091594219207764 -0.008688852190971375 30.639793395996094 -0.1811201423406601 0.9148725867271423 -0.36082935333251953 238.84335327148438 -0.060926854610443115 0.355753630399704 0.9325915575027466 -931.8861083984375
* 0.9609331488609314 0.21943266689777374 0.16870594024658203 29.700220108032227 -0.13716036081314087 0.9069428443908691 -0.3982914686203003 224.4085693359375 -0.24039317667484283 0.35959261655807495 0.9016119837760925 -929.1520385742188
#
#
#
* 0.9621773362159729 0.23740699887275696 0.14609107375144958 -55.36079406738281 -0.16170041263103485 0.9121451377868652 -0.37127023935317993 206.02713012695313 -0.21800704300403595 0.33369430899620056 0.9171615242958069 -999.3262939453125
* 0.925607442855835 0.2119859755039215 0.3190653324127197 -58.52252197265625 -0.12592144310474396 0.9579197764396667 -0.2500612735748291 201.41099548339844 -0.355458527803421 0.1911972165107727 0.9149630069732666 -996.6887817382813
* 0.946137547492981 0.25851741433143616 0.20367228984832764 -65.75896453857422 -0.15940307080745697 0.908894419670105 -0.3801301121711731 190.96420288085938 -0.2800721824169159 0.3273525834083557 0.9024766683578491 -984.0115356445313
* 0.9333574175834656 0.27881765365600586 0.23365512490272522 -80.00708770751953 -0.19008339941501617 0.9267542958259583 -0.31779250502586365 178.81773376464844 -0.3018552362918854 0.2523933947086334 0.9193722009658813 -985.7506713867188
#
#
#
#
#
#
#
#
#
#
#
#
#
#
#
#
#
#
#
#
#
#
#
#
#
#
#
#
#
#
#
#
#
#
#
#
#
#
#
#
#
#
#
#
#
#
#
#
#
#
#
#
#
#
#
#
#
#
#
#
#
#
#
#
#
#
#
#
#
#
#
#
#
#
#
#
#
#
#
#
* 0.9684846997261047 0.05267415940761566 0.24343544244766235 -180.0751190185547 -0.016135478392243385 0.9885936379432678 -0.1497366726398468 150.3885955810547 -0.24854972958564758 0.14109107851982117 0.9582894444465637 -1702.5157470703125
* 0.9766965508460999 0.05401252210140228 0.20771266520023346 -185.23464965820313 -0.01704845204949379 0.9842767119407654 -0.175805002450943 149.53097534179688 -0.21394610404968262 0.16816836595535278 0.9622623920440674 -1726.278076171875
* 0.9162346720695496 0.029577452689409256 0.39954641461372375 -176.16049194335938 -0.001561058685183525 0.997525691986084 -0.0702766627073288 136.17955017089844 -0.40064042806625366 0.06376738846302032 0.914014995098114 -1664.197998046875
* 0.9543471336364746 0.05720514804124832 0.29316747188568115 -178.52517700195313 -0.02600661851465702 0.9936733841896057 -0.10925053805112839 128.7878875732422 -0.2975662648677826 0.09663982689380646 0.9497987031936646 -1736.8994140625
* 0.9675979018211365 -0.011350117623806 0.25223737955093384 -161.23297119140625 -0.042819052934646606 0.9771466255187988 0.2082066833972931 126.17564392089844 -0.2488398551940918 -0.21226035058498383 0.945000946521759 -1684.3653564453125
* 0.991286039352417 0.0343199148774147 0.12717051804065704 -150.03182983398438 -0.042489491403102875 0.9971672892570496 0.06205601245164871 131.69667053222656 -0.12468403577804565 -0.06691783666610718 0.9899386763572693 -1737.2535400390625
* 0.9986461400985718 0.032002516090869904 0.04098821431398392 -131.96011352539063 -0.03487124666571617 0.9968535304069519 0.0711757093667984 142.70326232910156 -0.038584738969802856 -0.0725078284740448 0.9966225624084473 -1723.53271484375
* 0.9966400861740112 0.03719218820333481 0.07296304404735565 -118.01665496826172 -0.04211084544658661 0.9968629479408264 0.06700645387172699 150.58445739746094 -0.0702454224228859 -0.0698530450463295 0.9950823783874512 -1739.7783203125
* 0.9974178671836853 0.05672357603907585 -0.044025614857673645 -108.70481872558594 -0.05600115656852722 0.9982753396034241 0.017581801861524582 157.33526611328125 0.0449439138174057 -0.015070009976625443 0.998877227306366 -1753.0284423828125
* 0.9866652488708496 0.05388763174414635 -0.15357668697834015 -109.23755645751953 -0.03283315896987915 0.9900950789451599 0.13650110363960266 159.96365356445313 0.1594085544347763 -0.1296379417181015 0.9786652326583862 -1725.14013671875
* 0.9871535897254944 0.04900941625237465 -0.1520654559135437 -122.12889862060547 -0.024633876979351044 0.9870913624763489 0.1582489311695099 161.77511596679688 0.15785549581050873 -0.15246954560279846 0.9756215810775757 -1715.8131103515625
* 0.9867989420890808 0.043327901512384415 -0.1560402512550354 -141.76580810546875 -0.031786803156137466 0.9966199994087219 0.07574398815631866 159.23342895507813 0.15879195928573608 -0.0697833001613617 0.9848442673683167 -1742.999267578125
* 0.991071879863739 0.05784757435321808 -0.12011690437793732 -153.07077026367188 -0.05423017218708992 0.9979754686355591 0.03321164846420288 150.87918090820313 0.12179206311702728 -0.02640032023191452 0.9922059178352356 -1748.919189453125
* 0.9950734376907349 0.05749404802918434 -0.08075346052646637 -165.199462890625 -0.056447166949510574 0.998288631439209 0.015248697251081467 143.4447021484375 0.0814889520406723 -0.010614370927214622 0.9966191649436951 -1774.5755615234375
* 0.9910199642181396 0.06892570853233337 -0.11457054316997528 -178.13587951660156 -0.06361731141805649 0.9967501759529114 0.04940592497587204 131.99142456054688 0.11760064959526062 -0.04167281091213226 0.9921876192092896 -1776.2506103515625
* 0.9751677513122559 0.08611351251602173 -0.20403450727462769 -205.2860870361328 -0.057346343994140625 0.9880654811859131 0.14295746386051178 123.42013549804688 0.21390751004219055 -0.1277064085006714 0.9684717059135437 -1767.8668212890625
* 0.9863577485084534 0.058227572590112686 -0.15396621823310852 -242.80958557128906 -0.04120931774377823 0.9929054975509644 0.1115315854549408 110.7398910522461 0.15936540067195892 -0.10366456210613251 0.9817632436752319 -1797.8980712890625
* 0.9897329807281494 0.06568606197834015 -0.12693171203136444 -270.6911315917969 -0.05865194648504257 0.996566891670227 0.058421459048986435 100.81697082519531 0.13033059239387512 -0.05037606507539749 0.9901914000511169 -1812.440185546875
* 0.9966014623641968 0.023266518488526344 -0.07900536060333252 -287.1759338378906 -0.020081350579857826 0.998959481716156 0.04093335568904877 90.20326232910156 0.07987256348133087 -0.039206746965646744 0.9960351586341858 -1823.6005859375
* 0.9980833530426025 0.014675214886665344 -0.060098081827163696 -300.4600830078125 -0.019956346601247787 0.995905876159668 -0.08815964311361313 78.68910217285156 0.058555230498313904 0.08919140696525574 0.9942931532859802 -1844.758544921875
* 0.9997730851173401 -0.019565457478165627 0.008279319852590561 -295.6078796386719 0.019699782133102417 0.9996598958969116 -0.01706010289490223 61.08831024169922 -0.007945921272039413 0.01722060516476631 0.9998214244842529 -1842.3812255859375
* 0.9915927648544312 -0.025251053273677826 -0.1269005835056305 -290.830322265625 0.04302813485264778 0.9893000721931458 0.13940264284610748 48.82862091064453 0.12201996892690659 -0.14369013905525208 0.9820727705955505 -1815.3111572265625
* 0.9943838119506836 -0.03425106778740883 -0.10012636333703995 -297.14093017578125 0.04574931785464287 0.9923171997070313 0.11494670063257217 44.59787368774414 0.09541726857423782 -0.11888091266155243 0.9883145093917847 -1821.599609375
* 0.9969853758811951 -0.03805011510848999 -0.06760181486606598 -319.7064208984375 0.04057523235678673 0.9985109567642212 0.03645160049200058 48.33222579956055 0.06611126661300659 -0.03908347338438034 0.9970478415489197 -1860.48876953125
* 0.9963938593864441 -0.03443746268749237 -0.07752988487482071 -342.31109619140625 0.032524265348911285 0.9991388916969299 -0.025746125727891922 51.068206787109375 0.07834688574075699 0.023133043199777603 0.9966590404510498 -1849.7791748046875
* 0.9985191226005554 -0.05240776762366295 0.014509953558444977 -360.4693298339844 0.0523572713136673 0.9986218214035034 0.003518974408507347 55.89447021484375 -0.014677494764328003 -0.0027527138590812683 0.9998897910118103 -1855.11669921875
* 0.997906506061554 -0.04651216045022011 -0.044908132404088974 -372.2413330078125 0.050147537142038345 0.9952315092086792 0.08365856111049652 61.010711669921875 0.040799885988235474 -0.08573438227176666 0.9954835772514343 -1847.6007080078125
* 0.9987156391143799 -0.05062922090291977 0.001115601509809494 -387.0759582519531 0.05042338743805885 0.996286928653717 0.06977980583906174 67.34164428710938 -0.004647448658943176 -0.06963281333446503 0.9975631237030029 -1838.93603515625
* 0.9975483417510986 -0.046164799481630325 -0.052570655941963196 -392.25836181640625 0.05034174770116806 0.9954241514205933 0.0812147706747055 68.40320587158203 0.04857789725065231 -0.08366109430789948 0.9953107237815857 -1815.3564453125
* 0.999697744846344 -0.018649974837899208 -0.015940818935632706 -403.1068420410156 0.019104188308119774 0.9993925094604492 0.02913893759250641 69.7926254272461 0.015384603291749954 -0.02943354845046997 0.9994495511054993 -1820.914306640625
* 0.999943733215332 -0.00968119315803051 0.004036048427224159 -414.2018737792969 0.010014485567808151 0.9954783320426941 -0.09445647895336151 73.33798217773438 -0.003106502816081047 0.09449300915002823 0.9955218434333801 -1842.81494140625
* 0.9979564547538757 -0.04125918075442314 -0.04876375570893288 -417.5794677734375 0.045453816652297974 0.995046854019165 0.08840304613113403 78.50405883789063 0.04487180709838867 -0.0904378592967987 0.994891881942749 -1816.7713623046875
* 0.999329149723053 -0.036223504692316055 0.0051494985818862915 -428.63311767578125 0.035929981619119644 0.9981970191001892 0.048073913902044296 87.40245819091797 -0.006884753704071045 -0.04785550385713577 0.9988317489624023 -1831.569580078125
* 0.9999600648880005 -0.0050874678418040276 0.007164130453020334 -434.844970703125 0.005027493461966515 0.9999573230743408 0.007704701274633408 95.25434112548828 -0.00720622343942523 -0.007667213678359985 0.999945878982544 -1827.633056640625
#
#
#
#
#
#
#
#
#
#
#
#
#
#
#
#
#
#
#
#
#
#
#
#
#
#
#
#
#
* 0.9838879704475403 -0.007121821865439415 0.178641676902771 -296.35577392578125 0.02939818799495697 0.992048442363739 -0.12237171828746796 143.0177459716797 -0.1763508915901184 0.12565210461616516 0.9762747287750244 -1964.746337890625
* 0.9444901347160339 0.013388723134994507 0.3282654285430908 -292.18524169921875 0.05678141862154007 0.9774798154830933 -0.20324434340000153 131.62423706054688 -0.3235953152179718 0.2106020301580429 0.9224604368209839 -1917.650146484375
* 0.9547797441482544 -0.0216827355325222 0.2965206503868103 -305.71966552734375 0.04037974029779434 0.9975522756576538 -0.05708037316799164 124.04481506347656 -0.29455846548080444 0.0664728581905365 0.9533189535140991 -1961.7279052734375
* 0.9126509428024292 0.0071672722697257996 0.40867581963539124 -303.6092224121094 0.07466848939657211 0.9800967574119568 -0.18394111096858978 115.28998565673828 -0.4018615484237671 0.19838958978652954 0.8939514756202698 -1904.57080078125
* 0.95297771692276 -0.010882441885769367 0.302843302488327 -315.89532470703125 0.06961266696453094 0.9804903268814087 -0.18382637202739716 120.9810791015625 -0.2949357032775879 0.19626453518867493 0.9351435303688049 -1942.8865966796875
* 0.942238450050354 -0.035269930958747864 0.33307909965515137 -322.05560302734375 0.07858484238386154 0.9899603724479675 -0.1174832358956337 130.16928100585938 -0.3255927562713623 0.1368725448846817 0.9355509281158447 -1945.647705078125
* 0.7826476097106934 -0.03723368048667908 0.6213496327400208 -333.2786560058594 0.10067794471979141 0.9926377534866333 -0.0673326924443245 127.90990447998047 -0.614269495010376 0.11525428295135498 0.7806341648101807 -1923.2528076171875
#
#
#
* 0.9760239720344543 -0.05571702867746353 -0.21040312945842743 -454.8466796875 0.05883309990167618 0.9982357621192932 0.008489258587360382 102.918212890625 0.20954664051532745 -0.02066536247730255 0.977579653263092 -1884.4986572265625
* 0.9942933917045593 -0.06640935689210892 0.08346983045339584 -475.8266296386719 0.06609787046909332 0.9977947473526001 0.0067070904187858105 107.33979797363281 -0.08374284952878952 -0.0011525396257638931 0.9964861869812012 -1912.6800537109375
* 0.990425705909729 -0.023358168080449104 0.1360439956188202 -474.888671875 0.050336889922618866 0.9788587689399719 -0.19826668500900269 113.2279281616211 -0.12854816019535065 0.20321446657180786 0.970658540725708 -1907.1593017578125
* 0.9165398478507996 -0.017168179154396057 0.3995703458786011 -471.4197998046875 0.09649398177862167 0.9790681004524231 -0.17922784388065338 125.29804229736328 -0.38813942670822144 0.20282353460788727 0.8990044593811035 -1927.8623046875
* 0.8957520127296448 -0.035514526069164276 0.4431292712688446 -453.9102783203125 0.08230283111333847 0.9928278923034668 -0.08675900101661682 136.69741821289063 -0.43687933683395386 0.11418376117944717 0.8922426700592041 -1912.171142578125
* 0.9088178873062134 0.021149655804038048 0.41665253043174744 -432.3736572265625 0.08584258705377579 0.9678774476051331 -0.23633089661598206 143.06546020507813 -0.40827664732933044 0.2505456209182739 0.8778015971183777 -1864.2127685546875
* 0.9272527098655701 0.06313233822584152 0.369070827960968 -426.60052490234375 0.049573421478271484 0.9563244581222534 -0.28808677196502686 152.81768798828125 -0.37114906311035156 0.28542211651802063 0.8836182355880737 -1848.102783203125
* 0.8514382243156433 0.04515858739614487 0.5225036144256592 -431.9068603515625 0.053206443786621094 0.9837176203727722 -0.171688050031662 158.1844940185547 -0.5217578411102295 0.17397964000701904 0.8351638317108154 -1833.2760009765625
* 0.7753498554229736 0.04954134672880173 0.6295828819274902 -443.718505859375 0.0920824334025383 0.9774048924446106 -0.1902853101491928 159.53558349609375 -0.6247919797897339 0.20550839602947235 0.7532596588134766 -1805.3013916015625
* 0.7792039513587952 0.037634190171957016 0.6256366968154907 -458.37890625 0.05759614333510399 0.9896804094314575 -0.1312379240989685 159.49143981933594 -0.6241270899772644 0.1382928490638733 0.7689858675003052 -1779.0992431640625
* 0.7556882500648499 0.06445726007223129 0.6517491340637207 -483.997802734375 0.07836273312568665 0.9791063070297241 -0.1876651495695114 160.0156707763672 -0.6502353549003601 0.19288617372512817 0.7348384857177734 -1790.7003173828125
* 0.7918969392776489 0.07227182388305664 0.6063599586486816 -498.5506591796875 0.09063689410686493 0.9680730700492859 -0.23372545838356018 151.03111267089844 -0.6039003729820251 0.2400418519973755 0.7600545883178711 -1762.2398681640625
* 0.8820289373397827 -0.03626864403486252 0.46979352831840515 -518.93310546875 0.0480327308177948 0.9987647533416748 -0.013037048280239105 145.83877563476563 -0.4687495529651642 0.03406314551830292 0.8826733231544495 -1790.9306640625
* 0.9058799147605896 -0.009407324716448784 0.4234257936477661 -519.7252807617188 0.03421243652701378 0.9981176853179932 -0.05097721144556999 133.0882568359375 -0.422158807516098 0.06066391244530678 0.9044890403747559 -1783.7410888671875
* 0.8457827568054199 -0.023925013840198517 0.5329872369766235 -509.9583740234375 0.04824533686041832 0.9983360171318054 -0.03171220421791077 119.31131744384766 -0.5313501954078674 0.052534230053424835 0.8455210328102112 -1766.33984375
* 0.8265109658241272 -0.021705977618694305 0.5624985694885254 -481.2243957519531 0.057106904685497284 0.9973396062850952 -0.04539309814572334 103.6543960571289 -0.5600250959396362 0.06963882595300674 0.8255427479743958 -1721.185546875
* 0.8404561281204224 -0.033895596861839294 0.5408148765563965 -465.034423828125 0.04976646602153778 0.9986565113067627 -0.014716245234012604 98.53034973144531 -0.5395979285240173 0.03928140178322792 0.8410050272941589 -1745.466064453125
* 0.8621590733528137 0.023263271898031235 0.5060995817184448 -447.73492431640625 0.04712943360209465 0.9909394979476929 -0.12580102682113647 99.51185607910156 -0.5044493675231934 0.13231033086776733 0.853242814540863 -1756.5677490234375
* 0.8582448363304138 -0.0014363937079906464 0.5132349133491516 -423.62347412109375 0.037628356367349625 0.9974871277809143 -0.060096949338912964 97.28585815429688 -0.5118675827980042 0.07088817656040192 0.8561336994171143 -1729.723876953125
* 0.8932381868362427 0.013788710348308086 0.4493682086467743 -414.8006896972656 0.031065842136740685 0.9952551126480103 -0.092251256108284 96.97746276855469 -0.4485172927379608 0.09636018425226212 0.8885636329650879 -1724.8223876953125
* 0.9151497483253479 0.03339959681034088 0.4017234742641449 -424.0533447265625 0.033958833664655685 0.9866424202919006 -0.15934643149375916 104.70014953613281 -0.4016892611980438 0.15946531295776367 0.901784360408783 -1751.7596435546875
* 0.8599389791488647 0.024413470178842545 0.5098089575767517 -421.23828125 0.05247505381703377 0.9893418550491333 -0.1358567178249359 105.36184692382813 -0.5077007412910461 0.14357832074165344 0.849484384059906 -1692.1595458984375
* 0.8656306266784668 0.038110848516225815 0.4992268979549408 -435.2893371582031 0.06580135971307755 0.9798012971878052 -0.18885818123817444 106.90130615234375 -0.49634963274002075 0.1963285356760025 0.8456302285194397 -1680.66064453125
* 0.8922050595283508 0.0033292407169938087 0.4516141712665558 -452.95306396484375 0.048234716057777405 0.9935587644577026 -0.102577343583107 107.5220947265625 -0.4490561783313751 0.11330143362283707 0.8862897753715515 -1695.2279052734375
* 0.8500851392745972 0.01708006113767624 0.5263646841049194 -450.4731750488281 0.08158300071954727 0.9831472039222717 -0.16362616419792175 102.66281127929688 -0.5202975273132324 0.18203617632389069 0.8343570232391357 -1671.9306640625
* 0.8591338396072388 -0.0012021195143461227 0.511745810508728 -437.70135498046875 0.06738247722387314 0.9915642142295837 -0.1107599213719368 97.24208068847656 -0.5073046088218689 0.12963825464248657 0.8519591093063354 -1654.722412109375
* 0.8800041079521179 0.005344013683497906 0.474931925535202 -421.5546875 0.05237698554992676 0.9927541613578796 -0.10818306356668472 90.64920806884766 -0.4720780551433563 0.12007494270801544 0.8733399510383606 -1663.391845703125
* 0.9009449481964111 -0.00460581062361598 0.4339044392108917 -400.3915710449219 0.044981978833675385 0.9955552816390991 -0.08279069513082504 83.16322326660156 -0.43160414695739746 0.09410581737756729 0.8971400856971741 -1648.3543701171875
* 0.9070664048194885 -0.049464739859104156 0.4180668592453003 -390.168701171875 0.02329907938838005 0.9974507689476013 0.06750719994306564 80.99354553222656 -0.42034995555877686 -0.05149392783641815 0.905898928642273 -1661.1832275390625
* 0.8834806084632874 0.016258781775832176 0.4681813716888428 -379.7518615722656 0.032586194574832916 0.9948515892028809 -0.09600266814231873 76.02597045898438 -0.4673410654067993 0.10007055848836899 0.8783944845199585 -1659.680419921875
* 0.8568451404571533 -0.007325740996748209 0.5155181288719177 -366.21783447265625 0.026955168694257736 0.9991732239723206 -0.03056934103369713 62.894203186035156 -0.514876663684845 0.04008731618523598 0.8563256859779358 -1632.15234375
* 0.8735949397087097 -0.02993704192340374 0.4857281744480133 -353.8173828125 0.02738668955862522 0.9995522499084473 0.012386444956064224 47.059329986572266 -0.4858904778957367 0.002480369061231613 0.8740154504776001 -1627.7208251953125
* 0.8797588348388672 -0.030711768195033073 0.4744234085083008 -339.2386474609375 -3.314309869892895E-4 0.9978730082511902 0.06524908542633057 38.964317321777344 -0.4754272997379303 -0.05756188929080963 0.877869188785553 -1642.9344482421875
* 0.9010315537452698 -0.025640681385993958 0.4329909086227417 -324.41943359375 -0.01658894680440426 0.9954840540885925 0.09351170808076859 36.10828399658203 -0.4334426522254944 -0.09144101291894913 0.8965293169021606 -1645.4598388671875
* 0.9233786463737488 -6.467737257480621E-4 0.3838852047920227 -319.7177429199219 -0.001774011179804802 0.9999845623970032 0.005997978150844574 31.159278869628906 -0.3838929235935211 -0.0062211304903030396 0.9233560562133789 -1676.3568115234375
* 0.8871902227401733 -7.3655741289258E-5 0.46139997243881226 -313.75537109375 -6.444195169024169E-4 1.0000028610229492 0.0014370684511959553 26.0828914642334 -0.4614105224609375 -0.0015740161761641502 0.8871847987174988 -1667.3958740234375
* 0.8985000848770142 0.018303215503692627 0.4385875463485718 -316.2582702636719 -0.0012022951850667596 0.9992349147796631 -0.039196908473968506 17.0784912109375 -0.43897873163223267 0.03468907251954079 0.8978270292282104 -1667.139404296875
* 0.9212818145751953 0.03359529376029968 0.3874371349811554 -325.6466369628906 -0.0156292412430048 0.9986616373062134 -0.04938533157110214 12.395319938659668 -0.3885873854160309 0.03944021463394165 0.9205668568611145 -1672.7247314453125
* 0.8711126446723938 0.03149397298693657 0.4900685250759125 -327.52313232421875 -0.026756074279546738 0.9995076656341553 -0.016636908054351807 15.38859748840332 -0.4903600215911865 0.0013781934976577759 0.8715183138847351 -1642.7569580078125
* 0.9004521369934082 0.013840865343809128 0.4347304701805115 -338.62530517578125 -0.02644900046288967 0.9993895292282104 0.023005817085504532 17.622297286987305 -0.43415600061416626 -0.03221564739942551 0.900260865688324 -1661.670166015625
* 0.8992912769317627 0.032512128353118896 0.43613579869270325 -348.5062561035156 -0.030677365139126778 0.999470591545105 -0.011210603639483452 21.288143157958984 -0.43627870082855225 -0.0033000148832798004 0.899804949760437 -1672.173583984375
* 0.9025542736053467 0.02709215134382248 0.429718554019928 -353.66046142578125 -0.026814080774784088 0.9996222853660583 -0.00666265282779932 25.815345764160156 -0.42974618077278137 -0.005511168390512466 0.9029322862625122 -1664.024658203125
* 0.8917744755744934 0.009281551465392113 0.45238083600997925 -358.1452331542969 -0.019519709050655365 0.999651312828064 0.01800823211669922 25.53184700012207 -0.45206519961357117 -0.024891447275877 0.8916369080543518 -1654.1649169921875
* 0.8973978757858276 0.01367489155381918 0.44100597500801086 -366.6123352050781 -0.008668149821460247 0.9998776316642761 -0.013325762003660202 27.232627868652344 -0.44114363193511963 0.008133839815855026 0.8973990082740784 -1662.5130615234375
* 0.9018092751502991 0.0065871337428689 0.4320797920227051 -371.0484313964844 0.0028852499090135098 0.9997746348381042 -0.021222658455371857 31.026615142822266 -0.43213167786598206 0.02038353867828846 0.9015794992446899 -1661.6103515625
* 0.8819500803947449 0.02676200494170189 0.47057855129241943 -372.7763671875 -0.0011658694129437208 0.9985136389732361 -0.05456320941448212 36.83877182006836 -0.47134846448898315 0.04757117107510567 0.8806625604629517 -1661.3162841796875
* 0.9070619940757751 0.008214660920202732 0.42091241478919983 -372.2721252441406 0.007060707546770573 0.9993775486946106 -0.03467782586812973 44.672916412353516 -0.4209448993206024 0.03442490100860596 0.9064320921897888 -1667.1962890625
* 0.8779114484786987 0.03690760210156441 0.47739434242248535 -367.55084228515625 0.008169134147465229 0.9957326650619507 -0.09196624159812927 51.04534149169922 -0.4787604510784149 0.08463568240404129 0.8738557696342468 -1660.258056640625
* 0.8944677710533142 0.03990795090794563 0.4453435242176056 -366.5838928222656 0.013479568995535374 0.9931580424308777 -0.11603227257728577 55.86741638183594 -0.4469364583492279 0.10978762805461884 0.8878025412559509 -1663.693603515625
* 0.9088512659072876 0.018558431416749954 0.4167025685310364 -364.7377624511719 -0.0013354145921766758 0.9991398453712463 -0.04154299199581146 60.875545501708984 -0.4171246588230133 0.037197813391685486 0.9080871939659119 -1663.717529296875
* 0.8972663879394531 -0.014824273064732552 0.44123607873916626 -360.1520080566406 -0.02704540081322193 0.9957137703895569 0.08849089592695236 70.52307891845703 -0.4406659007072449 -0.09133470058441162 0.8930121064186096 -1654.004638671875
* 0.8821404576301575 0.07181438058614731 0.46547484397888184 -354.0297546386719 -0.006952226161956787 0.990193784236908 -0.13955554366111755 77.79126739501953 -0.4709414839744568 0.11986862123012543 0.8739821314811707 -1639.6922607421875
* 0.8995693325996399 0.02008136734366417 0.43631139397621155 -352.8462829589844 -0.004361145664006472 0.999311089515686 -0.03696133941411972 81.29994201660156 -0.43676242232322693 0.03134436905384064 0.8990301489830017 -1651.434326171875
* 0.8909066319465637 0.014471547678112984 0.45395132899284363 -349.7220153808594 -0.011222247034311295 0.9998927712440491 -0.009812278673052788 85.25593566894531 -0.4540538787841797 0.003645496442914009 0.8909662365913391 -1646.80615234375
* 0.8928980827331543 0.011984520591795444 0.45009469985961914 -346.0387878417969 0.002789229154586792 0.9994844794273376 -0.03210683912038803 89.58556365966797 -0.45025670528411865 0.029921550303697586 0.8923971056938171 -1640.6781005859375
* 0.9215975999832153 0.01324005238711834 0.38791540265083313 -348.4801025390625 0.0035506156273186207 0.9990944862365723 -0.0424901507794857 96.59553527832031 -0.38813650608062744 0.0405341200530529 0.9207095503807068 -1662.9176025390625
* 0.8927030563354492 0.042970817536115646 0.44858720898628235 -343.9841003417969 0.006002092733979225 0.9942293763160706 -0.10714353621006012 105.58077239990234 -0.45061194896698 0.098337322473526 0.8872867226600647 -1643.2818603515625
* 0.9072899222373962 0.07342914491891861 0.4140394628047943 -345.1533508300781 -0.0016604849370196462 0.9852643609046936 -0.17105333507061005 116.0572509765625 -0.42050811648368835 0.15450452268123627 0.8940359950065613 -1651.208984375
* 0.922921895980835 0.014772037975490093 0.38469764590263367 -346.2044982910156 0.0020140977576375008 0.9990705251693726 -0.043149322271347046 125.89673614501953 -0.3849872946739197 0.04059625044465065 0.922028124332428 -1662.94287109375
* 0.8959549069404602 0.08150441944599152 0.43659737706184387 -340.2946472167969 0.008306313306093216 0.9797826409339905 -0.19991187751293182 132.0443572998047 -0.4440736174583435 0.18273548781871796 0.8771575689315796 -1639.8765869140625
* 0.883440375328064 0.04652968421578407 0.46622249484062195 -339.0602111816406 -3.4094174043275416E-4 0.9951278567314148 -0.09863127768039703 135.5991668701172 -0.4685494601726532 0.08697342872619629 0.879145085811615 -1638.296630859375
* 0.9037700891494751 0.044420234858989716 0.4257013201713562 -340.0289611816406 0.012745191343128681 0.9913752675056458 -0.13046269118785858 137.8831329345703 -0.4278343915939331 0.12333142012357712 0.8954027891159058 -1645.9454345703125
* 0.8917338848114014 0.06636211276054382 0.4476625919342041 -336.8598327636719 -0.007306843064725399 0.9911814332008362 -0.1323394775390625 137.6433868408203 -0.452506422996521 0.1147378459572792 0.884348452091217 -1634.165771484375
* 0.8781764507293701 0.07337716221809387 0.4726700782775879 -333.85845947265625 0.022371988743543625 0.980792760848999 -0.19378553330898285 130.89651489257813 -0.47781988978385925 0.18074950575828552 0.8596608638763428 -1623.4332275390625
* 0.882260799407959 0.07591968029737473 0.4645935297012329 -332.6462097167969 -4.0159793570637703E-4 0.9870409369468689 -0.16049252450466156 120.81214904785156 -0.47076645493507385 0.14140677452087402 0.8708513379096985 -1624.907958984375
* 0.8731002807617188 0.0628545954823494 0.4834669232368469 -330.84478759765625 -0.01446940004825592 0.9945661425590515 -0.10313437134027481 105.34603118896484 -0.48733124136924744 0.08304852247238159 0.8692584037780762 -1618.0494384765625
* 0.8887290358543396 0.021999038755893707 0.457899272441864 -335.41680908203125 -0.016625473275780678 0.9997420907020569 -0.01572413742542267 93.23552703857422 -0.45813626050949097 0.006359666585922241 0.8888586759567261 -1632.7103271484375
* 0.889802098274231 0.06785579770803452 0.45126789808273315 -335.79248046875 -0.015132619999349117 0.9927352666854858 -0.11939699202775955 82.64312744140625 -0.4561005234718323 0.0994081124663353 0.884358286857605 -1629.37109375
* 0.8982082009315491 0.06564763188362122 0.43463465571403503 -341.06219482421875 -0.01344562042504549 0.9924343228340149 -0.1220708042383194 78.37435150146484 -0.4393693208694458 0.10379837453365326 0.8922890424728394 -1642.26953125
* 0.9077410101890564 0.02952493354678154 0.41848474740982056 -347.8973693847656 -0.021589387208223343 0.999491274356842 -0.023643746972084045 83.07026672363281 -0.41897937655448914 0.012425430119037628 0.9079102873802185 -1660.4521484375
* 0.9012431502342224 0.06475219130516052 0.42844247817993164 -346.8694152832031 -0.010988335125148296 0.9918777942657471 -0.12675052881240845 87.05709838867188 -0.4331792891025543 0.10952247679233551 0.8946282863616943 -1647.1016845703125
* 0.8964545130729675 0.05995860695838928 0.43905508518218994 -348.495361328125 -0.005375691223889589 0.9922113418579102 -0.12448267638683319 89.63786315917969 -0.4431084990501404 0.1092301607131958 0.8897881507873535 -1638.738037109375
* 0.8927009701728821 0.02103998512029648 0.4501526355743408 -353.8871154785156 -0.010364186018705368 0.9996089935302734 -0.026128560304641724 91.59834289550781 -0.45053553581237793 0.018657460808753967 0.8925631046295166 -1645.40087890625
* 0.886788547039032 0.06736458837985992 0.457234263420105 -357.52227783203125 -0.014844171702861786 0.9929701089859009 -0.11746621131896973 91.1300048828125 -0.4619421362876892 0.09737768024206161 0.8815476894378662 -1636.0289306640625
* 0.8891537189483643 0.06808027625083923 0.4525105655193329 -365.1790771484375 -2.7846539160236716E-4 0.9889611005783081 -0.1482028365135193 91.17815399169922 -0.4576142430305481 0.1316462755203247 0.8793508410453796 -1634.3546142578125
* 0.8818582892417908 0.06611612439155579 0.4668508470058441 -375.5526428222656 0.009953879751265049 0.9872989654541016 -0.1585870385169983 88.89749145507813 -0.47141560912132263 0.14449542760849 0.8699930310249329 -1626.552734375
* 0.8853926062583923 0.0811571553349495 0.45769912004470825 -391.2254943847656 0.003692453261464834 0.9833928346633911 -0.18147476017475128 90.68260192871094 -0.46483519673347473 0.1623634397983551 0.87038254737854 -1624.1168212890625
* 0.8708784580230713 0.09412101656198502 0.4823969900608063 -406.28753662109375 0.008553048595786095 0.9784532189369202 -0.20631112158298492 92.29920196533203 -0.4914301037788391 0.18379470705986023 0.8513021469116211 -1611.211181640625
* 0.8757534027099609 0.06443051993846893 0.47843462228775024 -424.2893981933594 0.016605015844106674 0.9864569306373596 -0.16320312023162842 92.66517639160156 -0.4824794828891754 0.15086732804775238 0.8628163933753967 -1615.3646240234375
* 0.8198238015174866 0.05406331643462181 0.5700535178184509 -429.9221496582031 0.017241036519408226 0.9927586913108826 -0.11891627311706543 88.10739135742188 -0.5723628997802734 0.10731613636016846 0.8129473328590393 -1591.799560546875
* 0.8427528142929077 0.034430596977472305 0.5371938943862915 -437.86053466796875 0.03221459314227104 0.9929456114768982 -0.11414656788110733 85.64733123779297 -0.5373430252075195 0.11350049078464508 0.8356910347938538 -1610.2418212890625
* 0.8429155945777893 0.009654339402914047 0.537954568862915 -434.2542419433594 0.015332585200667381 0.9990074038505554 -0.04191993176937103 82.0137710571289 -0.5378338098526001 0.0435812771320343 0.8419232964515686 -1605.453369140625
* 0.8778344988822937 -0.02049999125301838 0.4785197973251343 -430.5784606933594 0.014543358236551285 0.9997673034667969 0.01618816703557968 77.84827423095703 -0.4787493348121643 -0.0072527299635112286 0.8779214024543762 -1618.7701416015625
* 0.896054208278656 0.0010482966899871826 0.44393762946128845 -423.81292724609375 0.02083645761013031 0.9988017678260803 -0.04437524825334549 76.01432800292969 -0.44346147775650024 0.04901089146733284 0.8949521780014038 -1630.787841796875
* 0.849335789680481 -0.023917805403470993 0.5273058414459229 -406.61712646484375 0.025921525433659554 0.9996615648269653 0.003624897450208664 74.14959716796875 -0.5272226929664612 0.010588344186544418 0.8496609330177307 -1603.2611083984375
* 0.8678889274597168 0.006229551509022713 0.4967139661312103 -400.71002197265625 0.024028493091464043 0.998230516910553 -0.0544675849378109 75.74397277832031 -0.49618324637413025 0.05920521542429924 0.8661965727806091 -1610.80517578125
* 0.8762720227241516 0.0192711278796196 0.4814256727695465 -398.76971435546875 0.01947188191115856 0.9969739317893982 -0.07531315088272095 79.91925811767578 -0.48142918944358826 0.07536700367927551 0.8732384443283081 -1612.80517578125
* 0.894565761089325 0.027027815580368042 0.44611239433288574 -403.6067810058594 0.02143687941133976 0.9944343566894531 -0.10319438576698303 79.9360580444336 -0.4464278221130371 0.10187523812055588 0.8890012502670288 -1622.30712890625
* 0.8135809302330017 0.007444392889738083 0.5813994407653809 -401.043212890625 0.0227896049618721 0.998746931552887 -0.04464826360344887 70.33367156982422 -0.5810113549232483 0.049572959542274475 0.8123840689659119 -1577.8646240234375
* 0.7802441120147705 0.02860996127128601 0.6248161792755127 -394.7784729003906 0.03973344713449478 0.9946752786636353 -0.09513456374406815 45.86540603637695 -0.6242187023162842 0.09905208647251129 0.7749447226524353 -1529.3056640625
* 0.8268879652023315 0.019532915204763412 0.5620227456092834 -409.25531005859375 0.010916879400610924 0.9986564517021179 -0.05073801800608635 25.0062198638916 -0.5622668266296387 0.04808815196156502 0.825556218624115 -1573.0687255859375
* 0.8388906121253967 -0.01711365394294262 0.5440263152122498 -412.8006591796875 0.007088774349540472 0.9997678399085999 0.02055187337100506 14.224072456359863 -0.5442599058151245 -0.01338580995798111 0.838809609413147 -1583.3543701171875
* 0.8133321404457092 -0.006554597523063421 0.5817585587501526 -403.3498840332031 0.0029709634836763144 0.999974250793457 0.007143548224121332 -0.2979525029659271 -0.581798255443573 -0.004083332139998674 0.8133227229118347 -1562.676513671875
* 0.8318456411361694 -0.022073375061154366 0.5545636415481567 -398.5660400390625 -0.010477155447006226 0.9984086155891418 0.055487584322690964 -17.572221755981445 -0.5549139380455017 -0.05196873098611832 0.8302828073501587 -1569.8544921875
* 0.8240042328834534 -0.03784631937742233 0.565313994884491 -387.9786376953125 0.008524183183908463 0.998484194278717 0.05445246398448944 -35.0269660949707 -0.566525936126709 -0.04005146399140358 0.8230698704719543 -1559.948486328125
* 0.8189105987548828 -0.01516302302479744 0.5737166404724121 -377.3119201660156 -0.011731944046914577 0.9990026354789734 0.043179962784051895 -57.61138153076172 -0.5738071203231812 -0.04209284484386444 0.8179079294204712 -1552.8133544921875
* 0.861160933971405 -0.028839493170380592 0.5075089931488037 -375.9777526855469 -0.019917456433176994 0.9957093596458435 0.09041345864534378 -74.9064712524414 -0.5079475045204163 -0.08797009289264679 0.8568841814994812 -1582.0328369140625
* 0.8310816287994385 -0.009155917912721634 0.5560708045959473 -373.6524963378906 -0.011477367952466011 0.9993723630905151 0.03364059701561928 -87.09251403808594 -0.556037962436676 -0.034341901540756226 0.8304470777511597 -1564.1728515625
* 0.7994146347045898 -0.018356062471866608 0.6004952192306519 -372.5788879394531 -0.02823895402252674 0.9972825050354004 0.06810805946588516 -107.85893249511719 -0.6001212000846863 -0.07140534371137619 0.7967155575752258 -1533.7117919921875
* 0.8235543966293335 -0.0073379832319915295 0.567185640335083 -379.8023376464844 -0.03065129928290844 0.9978821873664856 0.057447176426649094 -132.08377075195313 -0.566413938999176 -0.06469739973545074 0.8215773701667786 -1534.3037109375
#
#
* 0.7782689929008484 -0.07975679636001587 0.6228453516960144 -384.8226013183594 -0.10015907138586044 0.9634180665016174 0.2485736757516861 -254.2098846435547 -0.6198912262916565 -0.2558627724647522 0.7418056726455688 -1490.0867919921875
* 0.7851415872573853 -0.09794013947248459 0.6115230917930603 -377.7331848144531 -0.11110088974237442 0.9491053819656372 0.2947044372558594 -280.2829284667969 -0.609268307685852 -0.29934728145599365 0.7342954874038696 -1480.523681640625
* 0.8399089574813843 -0.08259827643632889 0.5364052057266235 -376.6242370605469 -0.10011064261198044 0.947791337966919 0.3027615547180176 -302.0387268066406 -0.5334129333496094 -0.308013916015625 0.7877845764160156 -1511.6148681640625
* 0.8295133709907532 -0.10833028703927994 0.5478797554969788 -358.09228515625 -0.09002857655286789 0.942218005657196 0.3226689398288727 -310.0633239746094 -0.5511824488639832 -0.3170047104358673 0.7718241214752197 -1488.6690673828125
* 0.8381664156913757 -0.08104334026575089 0.539359986782074 -349.1986083984375 -0.08752026408910751 0.9560796022415161 0.2797270119190216 -330.0171203613281 -0.538346529006958 -0.28168460726737976 0.7942565083503723 -1493.4384765625
* 0.8537284135818481 -0.07631857693195343 0.515095591545105 -345.8797912597656 -0.07918307930231094 0.9586499333381653 0.2733410894870758 -347.0959777832031 -0.5146629214286804 -0.27416783571243286 0.8123795986175537 -1497.1873779296875
* 0.8422636985778809 -0.058632250875234604 0.5358678698539734 -346.0589294433594 -0.08839016407728195 0.9655740857124329 0.24464009702205658 -364.027099609375 -0.531769335269928 -0.25343894958496094 0.8080820441246033 -1479.140869140625
* 0.8777230381965637 -0.05545881763100624 0.4759482741355896 -366.6077880859375 -0.09790030121803284 0.9515482187271118 0.2914901673793793 -387.1588439941406 -0.46905845403671265 -0.30246514081954956 0.82976233959198 -1504.244873046875
* 0.8746237754821777 -0.06227080523967743 0.48078668117523193 -381.2286071777344 -0.09543453902006149 0.9501738548278809 0.2967439591884613 -398.6782531738281 -0.47531452775001526 -0.3054449260234833 0.8250976204872131 -1496.6846923828125
* 0.8551382422447205 -0.06947944313287735 0.5137230753898621 -394.90264892578125 -0.09981845319271088 0.9503433108329773 0.2947522699832916 -406.75103759765625 -0.5086976289749146 -0.3033548891544342 0.8057351112365723 -1497.1082763671875
* 0.8710024356842041 -0.08152003586292267 0.4844682514667511 -407.5368957519531 -0.07659757137298584 0.9515198469161987 0.29788896441459656 -404.9591064453125 -0.4852706491947174 -0.29659292101860046 0.8225275278091431 -1509.6373291015625
* 0.8528619408607483 -0.08788643032312393 0.5146870613098145 -409.8405456542969 -0.08699876815080643 0.9480115175247192 0.30610525608062744 -400.2736511230469 -0.5148371458053589 -0.30586445331573486 0.8008721470832825 -1506.9925537109375
* 0.8280061483383179 -0.10387764871120453 0.5510132908821106 -396.9461975097656 -0.09889327734708786 0.9402094483375549 0.3259161412715912 -399.21368408203125 -0.5519285202026367 -0.32437369227409363 0.7682207822799683 -1470.4493408203125
#
#
#
#
#
#
#
#
#
#
* 0.9043172001838684 -0.11642090231180191 0.4106781780719757 -442.49456787109375 -0.06301597505807877 0.9151350855827332 0.3981911242008209 -340.27337646484375 -0.4221840500831604 -0.3859724998474121 0.820235550403595 -1612.4107666015625
#
#
#
#
#
