#
#
#
#
#
#
#
#
#
#
#
#
#
#
#
#
#
#
#
#
#
#
#
#
#
#
#
#
#
#
#
#
#
#
#
#
#
#
#
#
#
#
#
#
#
#
#
#
#
#
#
#
#
#
#
#
#
#
#
#
#
#
#
#
#
#
#
#
#
#
#
#
#
#
#
#
#
#
#
#
#
#
#
#
#
#
#
#
#
#
#
#
#
#
#
#
#
#
#
#
#
#
#
#
#
#
#
#
#
#
#
#
#
#
#
#
#
#
#
#
#
#
#
#
#
#
#
#
#
#
#
#
#
#
#
#
#
#
#
#
#
#
#
#
#
#
#
#
#
#
#
#
#
#
#
#
#
#
#
#
#
#
#
#
#
#
#
#
#
#
#
#
#
#
#
#
#
#
#
#
#
#
#
#
#
#
#
#
#
#
#
#
#
#
#
#
#
#
#
#
#
#
#
#
#
#
#
#
#
#
#
#
#
#
#
#
#
#
#
#
#
#
#
#
#
#
#
#
#
#
#
#
#
#
#
#
#
#
#
#
#
#
#
#
#
#
#
#
#
#
#
#
#
#
#
#
#
#
#
#
#
#
#
#
#
#
#
#
#
#
#
#
#
#
#
#
#
#
#
#
#
#
#
#
#
#
#
#
#
#
#
#
#
#
#
#
#
#
#
#
#
#
#
#
#
#
#
#
#
#
#
#
#
#
#
#
#
#
#
#
* 0.9895660281181335 0.04758418723940849 -0.13599450886249542 -174.43438720703125 -0.05395016074180603 0.9975953102111816 -0.04350593313574791 144.68328857421875 0.1335972100496292 0.05038886517286301 0.9897539019584656 -595.6759643554688
* 0.9922193884849548 -0.013063881546258926 0.12381269782781601 -198.56715393066406 0.0024243267253041267 0.9963189959526062 0.08568896353244781 137.83045959472656 -0.12447653710842133 -0.08472215384244919 0.9885988235473633 -630.6304321289063
* 0.9995803833007813 0.02675153873860836 -0.011092614382505417 -202.8317413330078 -0.026582971215248108 0.9995317459106445 0.015157364308834076 107.83565521240234 0.011492755264043808 -0.014856182038784027 0.9998235106468201 -604.505126953125
* 0.9969121217727661 0.04740150645375252 -0.06260019540786743 -204.039794921875 -0.04784931242465973 0.9988386034965515 -0.0056573315523564816 96.37350463867188 0.06225918233394623 0.00863519124686718 0.9980226159095764 -582.001220703125
* 0.9984573125839233 0.0453793928027153 -0.031987424939870834 -209.55233764648438 -0.04568209499120712 0.9989176392555237 -0.008765609003603458 97.90494537353516 0.03155487775802612 0.01021328940987587 0.9994498491287231 -581.4415893554688
#
#
#
* 0.9982590079307556 0.043187011033296585 -0.04017477110028267 -192.49070739746094 -0.0445723719894886 0.998418927192688 -0.03424638882279396 117.40203094482422 0.03863219916820526 0.03597744554281235 0.9986056685447693 -577.068115234375
* 0.9969606995582581 0.03741784393787384 -0.06833256781101227 -180.46119689941406 -0.041289035230875015 0.9975685477256775 -0.05614408105611801 124.83592987060547 0.06606556475162506 0.05879482254385948 0.9960816502571106 -579.0142211914063
#
#
#
#
#
#
#
#
#
#
#
#
#
#
#
#
#
#
#
#
#
#
#
#
#
#
#
#
#
#
#
#
#
#
#
#
#
#
#
#
#
#
#
#
#
#
#
#
#
* 0.7268663048744202 0.15268316864967346 0.6695923805236816 -225.83090209960938 0.09267991781234741 0.9442519545555115 -0.31590941548347473 83.41017150878906 -0.6804967522621155 0.2916784882545471 0.672195315361023 -628.4287109375
* 0.7939127087593079 0.107628732919693 0.598430871963501 -222.85064697265625 0.06533996015787125 0.9634106755256653 -0.259943425655365 77.77903747558594 -0.6045107245445251 0.24547052383422852 0.7578322887420654 -630.4601440429688
* 0.797226071357727 0.09489002078771591 0.5961772203445435 -222.36289978027344 0.057343658059835434 0.9712027311325073 -0.23125098645687103 74.73197937011719 -0.6009510159492493 0.21854299306869507 0.768827497959137 -638.1181030273438
* 0.7928189635276794 0.10029034316539764 0.6011495590209961 -212.27572631835938 0.06306656450033188 0.9675748348236084 -0.2445848137140274 69.7770767211914 -0.6061853170394897 0.23182061314582825 0.7607873678207397 -626.8291015625
* 0.8261762857437134 0.07239266484975815 0.5587422847747803 -207.20852661132813 0.022533541545271873 0.9866738319396973 -0.16114391386508942 70.25645446777344 -0.5629605650901794 0.14572037756443024 0.8135355114936829 -632.006103515625
* 0.808071494102478 0.07719270884990692 0.58400559425354 -197.80506896972656 0.06304381787776947 0.9743541479110718 -0.21600857377052307 69.78392028808594 -0.5857013463973999 0.2113649547100067 0.782481849193573 -622.8728637695313
* 0.8026494979858398 0.09744100272655487 0.5884385108947754 -195.39039611816406 0.0470498688519001 0.9731499552726746 -0.2253124862909317 66.65338897705078 -0.594592273235321 0.20852962136268616 0.7765143513679504 -617.9309692382813
* 0.7860223054885864 0.11902544647455215 0.6066321730613708 -200.44635009765625 0.04439699649810791 0.9678903818130493 -0.24742154777050018 64.92516326904297 -0.6166015863418579 0.22140826284885406 0.7554998397827148 -619.1361083984375
* 0.7930843234062195 0.09829732030630112 0.6011285781860352 -205.89169311523438 0.040089741349220276 0.9763317704200745 -0.21253125369548798 63.629024505615234 -0.6077908277511597 0.19265101850032806 0.7703733444213867 -618.8843994140625
* 0.8049224019050598 0.06941846013069153 0.5893062353134155 -205.65704345703125 0.03512876480817795 0.9858188033103943 -0.16409675776958466 66.56905364990234 -0.592339038848877 0.15278345346450806 0.7910694479942322 -624.0540161132813
* 0.8236933946609497 0.09026435762643814 0.5598056316375732 -199.27101135253906 0.029337730258703232 0.9791450500488281 -0.20103487372398376 70.57357025146484 -0.5662756562232971 0.18201124668121338 0.803867518901825 -623.3107299804688
* 0.8377894759178162 0.06150759011507034 0.5425186157226563 -192.50820922851563 0.028973322361707687 0.9872285723686218 -0.15665611624717712 73.2506103515625 -0.5452238917350769 0.14696012437343597 0.8253078460693359 -621.076904296875
* 0.9986268877983093 0.035938434302806854 -0.03812280297279358 -189.04873657226563 -0.03753732144832611 0.9984010457992554 -0.04227367416024208 75.64921569824219 0.036543868482112885 0.04364347085356712 0.9983780980110168 -610.1548461914063
* 0.9986242055892944 0.033943574875593185 -0.03997480869293213 -187.7762908935547 -0.03328445181250572 0.9993038773536682 0.016872959211468697 76.37896728515625 0.040520958602428436 -0.015522325411438942 0.9990575313568115 -606.8399658203125
* 0.9986473917961121 0.030810702592134476 -0.04188849776983261 -185.93060302734375 -0.03010699711740017 0.9993996620178223 0.01716805435717106 75.1015396118164 0.04239354282617569 -0.015886804088950157 0.998974084854126 -606.58984375
* 0.9993725419044495 0.02852155826985836 -0.021016933023929596 -184.12747192382813 -0.028836311772465706 0.9994696974754333 -0.015157539397478104 75.69526672363281 0.02057473547756672 0.015750925987958908 0.9996636509895325 -607.1212158203125
* 0.9990589618682861 0.04318523034453392 -0.004110443871468306 -181.6821746826172 -0.04331319406628609 0.9981796145439148 -0.04198247939348221 73.50553131103516 0.0022912751883268356 0.04211784899234772 0.9991094470024109 -607.8971557617188
* 0.9985910058021545 0.02373085543513298 -0.04747052863240242 -177.1340789794922 -0.021594582125544548 0.9987594485282898 0.044881246984004974 67.03800201416016 0.048477910459041595 -0.04379596933722496 0.9978629946708679 -599.4318237304688
* 0.9985266923904419 0.03884666785597801 -0.037892282009124756 -176.47549438476563 -0.03949882462620735 0.9990789890289307 -0.016796518117189407 60.288917541503906 0.03720618039369583 0.018265333026647568 0.9991400837898254 -603.7994995117188
* 0.9970290660858154 0.04536505788564682 0.0622514970600605 -179.80377197265625 -0.04363787919282913 0.9986348748207092 -0.028724931180477142 46.46653747558594 -0.06346818804740906 0.025919925421476364 0.9976465702056885 -617.0567016601563
* 0.9984707236289978 0.023671705275774002 -0.049961190670728683 -175.57574462890625 -0.021104607731103897 0.9984675645828247 0.0511675663292408 36.14461135864258 0.051097095012664795 -0.05003797262907028 0.9974387884140015 -596.8883666992188
* 0.9990928769111633 0.03385679051280022 -0.025831282138824463 -178.27047729492188 -0.03385148197412491 0.9994272589683533 3.8335472345352173E-4 39.44758987426758 0.025830771774053574 4.882998764514923E-4 0.9996656179428101 -600.0319213867188
* 0.999668300151825 0.02575564756989479 -1.1197378626093268E-4 -180.8254852294922 -0.02574845962226391 0.9996637105941772 0.0032261651940643787 42.26869583129883 1.9633164629340172E-4 -0.0032253307290375233 0.999994158744812 -599.235595703125
* 0.9971725344657898 0.0377950482070446 -0.06495074182748795 -182.54510498046875 -0.038270097225904465 0.9992486834526062 -0.006188579834997654 43.3610954284668 0.06466932594776154 0.008653625845909119 0.9978686571121216 -588.9059448242188
* 0.9990464448928833 0.02064480632543564 -0.038470540195703506 -187.27700805664063 -0.01980331353843212 0.9995632171630859 0.021954847499728203 46.61123275756836 0.038908250629901886 -0.0211752001196146 0.9990177750587463 -590.3115234375
* 0.9987919330596924 0.03004862740635872 -0.038882020860910416 -191.50209045410156 -0.030311379581689835 0.9995207190513611 -0.006359390914440155 48.32528305053711 0.038673579692840576 0.007527128327637911 0.9992228746414185 -587.6904907226563
* 0.9993211627006531 0.02914419025182724 -0.022537274286150932 -196.84613037109375 -0.028867894783616066 0.9995092749595642 0.012195156887173653 47.64257049560547 0.02288293093442917 -0.011539401486515999 0.9996709227561951 -587.5366821289063
* 0.998242974281311 0.03095095604658127 -0.050528742372989655 -200.39610290527344 -0.030920807272195816 0.9995214939117432 0.0012449733912944794 46.927581787109375 0.0505443774163723 3.1646486604586244E-4 0.998721182346344 -580.5360717773438
* 0.9995865821838379 0.0275051761418581 0.00837220624089241 -208.76612854003906 -0.02748809941112995 0.9996216297149658 -0.0013461568159982562 49.89117431640625 -0.008404731750488281 0.0011123219737783074 0.9999634623527527 -590.4940795898438
* 0.9995377659797668 0.01738516427576542 0.024938542395830154 -210.56227111816406 -0.017702292650938034 0.9997614622116089 0.012824846431612968 61.39462661743164 -0.024708304554224014 -0.013263522647321224 0.9996061325073242 -588.8541870117188
* 0.999428927898407 0.01820416934788227 -0.028468267992138863 -205.5286407470703 -0.018032215535640717 0.9998195767402649 0.006049938499927521 66.55349731445313 0.028574539348483086 -0.005536278709769249 0.9995757341384888 -574.912109375
* 0.9995946288108826 0.020478084683418274 -0.01977705769240856 -203.72361755371094 -0.020925307646393776 0.9995162487030029 -0.023025771602988243 60.3983268737793 0.01929726079106331 0.02342711202800274 0.9995386600494385 -572.971435546875
* 0.9984074831008911 0.022303184494376183 -0.051817186176776886 -198.69900512695313 -0.023495741188526154 0.999467670917511 -0.02265167608857155 58.54271697998047 0.05128566920757294 0.023829922080039978 0.998399019241333 -572.893798828125
* 0.9974645972251892 0.019656052812933922 -0.06839534640312195 -186.53866577148438 -0.020881662145256996 0.9996317028999329 -0.01734967902302742 59.478214263916016 0.06803036481142044 0.018730739131569862 0.9975066184997559 -564.53369140625
* 0.9994778633117676 0.010326112620532513 -0.030615784227848053 -179.12969970703125 -0.010926784947514534 0.9997457265853882 -0.01973913051187992 54.997032165527344 0.030405420809984207 0.02006017230451107 0.9993355870246887 -569.8240966796875
* 0.9989726543426514 0.013615872710943222 -0.043223172426223755 -168.51290893554688 -0.01386091485619545 0.9998888373374939 -0.005530050955712795 49.603458404541016 0.04314431548118591 0.006120308768004179 0.9990493655204773 -561.5078735351563
* 0.9980273246765137 0.014761244878172874 -0.06102216988801956 -163.69790649414063 -0.01674041338264942 0.999342679977417 -0.03216094151139259 48.35175323486328 0.06050855293869972 0.03311583772301674 0.9976174235343933 -560.0756225585938
* 0.9981026649475098 0.00598145043477416 -0.06128086522221565 -161.7178955078125 -0.006356143858283758 0.9999617338180542 -0.006030114367604256 50.5139274597168 0.061243653297424316 0.006405005231499672 0.998101532459259 -557.3914184570313
* 0.9983053803443909 0.009697993285953999 -0.05737890675663948 -161.3846893310547 -0.009143790230154991 0.9999102354049683 0.0097977789118886 55.76811981201172 0.05747000128030777 -0.00925967376679182 0.9983034133911133 -558.5999755859375
* 0.9988125562667847 0.0142003009095788 -0.04660298675298691 -162.45980834960938 -0.015001198276877403 0.9997426271438599 -0.01702384278178215 60.65070343017578 0.04635051637887955 0.017699556425213814 0.998767614364624 -556.2975463867188
* 0.9967882633209229 0.01270428765565157 -0.07906978577375412 -164.66217041015625 -0.014012014493346214 0.9997724890708923 -0.016089914366602898 64.5819091796875 0.07884862273931503 0.017142994329333305 0.9967383742332458 -554.2927856445313
* 0.9981464743614197 0.007265089079737663 -0.06042473018169403 -168.7331085205078 -0.007738633081316948 0.9999403953552246 -0.0077162738889455795 67.7738037109375 0.06036631762981415 0.008166403509676456 0.9981420636177063 -552.5156860351563
* 0.9966307282447815 0.005671638995409012 -0.08182592689990997 -173.86366271972656 -0.004386576823890209 0.9998656511306763 0.015795279294252396 68.02933502197266 0.08190573751926422 -0.015386275015771389 0.9965205192565918 -547.2717895507813
* 0.9981586933135986 3.290435706730932E-4 -0.060659635812044144 -181.2595672607422 -3.510533133521676E-4 0.9999998211860657 -4.6140438644215465E-4 68.9500961303711 0.06066068634390831 4.786861827597022E-4 0.9981575608253479 -546.9408569335938
* 0.9969114661216736 -2.4438821128569543E-4 -0.0785365030169487 -188.74856567382813 0.0016320764552801847 0.9998451471328735 0.017521589994430542 70.30462646484375 0.0785212442278862 -0.017598794773221016 0.996756374835968 -544.5888671875
* 0.9983648061752319 0.006623424123972654 -0.05678333714604378 -193.8871307373047 -0.006149729713797569 0.9999458193778992 0.008396435528993607 73.13002014160156 0.05683710426092148 -0.00803665816783905 0.9983503818511963 -540.5621948242188
* 0.9983949065208435 0.014142533764243126 -0.054845843464136124 -200.98939514160156 -0.01542980968952179 0.9996107220649719 -0.02324024587869644 77.40978240966797 0.05449708178639412 0.024046028032898903 0.998223602771759 -542.8560180664063
* 0.9976897835731506 0.008380846120417118 -0.06741910427808762 -203.88937377929688 -0.009121467359364033 0.9999000430107117 -0.010783669538795948 78.05232238769531 0.0673232227563858 0.01137053407728672 0.9976656436920166 -535.7911987304688
* 0.998543381690979 0.013871115632355213 -0.052146151661872864 -209.26661682128906 -0.014827733859419823 0.9997254610061646 -0.018131066113710403 79.96434783935547 0.051881611347198486 0.01887468621134758 0.99847412109375 -539.9345092773438
* 0.9978492259979248 0.013975112698972225 -0.06404856592416763 -208.73504638671875 -0.01532822661101818 0.999666154384613 -0.02078796550631523 79.2870864868164 0.06373792886734009 0.021721825003623962 0.997729480266571 -532.3761596679688
* 0.9979684948921204 0.020437123253941536 -0.06034750118851662 -208.04966735839844 -0.022167084738612175 0.999354898929596 -0.02824849635362625 76.08015441894531 0.059732552617788315 0.029525669291615486 0.9977768659591675 -530.9181518554688
* 0.9983007311820984 0.01396374125033617 -0.056579723954200745 -206.80215454101563 -0.014464875683188438 0.9998583793640137 -0.008574534207582474 74.9272232055664 0.05645325407385826 0.009375221095979214 0.9983604550361633 -529.3561401367188
* 0.9985954165458679 0.014484080485999584 -0.05096981301903725 -206.6700439453125 -0.014588122256100178 0.9998916983604431 -0.0018001653952524066 77.218505859375 0.05093950033187866 0.0025380367878824472 0.9986977577209473 -530.2730712890625
* 0.9978450536727905 0.011549310758709908 -0.06459401547908783 -205.90927124023438 -0.012927263975143433 0.9996943473815918 -0.021058715879917145 77.12983703613281 0.06433232873678207 0.02184518612921238 0.9976885914802551 -528.4762573242188
* 0.9974159598350525 0.018748272210359573 -0.0693574994802475 -204.62916564941406 -0.021276237443089485 0.9991254210472107 -0.03598780930042267 75.37519836425781 0.06862343102693558 0.037367306649684906 0.9969417452812195 -526.8253784179688
* 0.996856689453125 0.03127099573612213 -0.07279779762029648 -204.60418701171875 -0.03418407589197159 0.9986456632614136 -0.03921296447515488 74.12232208251953 0.07147431373596191 0.04157506674528122 0.9965747594833374 -528.1296997070313
* 0.996915876865387 0.019310414791107178 -0.07606902718544006 -201.267822265625 -0.019510839134454727 0.9998073577880859 -0.0019796621054410934 68.99109649658203 0.07601743936538696 0.0034545829985290766 0.9970996975898743 -522.443359375
* 0.9985212087631226 0.02202664688229561 -0.049707021564245224 -203.63780212402344 -0.023496247828006744 0.9992937445640564 -0.029312962666153908 68.52978515625 0.04902757331728935 0.0304343830794096 0.9983327388763428 -531.503173828125
* 0.9969934225082397 0.020853372290730476 -0.07463135570287704 -199.0602569580078 -0.02161812037229538 0.9997203350067139 -0.009543287567794323 70.80025482177734 0.0744127705693245 0.011124837212264538 0.9971645474433899 -524.9644165039063
* 0.9976593852043152 0.01666959747672081 -0.06632070988416672 -195.91445922851563 -0.01700686849653721 0.9998442530632019 -0.004624915309250355 73.49158477783203 0.06623458862304688 0.0057388306595385075 0.9977866411209106 -527.520751953125
* 0.9975146055221558 0.027489542961120605 -0.0648806095123291 -194.19937133789063 -0.0292994175106287 0.9991996884346008 -0.027215050533413887 73.13545227050781 0.06408187001943588 0.02904519997537136 0.997520923614502 -530.12158203125
* 0.9975926876068115 0.01888083666563034 -0.0667303130030632 -190.7931671142578 -0.018635310232639313 0.9998171329498291 0.00420007249340415 73.80509948730469 0.06679870188236237 -0.0029495800845324993 0.9977611899375916 -527.7637939453125
* 0.9967266321182251 0.024156978353857994 -0.07715622335672379 -186.79315185546875 -0.025315169245004654 0.9995789527893066 -0.014155146665871143 73.24891662597656 0.07678308337926865 0.016058867797255516 0.9969175457954407 -526.8177490234375
* 0.9981598258018494 0.02830333448946476 -0.05363478139042854 -184.513427734375 -0.029704853892326355 0.999229371547699 -0.025642119348049164 71.97203826904297 0.05286902189254761 0.027184978127479553 0.9982304573059082 -529.8837890625
* 0.9964040517807007 0.040627412497997284 -0.07435809820890427 -180.9728546142578 -0.04496650770306587 0.9973184466362 -0.057734210044145584 71.30644226074219 0.07181446254253387 0.060867052525281906 0.9955582022666931 -527.3627319335938
* 0.9966604113578796 0.024747716262936592 -0.07782293856143951 -178.09957885742188 -0.026896055787801743 0.9992794394493103 -0.026766346767544746 69.75377655029297 0.07710572332143784 0.028766905888915062 0.9966069459915161 -525.40576171875
* 0.9970882534980774 0.03200230747461319 -0.06922219693660736 -176.35983276367188 -0.0334310457110405 0.9992468953132629 -0.019678564742207527 66.87747192382813 0.06854160130023956 0.02193228155374527 0.9974062442779541 -526.3707885742188
* 0.9960976839065552 0.01951141655445099 -0.08607946336269379 -174.26104736328125 -0.020000068470835686 0.9997876286506653 -0.004895742051303387 63.61283874511719 0.08596690744161606 0.006595089100301266 0.9962753057479858 -525.3753051757813
* 0.9963470101356506 0.020086290314793587 -0.08300704509019852 -171.0684051513672 -0.022103676572442055 0.9994782209396362 -0.02353787235915661 62.086978912353516 0.08249220997095108 0.025283487513661385 0.9962700605392456 -525.7546997070313
* 0.9966616034507751 0.0274820514023304 -0.07688538730144501 -168.90658569335938 -0.028939886018633842 0.9994187355041504 -0.017999188974499702 63.58945846557617 0.07634735107421875 0.020160995423793793 0.9968765377998352 -527.6530151367188
* 0.9966009259223938 0.021570444107055664 -0.07951273769140244 -168.5282745361328 -0.021348578855395317 0.9997653961181641 0.0035555949434638023 66.07286071777344 0.07957207411527634 -0.0018491700757294893 0.9968264698982239 -527.0277099609375
* 0.9954830408096313 0.03056500293314457 -0.08989041298627853 -168.8880615234375 -0.029287543147802353 0.9994516372680664 0.015422391705214977 66.61898803710938 0.09031382948160172 -0.012723171152174473 0.9958311915397644 -525.3709716796875
* 0.9962278008460999 0.036307189613580704 -0.07882233709096909 -170.9852294921875 -0.03805951029062271 0.9990558624267578 -0.020929204300045967 64.89608764648438 0.07798941433429718 0.023847060278058052 0.9966681599617004 -526.6307373046875
* 0.9970412254333496 0.042056821286678314 -0.06435168534517288 -172.607421875 -0.04535173624753952 0.9976814389228821 -0.05073549225926399 64.71766662597656 0.06207013875246048 0.05350068584084511 0.9966359734535217 -530.4987182617188
* 0.9980167150497437 0.03331500291824341 -0.05342082679271698 -174.7385711669922 -0.03377793729305267 0.9993976354598999 -0.007912270724773407 69.0025405883789 0.053126443177461624 0.009697899222373962 0.9985398054122925 -532.2005615234375
* 0.995976984500885 0.039448462426662445 -0.08046644926071167 -176.6095733642578 -0.041347868740558624 0.9988985657691956 -0.02216082438826561 69.3635482788086 0.07950501143932343 0.025395642966032028 0.9965100288391113 -526.85009765625
* 0.9969473481178284 0.03279145807027817 -0.07086675614118576 -183.53005981445313 -0.03143428638577461 0.9993033409118652 0.020088408142328262 70.0872573852539 0.0714774802327156 -0.01780255325138569 0.9972824454307556 -525.777099609375
* 0.9975927472114563 0.036302387714385986 -0.059095196425914764 -189.71328735351563 -0.03825879842042923 0.9987407922744751 -0.03243415430188179 71.13624572753906 0.057844750583171844 0.03461382910609245 0.9977244734764099 -528.6035766601563
* 0.9957321882247925 0.03040636144578457 -0.08714590221643448 -189.57249450683594 -0.03022751398384571 0.9995369911193848 0.003294643247500062 70.80443572998047 0.08720708638429642 -6.495143170468509E-4 0.9961891174316406 -524.5760498046875
* 0.9967997670173645 0.035853832960128784 -0.07145793735980988 -192.71490478515625 -0.03704264387488365 0.9991932511329651 -0.015475560910999775 72.48109436035156 0.07084681838750839 0.018069881945848465 0.9973226189613342 -528.25244140625
* 0.9970043897628784 0.0326962023973465 -0.07010438293218613 -194.72244262695313 -0.03399017080664635 0.9992693662643433 -0.017441188916563988 76.08094024658203 0.06948428601026535 0.019768664613366127 0.9973862767219543 -527.0150756835938
* 0.9972328543663025 0.03762859106063843 -0.0641263946890831 -198.36642456054688 -0.03903365880250931 0.9990185499191284 -0.020906465128064156 81.76628875732422 0.0632781833410263 0.023348568007349968 0.9977218508720398 -529.6703491210938
* 0.996673583984375 0.033232226967811584 -0.07442425191402435 -196.51467895507813 -0.03543412312865257 0.9989633560180664 -0.028554880991578102 81.27835845947266 0.07339955121278763 0.031093910336494446 0.996816873550415 -525.1177368164063
* 0.9971061944961548 0.03566444292664528 -0.06714857369661331 -198.68637084960938 -0.037381429225206375 0.9989978075027466 -0.02459067665040493 76.8377685546875 0.06620568037033081 0.027026478201150894 0.9974389672279358 -528.208251953125
* 0.9972559213638306 0.034262340515851974 -0.06563851982355118 -201.5978240966797 -0.0350906066596508 0.9993160367012024 -0.011610453948378563 74.71272277832031 0.06519722938537598 0.01387875434011221 0.9977748990058899 -527.8287353515625
* 0.9969056844711304 0.03565994277596474 -0.07006523758172989 -203.7021484375 -0.03744494915008545 0.9989993572235107 -0.024427151307463646 76.90625762939453 0.0691254734992981 0.026972007006406784 0.9972423315048218 -526.5111694335938
* 0.9979044795036316 0.030970655381679535 -0.056825000792741776 -205.64517211914063 -0.03279699757695198 0.9989612698554993 -0.0316137932240963 77.4329605102539 0.05578828975558281 0.03340807184576988 0.9978825449943542 -528.1611938476563
* 0.9983007311820984 0.03241857886314392 -0.048437364399433136 -210.1079559326172 -0.033129557967185974 0.9993511438369751 -0.014088294468820095 76.93533325195313 0.04795064032077789 0.015665918588638306 0.9987258315086365 -528.9307250976563
* 0.9977717399597168 0.03835513815283775 -0.054607320576906204 -215.8954315185547 -0.039908748120069504 0.9988165497779846 -0.027775578200817108 75.8798828125 0.053478799760341644 0.029889849945902824 0.9981204867362976 -527.3353881835938
* 0.9976186752319336 0.026910273358225822 -0.06351680308580399 -220.6721954345703 -0.02728782780468464 0.9996134042739868 -0.005189931485801935 75.17965698242188 0.06335398554801941 0.006907667964696884 0.9979661107063293 -524.2183837890625
* 0.998555064201355 0.024844205006957054 -0.047666966915130615 -225.1631317138672 -0.025447046384215355 0.9996006488800049 -0.012224051170051098 76.41714477539063 0.04734564945101738 0.013416226021945477 0.9987873435020447 -528.104248046875
* 0.9984129071235657 0.02885172888636589 -0.04838140308856964 -226.20584106445313 -0.029970156028866768 0.9992923140525818 -0.022694066166877747 78.80686950683594 0.047693826258182526 0.024104896932840347 0.9985699653625488 -527.216064453125
* 0.9984481930732727 0.023291192948818207 -0.05059915408492088 -226.38572692871094 -0.023924248293042183 0.9996399879455566 -0.012075494974851608 81.1606674194336 0.050301067531108856 0.013264150358736515 0.9986448884010315 -528.1058959960938
* 0.9984830617904663 0.017689654603600502 -0.052156057208776474 -224.9611053466797 -0.0173114612698555 0.9998205304145813 0.007565207779407501 81.0380859375 0.05228187516331673 -0.006653978023678064 0.9986091256141663 -526.1929931640625
* 0.9984843134880066 0.03479193523526192 -0.04266468435525894 -227.5814666748047 -0.035847291350364685 0.9990586042404175 -0.024387206882238388 81.31980895996094 0.041777435690164566 0.02587650716304779 0.9987906813621521 -529.6251220703125
* 0.9985827207565308 0.03363985940814018 -0.04126415774226189 -227.7923126220703 -0.03462556377053261 0.9991211295127869 -0.023577451705932617 81.16092681884766 0.04043615236878395 0.024969661608338356 0.998869001865387 -529.0254516601563
* 0.9988982081413269 0.029231378808617592 -0.036737311631441116 -230.72760009765625 -0.030353005975484848 0.9990713596343994 -0.030542802065610886 83.16602325439453 0.035811807960271835 0.031621068716049194 0.9988570809364319 -532.8751831054688
* 0.9981659054756165 0.03472340106964111 -0.04960612207651138 -229.9956817626953 -0.03649747744202614 0.9987033605575562 -0.03545784950256348 84.66403198242188 0.04831201583147049 0.037200137972831726 0.9981382489204407 -529.5375366210938
* 0.9978588223457336 0.035128477960824966 -0.05518629774451256 -228.57090759277344 -0.03647777810692787 0.9990507364273071 -0.023760966956615448 84.14877319335938 0.054300643503665924 0.02572000026702881 0.9981922507286072 -527.41650390625
* 0.9980606436729431 0.03859616443514824 -0.04885885491967201 -228.19589233398438 -0.04067939519882202 0.9982655048370361 -0.04253098741173744 83.03504180908203 0.047134023159742355 0.04443288594484329 0.9978988170623779 -527.2889404296875
* 0.9980604648590088 0.03245214372873306 -0.05314125120639801 -228.16458129882813 -0.033431295305490494 0.9992819428443909 -0.017770010977983475 82.7454833984375 0.052527837455272675 0.019508982077240944 0.9984278082847595 -526.6341552734375
* 0.9971677660942078 0.031020596623420715 -0.06852790713310242 -227.1793670654297 -0.0324055515229702 0.9992875456809998 -0.019291404634714127 82.0866928100586 0.06788205355405807 0.021454302594065666 0.9974616169929504 -524.4224243164063
* 0.9983101487159729 0.03074313886463642 -0.04933035001158714 -228.70498657226563 -0.031195513904094696 0.9994755387306213 -0.008564977906644344 82.6331787109375 0.04904257506132126 0.01008625142276287 0.9987447261810303 -526.9803466796875
* 0.99834805727005 0.023512132465839386 -0.05244104564189911 -229.57322692871094 -0.024031154811382294 0.9996657371520996 -0.00941843818873167 82.65593719482422 0.0522034578025341 0.010659940540790558 0.9985784888267517 -527.6031494140625
* 0.9973796010017395 0.02308475226163864 -0.06857698410749435 -228.71371459960938 -0.02325189672410488 0.9997270703315735 -0.0017393605085089803 78.80319213867188 0.0685194879770279 0.0033261876087635756 0.9976431131362915 -522.9232177734375
* 0.9990839958190918 0.026011472567915916 -0.034003857523202896 -232.8022003173828 -0.02618153765797615 0.9996448159217834 -0.004766628611832857 77.5923843383789 0.033869195729494095 0.0056493813171982765 0.9994091987609863 -529.6404418945313
* 0.9985053539276123 0.028743717819452286 -0.04650359973311424 -231.48159790039063 -0.030012888833880424 0.9991844296455383 -0.026977354660630226 76.45436096191406 0.04569164663553238 0.02832956425845623 0.9985527396202087 -525.1161499023438
* 0.9977794885635376 0.03545506298542023 -0.0563984289765358 -230.24380493164063 -0.03617377579212189 0.9992737770080566 -0.011896209791302681 77.5223617553711 0.055937107652425766 0.01390678621828556 0.9983363747596741 -525.2406005859375
* 0.9973790645599365 0.0411611832678318 -0.059518516063690186 -227.29270935058594 -0.04283269867300987 0.9987108707427979 -0.02720351703464985 76.42362213134766 0.058323513716459274 0.029678398743271828 0.9978554248809814 -524.3912353515625
* 0.9988943934440613 0.02886054292321205 -0.03713010251522064 -226.92747497558594 -0.02951224520802498 0.9994135499000549 -0.017311807721853256 75.53228759765625 0.03661012649536133 0.018385304138064384 0.9991593956947327 -528.1435546875
* 0.9981381893157959 0.034606143832206726 -0.05024127662181854 -226.41896057128906 -0.035545557737350464 0.9992038011550903 -0.01806415431201458 73.62240600585938 0.04957756772637367 0.019813228398561478 0.9985726475715637 -526.9659423828125
* 0.9967373013496399 0.03742010146379471 -0.07152791321277618 -225.09458923339844 -0.040253058075904846 0.9984395503997803 -0.038681697100400925 71.55445861816406 0.06997025012969971 0.04143153876066208 0.9966872930526733 -521.9632568359375
* 0.9981986284255981 0.0361098013818264 -0.04793080687522888 -228.97288513183594 -0.037446245551109314 0.9989212155342102 -0.02742975950241089 72.42037200927734 0.04689005762338638 0.0291720200330019 0.9984729290008545 -529.1287231445313
* 0.9985226988792419 0.028701523318886757 -0.04615526273846626 -231.04345703125 -0.029059987515211105 0.9995504021644592 -0.007263001054525375 73.59615325927734 0.04592745751142502 0.008590396493673325 0.9989067316055298 -527.8370971679688
* 0.9976508617401123 0.040790509432554245 -0.05505001172423363 -233.30052185058594 -0.04181765019893646 0.9989664554595947 -0.017762748524546623 75.7520980834961 0.05426998808979988 0.020019954070448875 0.9983245134353638 -524.9868774414063
#
#
#
#
#
#
#
#
#
#
#
#
#
#
#
#
#
#
#
#
* 0.9989492297172546 0.02544318325817585 -0.03798865154385567 -235.52442932128906 -0.028027070686221123 0.99957275390625 -0.01110143680125475 83.74099731445313 0.03766552358865738 0.012452156282961369 0.9992151260375977 -528.4249877929688
* 0.9986781477928162 0.026919107884168625 -0.0436737947165966 -233.7346954345703 -0.029668467119336128 0.9994987845420837 -0.013281969353556633 82.08697509765625 0.04326935112476349 0.014857722446322441 0.9989553093910217 -526.1912231445313
#
#
#
#
#
* 0.9974098801612854 0.030202120542526245 -0.06527363508939743 -232.5909881591797 -0.03320616856217384 0.9984174966812134 -0.04538911208510399 57.51268768310547 0.06379872560501099 0.047439560294151306 0.9968346953392029 -523.462158203125
* 0.995417594909668 0.0353461354970932 -0.08884705603122711 -225.5306854248047 -0.038633737713098526 0.9986220002174377 -0.035523269325494766 48.37663650512695 0.0874682366847992 0.038793496787548065 0.99541175365448 -517.9804077148438
* 0.9960708022117615 0.03200480341911316 -0.08257219195365906 -222.02655029296875 -0.03468246012926102 0.9989126324653625 -0.03116144984960556 36.78846740722656 0.08148431032896042 0.033903319388628006 0.996097981929779 -519.6915283203125
* 0.9965415596961975 0.027257181704044342 -0.0784948468208313 -215.29234313964844 -0.029218418523669243 0.9992873668670654 -0.023906053975224495 26.3549747467041 0.07778652757406235 0.026117369532585144 0.9966280460357666 -521.4915161132813
* 0.9975359439849854 0.015100565738976002 -0.06850812584161758 -207.5531005859375 -0.013912052847445011 0.9997442960739136 0.017837822437286377 20.13779640197754 0.06875918805599213 -0.01684027537703514 0.9974912405014038 -523.0822143554688
* 0.9980468153953552 0.018447229638695717 -0.05968039110302925 -192.88177490234375 -0.019043218344449997 0.9997749328613281 -0.009380648843944073 16.001020431518555 0.05949312821030617 0.010499340482056141 0.9981736540794373 -522.4599609375
* 0.9991204142570496 0.01552475057542324 -0.038948480039834976 -173.51766967773438 -0.018229622393846512 0.9973806738853455 -0.07000067085027695 16.143741607666016 0.03775893151760101 0.07064962387084961 0.9967864155769348 -526.8269653320313
* 0.999870240688324 0.015866750851273537 0.002700390759855509 -149.07778930664063 -0.01576811447739601 0.9992889761924744 -0.03425393998622894 19.75129508972168 -0.00324275647290051 0.03420741856098175 0.9994096755981445 -530.0857543945313
* 0.999387800693512 0.017356688156723976 -0.03037012740969658 -121.79837799072266 -0.01776537485420704 0.9997560977935791 -0.013135871849954128 19.988496780395508 0.030133947730064392 0.013667866587638855 0.9994525909423828 -526.6841430664063
* 0.9993056654930115 0.020869862288236618 -0.030859345570206642 -98.14606475830078 -0.02157893404364586 0.9995090961456299 -0.022722508758306503 18.785268783569336 0.03036920353770256 0.023373140022158623 0.9992655515670776 -527.8928833007813
* 0.996532142162323 -6.126409425633028E-5 -0.08320600539445877 -77.18058776855469 -2.519399276934564E-5 0.9999997019767761 -0.0010004243813455105 18.772157669067383 0.08320527523756027 9.995750151574612E-4 0.9965320825576782 -525.9918212890625
* 0.9914055466651917 0.0064790197648108006 -0.13066218793392181 -66.54283142089844 -0.008648003451526165 0.9998345375061035 -0.016015464439988136 19.574054718017578 0.1305360645055771 0.01700831763446331 0.9912977814674377 -523.2095947265625
* 0.9927794337272644 0.018613213673233986 -0.11849918961524963 -70.49945068359375 -0.013825234025716782 0.9990584254264832 0.041125811636447906 18.96033477783203 0.11915236711502075 -0.03919006884098053 0.9921022653579712 -522.6687622070313
* 0.9909085631370544 0.020989347249269485 -0.13288810849189758 -83.02376556396484 -0.009807796217501163 0.9963949918746948 0.08426740765571594 16.922771453857422 0.13417702913284302 -0.08219745010137558 0.9875425100326538 -519.9464111328125
* 0.9976629614830017 0.009927758015692234 -0.0675983875989914 -98.33419799804688 -0.009246044792234898 0.9999027848243713 0.010435748845338821 15.903389930725098 0.06769466400146484 -0.009785807691514492 0.9976581931114197 -527.365966796875
* 0.9926452040672302 0.018757497891783714 -0.11959537863731384 -108.24024200439453 -0.021699491888284683 0.9994924664497375 -0.02331894263625145 15.18070125579834 0.119096539914608 0.02574312873184681 0.9925490021705627 -522.154052734375
* 0.9958294034004211 0.008517077192664146 -0.09083226323127747 -116.78878021240234 -0.0066010733135044575 0.9997490048408508 0.021407172083854675 13.423798561096191 0.0909910500049591 -0.020717790350317955 0.9956362843513489 -525.6416015625
* 0.9962626695632935 0.011091073974967003 -0.08565565198659897 -124.65863800048828 -0.008615058846771717 0.9995347261428833 0.02925794944167137 12.5923433303833 0.08593954890966415 -0.0284101665019989 0.9958953261375427 -527.7747802734375
* 0.9952425360679626 0.016702983528375626 -0.09598276764154434 -126.94578552246094 -0.014812027104198933 0.9996819496154785 0.020411493256688118 15.048860549926758 0.09629243612289429 -0.018892182037234306 0.995173990726471 -524.86767578125
* 0.9956938624382019 0.02065226621925831 -0.09036963433027267 -129.83238220214844 -0.018119415268301964 0.9994211792945862 0.028792187571525574 20.64175796508789 0.09091120958328247 -0.027030261233448982 0.9954923391342163 -527.4999389648438
* 0.9957205653190613 0.01926795020699501 -0.09038136899471283 -130.18699645996094 -0.01839059218764305 0.9997751116752625 0.010563522577285767 29.789505004882813 0.09056384116411209 -0.008855639025568962 0.9958515763282776 -527.7869262695313
* 0.9962565898895264 0.021437039598822594 -0.08374219387769699 -133.7303009033203 -0.020404744893312454 0.9997046589851379 0.013200034387409687 42.87997817993164 0.08399969339370728 -0.011441381648182869 0.9964003562927246 -528.5626220703125
* 0.9955092072486877 0.026679646223783493 -0.0908246859908104 -139.93606567382813 -0.025000181049108505 0.9994950890541077 0.019612828269600868 58.07278060913086 0.09130135178565979 -0.017253611236810684 0.9956740736961365 -525.6843872070313
* 0.9960030317306519 0.04746175557374954 -0.07566174864768982 -152.19436645507813 -0.04523887857794762 0.9984992146492004 0.030868154019117355 74.37158966064453 0.07701253145933151 -0.027321459725499153 0.9966558814048767 -525.3336791992188
* 0.9982276558876038 0.03566676378250122 -0.047631893306970596 -166.1247100830078 -0.03479624539613724 0.9992129802703857 0.019046245142817497 82.2424545288086 0.048273004591464996 -0.017354588955640793 0.9986836314201355 -527.463623046875
* 0.9969980716705322 0.029933525249361992 -0.07140260934829712 -175.79299926757813 -0.029597952961921692 0.9995450973510742 0.005796405952423811 86.64531707763672 0.07154294103384018 -0.003665138967335224 0.9974309802055359 -527.0203247070313
* 0.9971144199371338 0.0310220904648304 -0.06928201019763947 -182.3191680908203 -0.03233660012483597 0.9993169903755188 -0.017888067290186882 88.26313018798828 0.06867906451225281 0.020077301189303398 0.9974369406700134 -528.6943969726563
* 0.9980597496032715 0.025655999779701233 -0.056726936250925064 -187.9825439453125 -0.027018966153264046 0.9993624687194824 -0.023336902260780334 84.03266143798828 0.05609135702252388 0.02482486143708229 0.9981171488761902 -529.3126220703125
* 0.996441662311554 0.0271455105394125 -0.07979045808315277 -193.53536987304688 -0.023249665275216103 0.9985086917877197 0.049393922090530396 78.53949737548828 0.08101162314414978 -0.0473625585436821 0.9955874085426331 -522.9376831054688
* 0.9977839589118958 0.03892367705702782 -0.05395672842860222 -201.02249145507813 -0.039626266807317734 0.9991430044174194 -0.011954977177083492 78.1109848022461 0.05344447121024132 0.014067122712731361 0.9984719157218933 -525.3190307617188
* 0.9965047836303711 0.03556564450263977 -0.07558011263608932 -204.2215576171875 -0.03914875164628029 0.9981542825698853 -0.04642587900161743 77.51417541503906 0.07378878444433212 0.04922303557395935 0.9960585832595825 -526.2752685546875
* 0.9973413944244385 0.031060414388775826 -0.06591235101222992 -199.74488830566406 -0.032616112381219864 0.9992120862007141 -0.022612089291214943 71.5836410522461 0.06515741348266602 0.024702321738004684 0.9975693225860596 -524.3369750976563
* 0.9983184337615967 0.022497011348605156 -0.05341670289635658 -191.0606689453125 -0.02530435100197792 0.9983046650886536 -0.05241582170128822 67.90258026123047 0.05214625969529152 0.053679920732975006 0.9971957206726074 -527.456298828125
* 0.9981193542480469 0.03383724391460419 -0.05110809952020645 -176.56983947753906 -0.036305155605077744 0.9981827139854431 -0.04809572175145149 61.29188537597656 0.04938708618283272 0.04986131563782692 0.9975343942642212 -526.1693725585938
* 0.9966220259666443 0.023959755897521973 -0.07854744046926498 -162.87313842773438 -0.02429785579442978 0.9996992945671082 -0.0033126510679721832 56.44643783569336 0.0784437507390976 0.0052105337381362915 0.9969049692153931 -524.0137939453125
* 0.9977842569351196 0.019394073635339737 -0.06363693624734879 -155.36990356445313 -0.019608307629823685 0.9998041391372681 -0.0026959720999002457 57.33714294433594 0.06357146799564362 0.003938337787985802 0.9979695677757263 -526.4819946289063
* 0.9958460330963135 0.026671743020415306 -0.08705481886863708 -149.19546508789063 -0.02730104699730873 0.999609112739563 -0.006011060439050198 56.523155212402344 0.08685975521802902 0.008363312110304832 0.9961854219436646 -524.8222045898438
* 0.9942604303359985 0.022177264094352722 -0.10465924441814423 -144.59295654296875 -0.021702850237488747 0.9997482299804688 0.0056988876312971115 52.56766891479492 0.10475858300924301 -0.003394234925508499 0.9944918751716614 -523.7576293945313
* 0.9957970976829529 0.028755057603120804 -0.08695030212402344 -142.43234252929688 -0.030232161283493042 0.9994199275970459 -0.015683293342590332 52.116641998291016 0.08644819259643555 0.018246619030833244 0.9960892796516418 -527.4278564453125
