#
#
#
#
#
#
#
#
#
#
#
#
#
#
#
#
#
#
#
#
#
#
#
#
#
#
#
#
#
#
#
#
#
#
#
#
#
#
#
#
#
#
#
#
#
#
#
#
#
#
#
#
#
#
#
#
#
#
#
#
#
#
#
#
#
#
#
#
#
#
#
#
#
#
#
#
#
#
#
#
#
#
#
#
#
#
#
#
#
#
#
#
#
#
#
#
#
#
#
#
#
#
#
#
#
#
#
#
#
#
#
#
#
#
#
#
#
#
#
#
#
#
#
#
#
#
#
#
#
#
#
#
#
#
#
#
#
#
#
#
#
#
#
#
#
#
#
#
#
#
#
#
#
#
#
#
#
#
#
#
#
#
#
#
#
#
#
#
#
#
#
#
#
#
#
#
#
#
#
#
#
#
#
#
#
#
#
#
#
#
#
#
#
#
#
#
#
#
#
#
#
#
#
#
#
#
#
#
#
#
#
#
#
#
#
#
#
#
#
#
#
#
#
#
#
#
#
#
#
#
#
#
#
#
#
#
#
#
#
#
#
#
#
#
#
#
#
#
#
#
#
#
#
#
#
#
#
#
#
#
#
#
#
#
#
#
#
#
#
#
#
#
#
#
#
#
#
#
#
#
#
#
#
#
#
#
#
#
#
#
#
#
#
#
#
#
#
#
#
#
#
#
#
#
#
#
#
#
#
#
#
#
#
#
#
#
#
#
#
#
#
#
#
#
#
#
#
#
#
#
#
#
#
#
#
#
#
#
#
#
#
#
#
#
#
#
#
#
#
#
#
#
#
#
#
#
#
#
#
#
#
#
#
#
#
#
#
#
#
#
#
#
#
#
#
#
#
#
#
#
#
#
#
#
#
#
#
#
#
#
#
#
#
#
#
#
#
#
#
#
#
#
#
#
#
#
#
#
#
#
#
#
*1 0.9996631145477295 -0.008210038766264915 -0.02462536096572876 -802.0100708007813
*1 0.9996631145477295 -0.008210038766264915 -0.02462536096572876 -802.0100708007813
*2 0.004424877464771271 0.988647997379303 -0.15018507838249207 210.79273986816406
*1 0.9996631145477295 -0.008210038766264915 -0.02462536096572876 -802.0100708007813
*2 0.004424877464771271 0.988647997379303 -0.15018507838249207 210.79273986816406
*3 0.02557937055826187 0.15002620220184326 0.9883512258529663 -2447.703857421875
*1 0.9998964667320251 -0.0019908975809812546 -0.014253522269427776 -784.5914306640625
*1 0.9998964667320251 -0.0019908975809812546 -0.014253522269427776 -784.5914306640625
*2 4.3463532347232103E-4 0.9940739870071411 -0.10870470106601715 201.19532775878906
*1 0.9998964667320251 -0.0019908975809812546 -0.014253522269427776 -784.5914306640625
*2 4.3463532347232103E-4 0.9940739870071411 -0.10870470106601715 201.19532775878906
*3 0.014386001974344254 0.10868794471025467 0.9939720034599304 -2451.836669921875
*1 0.996401846408844 -0.04289006069302559 -0.07310252636671066 -753.1986694335938
*1 0.996401846408844 -0.04289006069302559 -0.07310252636671066 -753.1986694335938
*2 0.043523672968149185 0.9990276098251343 0.007028576452285051 186.5667724609375
*1 0.996401846408844 -0.04289006069302559 -0.07310252636671066 -753.1986694335938
*2 0.043523672968149185 0.9990276098251343 0.007028576452285051 186.5667724609375
*3 0.07273056358098984 -0.010184312239289284 0.9972999095916748 -2414.791015625
*1 0.9884248375892639 -0.04322586953639984 -0.1454242616891861 -714.4915771484375
*1 0.9884248375892639 -0.04322586953639984 -0.1454242616891861 -714.4915771484375
*2 0.043785613030195236 0.9990406632423401 6.151351262815297E-4 170.04644775390625
*1 0.9884248375892639 -0.04322586953639984 -0.1454242616891861 -714.4915771484375
*2 0.043785613030195236 0.9990406632423401 6.151351262815297E-4 170.04644775390625
*3 0.14525876939296722 -0.006974842865020037 0.9893695116043091 -2353.201904296875
#
#
#
#
*1 0.7858099341392517 -0.007592548616230488 0.6184210777282715 -626.2579345703125
*1 0.7858099341392517 -0.007592548616230488 0.6184210777282715 -626.2579345703125
*2 0.07521641254425049 0.9936747550964355 -0.08337657898664474 119.61276245117188
*1 0.7858099341392517 -0.007592548616230488 0.6184210777282715 -626.2579345703125
*2 0.07521641254425049 0.9936747550964355 -0.08337657898664474 119.61276245117188
*3 -0.6138766407966614 0.11203514784574509 0.7814114689826965 -2362.736083984375
#
#
#
#
#
#
#
#
#
#
#
#
#
#
#
#
#
#
#
#
#
#
#
#
#
#
#
#
#
#
#
#
#
#
#
#
#
#
#
#
#
#
#
#
#
#
#
#
#
#
#
#
#
#
#
#
#
#
#
#
#
#
#
#
#
*1 0.9995096921920776 -0.0023158807307481766 0.031160607933998108 -384.4675598144531
*1 0.9995096921920776 -0.0023158807307481766 0.031160607933998108 -384.4675598144531
*2 0.00473602581769228 0.9968687295913696 -0.07895993441343307 22.986116409301758
*1 0.9995096921920776 -0.0023158807307481766 0.031160607933998108 -384.4675598144531
*2 0.00473602581769228 0.9968687295913696 -0.07895993441343307 22.986116409301758
*3 -0.03089573234319687 0.07907231897115707 0.9963911771774292 -1440.277099609375
*1 0.9998940825462341 -0.004212416708469391 -0.013789206743240356 -382.7508239746094
*1 0.9998940825462341 -0.004212416708469391 -0.013789206743240356 -382.7508239746094
*2 0.00367168802767992 0.9993300437927246 -0.0364733450114727 22.68889045715332
*1 0.9998940825462341 -0.004212416708469391 -0.013789206743240356 -382.7508239746094
*2 0.00367168802767992 0.9993300437927246 -0.0364733450114727 22.68889045715332
*3 0.013918085023760796 0.03642236813902855 0.9992407560348511 -1429.7928466796875
*1 0.996315598487854 -0.0021014518570154905 0.08571431040763855 -392.56982421875
*1 0.996315598487854 -0.0021014518570154905 0.08571431040763855 -392.56982421875
*2 0.00489167682826519 0.9994531273841858 -0.03276824578642845 24.078590393066406
*1 0.996315598487854 -0.0021014518570154905 0.08571431040763855 -392.56982421875
*2 0.00489167682826519 0.9994531273841858 -0.03276824578642845 24.078590393066406
*3 -0.0856141448020935 0.03307028114795685 0.9957805871963501 -1460.67626953125
*1 0.9990224242210388 0.003290391294285655 0.04404092952609062 -389.2334289550781
*1 0.9990224242210388 0.003290391294285655 0.04404092952609062 -389.2334289550781
*2 0.001321778167039156 0.9944645762443542 -0.10508428514003754 24.44843292236328
*1 0.9990224242210388 0.003290391294285655 0.04404092952609062 -389.2334289550781
*2 0.001321778167039156 0.9944645762443542 -0.10508428514003754 24.44843292236328
*3 -0.04415849596261978 0.1050432026386261 0.9934880137443542 -1442.2076416015625
*1 0.9989458918571472 0.00477937888354063 0.0456119030714035 -391.75018310546875
*1 0.9989458918571472 0.00477937888354063 0.0456119030714035 -391.75018310546875
*2 -0.0012963914778083563 0.9970434904098511 -0.07685649394989014 26.137113571166992
*1 0.9989458918571472 0.00477937888354063 0.0456119030714035 -391.75018310546875
*2 -0.0012963914778083563 0.9970434904098511 -0.07685649394989014 26.137113571166992
*3 -0.045859966427087784 0.0767197385430336 0.9959986805915833 -1450.2869873046875
*1 0.9977381229400635 0.009200641885399818 0.06655914336442947 -390.9669189453125
*1 0.9977381229400635 0.009200641885399818 0.06655914336442947 -390.9669189453125
*2 0.0022263217251747847 0.9854227900505066 -0.17012155055999756 27.758197784423828
*1 0.9977381229400635 0.009200641885399818 0.06655914336442947 -390.9669189453125
*2 0.0022263217251747847 0.9854227900505066 -0.17012155055999756 27.758197784423828
*3 -0.06716969609260559 0.16988831758499146 0.9831726551055908 -1450.9000244140625
*1 0.997951090335846 0.007857900112867355 0.06346670538187027 -390.55145263671875
*1 0.997951090335846 0.007857900112867355 0.06346670538187027 -390.55145263671875
*2 1.884493394754827E-4 0.9919891953468323 -0.12633948028087616 27.8974609375
*1 0.997951090335846 0.007857900112867355 0.06346670538187027 -390.55145263671875
*2 1.884493394754827E-4 0.9919891953468323 -0.12633948028087616 27.8974609375
*3 -0.06396662443876266 0.1260959506034851 0.9899547100067139 -1455.54736328125
*1 0.9954439997673035 0.0028916308656334877 0.09528407454490662 -389.14178466796875
*1 0.9954439997673035 0.0028916308656334877 0.09528407454490662 -389.14178466796875
*2 0.0022812189999967813 0.9985130429267883 -0.0545053631067276 28.132604598999023
*1 0.9954439997673035 0.0028916308656334877 0.09528407454490662 -389.14178466796875
*2 0.0022812189999967813 0.9985130429267883 -0.0545053631067276 28.132604598999023
*3 -0.09531556069850922 0.054477810859680176 0.9939563870429993 -1462.182373046875
*1 0.9998601675033569 3.2799597829580307E-4 0.016603074967861176 -380.90985107421875
*1 0.9998601675033569 3.2799597829580307E-4 0.016603074967861176 -380.90985107421875
*2 0.002110572997480631 0.9888726472854614 -0.1487644612789154 27.237300872802734
*1 0.9998601675033569 3.2799597829580307E-4 0.016603074967861176 -380.90985107421875
*2 0.002110572997480631 0.9888726472854614 -0.1487644612789154 27.237300872802734
*3 -0.016482681035995483 0.14878220856189728 0.9887337684631348 -1442.492431640625
*1 0.9998157024383545 0.012172029353678226 0.014711789786815643 -380.7155456542969
*1 0.9998157024383545 0.012172029353678226 0.014711789786815643 -380.7155456542969
*2 -0.01020275242626667 0.9915435910224915 -0.1293894499540329 24.998781204223633
*1 0.9998157024383545 0.012172029353678226 0.014711789786815643 -380.7155456542969
*2 -0.01020275242626667 0.9915435910224915 -0.1293894499540329 24.998781204223633
*3 -0.01617790199816227 0.12921883165836334 0.9914852380752563 -1450.5411376953125
*1 0.9988018870353699 0.008132221177220345 0.04821472615003586 -379.72589111328125
*1 0.9988018870353699 0.008132221177220345 0.04821472615003586 -379.72589111328125
*2 -0.0045942761935293674 0.9972671866416931 -0.07376518845558167 23.237548828125
*1 0.9988018870353699 0.008132221177220345 0.04821472615003586 -379.72589111328125
*2 -0.0045942761935293674 0.9972671866416931 -0.07376518845558167 23.237548828125
*3 -0.04869843274354935 0.07345864921808243 0.996109664440155 -1456.0894775390625
*1 0.9976950883865356 0.005559216719120741 0.06759828329086304 -379.8240051269531
*1 0.9976950883865356 0.005559216719120741 0.06759828329086304 -379.8240051269531
*2 0.0015892265364527702 0.9943929314613342 -0.10575678944587708 22.441112518310547
*1 0.9976950883865356 0.005559216719120741 0.06759828329086304 -379.8240051269531
*2 0.0015892265364527702 0.9943929314613342 -0.10575678944587708 22.441112518310547
*3 -0.06782275438308716 0.10562388598918915 0.9920916557312012 -1462.5711669921875
*1 0.9999262690544128 0.011900325305759907 -0.0013347715139389038 -372.1474914550781
*1 0.9999262690544128 0.011900325305759907 -0.0013347715139389038 -372.1474914550781
*2 -0.011995082721114159 0.9868044853210449 -0.1614845097064972 22.686729431152344
*1 0.9999262690544128 0.011900325305759907 -0.0013347715139389038 -372.1474914550781
*2 -0.011995082721114159 0.9868044853210449 -0.1614845097064972 22.686729431152344
*3 -6.201416254043579E-4 0.1614919751882553 0.9868749380111694 -1439.0965576171875
*1 0.99924635887146 -0.001274690730497241 0.03874250873923302 -373.9880065917969
*1 0.99924635887146 -0.001274690730497241 0.03874250873923302 -373.9880065917969
*2 0.004799008369445801 0.9957562685012817 -0.09192723035812378 23.641399383544922
*1 0.99924635887146 -0.001274690730497241 0.03874250873923302 -373.9880065917969
*2 0.004799008369445801 0.9957562685012817 -0.09192723035812378 23.641399383544922
*3 -0.038476478308439255 0.09204741567373276 0.9950120449066162 -1452.6826171875
*1 0.9987086653709412 -7.974592735990882E-4 0.05075742304325104 -372.9819641113281
*1 0.9987086653709412 -7.974592735990882E-4 0.05075742304325104 -372.9819641113281
*2 0.00534912571310997 0.9959022998809814 -0.09030024707317352 24.06545066833496
*1 0.9987086653709412 -7.974592735990882E-4 0.05075742304325104 -372.9819641113281
*2 0.00534912571310997 0.9959022998809814 -0.09030024707317352 24.06545066833496
*3 -0.05049298703670502 0.09045867621898651 0.9946204423904419 -1458.129150390625
*1 0.9989302158355713 2.802913077175617E-4 0.046199262142181396 -369.87969970703125
*1 0.9989302158355713 2.802913077175617E-4 0.046199262142181396 -369.87969970703125
*2 0.0016071036225184798 0.9991360306739807 -0.041576724499464035 25.87115478515625
*1 0.9989302158355713 2.802913077175617E-4 0.046199262142181396 -369.87969970703125
*2 0.0016071036225184798 0.9991360306739807 -0.041576724499464035 25.87115478515625
*3 -0.046186577528715134 0.04160996526479721 0.9980669617652893 -1456.2274169921875
*1 0.9974526762962341 0.007229603826999664 0.07093621045351028 -367.4161376953125
*1 0.9974526762962341 0.007229603826999664 0.07093621045351028 -367.4161376953125
*2 -0.0024398420937359333 0.9976929426193237 -0.06787344813346863 27.89206314086914
*1 0.9974526762962341 0.007229603826999664 0.07093621045351028 -367.4161376953125
*2 -0.0024398420937359333 0.9976929426193237 -0.06787344813346863 27.89206314086914
*3 -0.07127885520458221 0.06753087043762207 0.995168924331665 -1455.5859375
*1 0.9994200468063354 -5.367903504520655E-4 0.033989109098911285 -366.55712890625
*1 0.9994200468063354 -5.367903504520655E-4 0.033989109098911285 -366.55712890625
*2 0.002641924424096942 0.9980143904685974 -0.06296286731958389 30.014339447021484
*1 0.9994200468063354 -5.367903504520655E-4 0.033989109098911285 -366.55712890625
*2 0.002641924424096942 0.9980143904685974 -0.06296286731958389 30.014339447021484
*3 -0.033903393894433975 0.06301965564489365 0.9974374175071716 -1458.6041259765625
*1 0.997702419757843 -0.007801920175552368 0.06726840138435364 -368.3773498535156
*1 0.997702419757843 -0.007801920175552368 0.06726840138435364 -368.3773498535156
*2 0.008906614035367966 0.9998235106468201 -0.016664303839206696 32.613250732421875
*1 0.997702419757843 -0.007801920175552368 0.06726840138435364 -368.3773498535156
*2 0.008906614035367966 0.9998235106468201 -0.016664303839206696 32.613250732421875
*3 -0.0671420767903328 0.017228715121746063 0.9975958466529846 -1472.2138671875
*1 0.998529314994812 0.020816989243030548 0.05001860857009888 -363.7582702636719
*1 0.998529314994812 0.020816989243030548 0.05001860857009888 -363.7582702636719
*2 -0.014704335480928421 0.9926331043243408 -0.12028075754642487 34.316898345947266
*1 0.998529314994812 0.020816989243030548 0.05001860857009888 -363.7582702636719
*2 -0.014704335480928421 0.9926331043243408 -0.12028075754642487 34.316898345947266
*3 -0.05216964706778526 0.11937157809734344 0.9914792776107788 -1455.9454345703125
*1 0.9962599873542786 0.003198744263499975 0.08632459491491318 -365.3244323730469
*1 0.9962599873542786 0.003198744263499975 0.08632459491491318 -365.3244323730469
*2 0.0015432462096214294 0.998475193977356 -0.05521835386753082 36.11284255981445
*1 0.9962599873542786 0.003198744263499975 0.08632459491491318 -365.3244323730469
*2 0.0015432462096214294 0.998475193977356 -0.05521835386753082 36.11284255981445
*3 -0.08638518303632736 0.05514848232269287 0.9947354793548584 -1462.7769775390625
*1 0.9984719753265381 0.030528180301189423 0.04602066054940224 -362.30938720703125
*1 0.9984719753265381 0.030528180301189423 0.04602066054940224 -362.30938720703125
*2 -0.02100278064608574 0.9804811477661133 -0.19549867510795593 36.52387619018555
*1 0.9984719753265381 0.030528180301189423 0.04602066054940224 -362.30938720703125
*2 -0.02100278064608574 0.9804811477661133 -0.19549867510795593 36.52387619018555
*3 -0.05110626295208931 0.19423647224903107 0.9796237945556641 -1451.4945068359375
*1 0.9980818033218384 0.007329666055738926 0.061441369354724884 -363.4366760253906
*1 0.9980818033218384 0.007329666055738926 0.061441369354724884 -363.4366760253906
*2 4.225664306432009E-4 0.992059051990509 -0.12578798830509186 37.92706298828125
*1 0.9980818033218384 0.007329666055738926 0.061441369354724884 -363.4366760253906
*2 4.225664306432009E-4 0.992059051990509 -0.12578798830509186 37.92706298828125
*3 -0.06189105659723282 0.12557607889175415 0.9901527762413025 -1458.48095703125
*1 0.9981837272644043 0.0015768986195325851 0.06018922105431557 -359.5108947753906
*1 0.9981837272644043 0.0015768986195325851 0.06018922105431557 -359.5108947753906
*2 0.0021187826059758663 0.9980837106704712 -0.06187453866004944 39.36857604980469
*1 0.9981837272644043 0.0015768986195325851 0.06018922105431557 -359.5108947753906
*2 0.0021187826059758663 0.9980837106704712 -0.06187453866004944 39.36857604980469
*3 -0.06018704175949097 0.06189313530921936 0.9962676763534546 -1449.6375732421875
*1 0.9996252655982971 0.01919078640639782 0.019419899210333824 -357.77532958984375
*1 0.9996252655982971 0.01919078640639782 0.019419899210333824 -357.77532958984375
*2 -0.016674213111400604 0.9921478033065796 -0.12397097051143646 41.00239562988281
*1 0.9996252655982971 0.01919078640639782 0.019419899210333824 -357.77532958984375
*2 -0.016674213111400604 0.9921478033065796 -0.12397097051143646 41.00239562988281
*3 -0.021662145853042603 0.123603954911232 0.9920964241027832 -1454.789306640625
*1 0.9999578595161438 -0.0013520964421331882 0.00886586308479309 -355.22509765625
*1 0.9999578595161438 -0.0013520964421331882 0.00886586308479309 -355.22509765625
*2 0.0014806470135226846 0.9998296499252319 -0.01850821077823639 42.178619384765625
*1 0.9999578595161438 -0.0013520964421331882 0.00886586308479309 -355.22509765625
*2 0.0014806470135226846 0.9998296499252319 -0.01850821077823639 42.178619384765625
*3 -0.008854893036186695 0.01852402091026306 0.9997904896736145 -1466.194580078125
*1 0.999835193157196 0.011214997619390488 -0.014140208251774311 -348.3656005859375
*1 0.999835193157196 0.011214997619390488 -0.014140208251774311 -348.3656005859375
*2 -0.013225234113633633 0.9888479709625244 -0.14835402369499207 42.99470520019531
*1 0.999835193157196 0.011214997619390488 -0.014140208251774311 -348.3656005859375
*2 -0.013225234113633633 0.9888479709625244 -0.14835402369499207 42.99470520019531
*3 0.01230313815176487 0.14851994812488556 0.9888342022895813 -1465.111328125
*1 0.9989051222801208 -0.006615235470235348 -0.04627033323049545 -339.7349548339844
*1 0.9989051222801208 -0.006615235470235348 -0.04627033323049545 -339.7349548339844
*2 0.002906911075115204 0.9968723654747009 -0.07900196313858032 43.97964096069336
*1 0.9989051222801208 -0.006615235470235348 -0.04627033323049545 -339.7349548339844
*2 0.002906911075115204 0.9968723654747009 -0.07900196313858032 43.97964096069336
*3 0.04663275182247162 0.07878454774618149 0.9958017468452454 -1460.34326171875
*1 0.9995424747467041 -3.8348353700712323E-4 -0.03017999976873398 -332.9515075683594
*1 0.9995424747467041 -3.8348353700712323E-4 -0.03017999976873398 -332.9515075683594
*2 -0.001510145957581699 0.9981064796447754 -0.061526380479335785 44.04985427856445
*1 0.9995424747467041 -3.8348353700712323E-4 -0.03017999976873398 -332.9515075683594
*2 -0.001510145957581699 0.9981064796447754 -0.061526380479335785 44.04985427856445
*3 0.030130911618471146 0.06154729425907135 0.997650682926178 -1460.0816650390625
*1 0.9996359348297119 0.015883861109614372 -0.021719053387641907 -326.2126770019531
*1 0.9996359348297119 0.015883861109614372 -0.021719053387641907 -326.2126770019531
*2 -0.018817346543073654 0.9899029731750488 -0.14050674438476563 44.09367752075195
*1 0.9996359348297119 0.015883861109614372 -0.021719053387641907 -326.2126770019531
*2 -0.018817346543073654 0.9899029731750488 -0.14050674438476563 44.09367752075195
*3 0.019252348691225052 0.14086759090423584 0.9898426532745361 -1452.1328125
*1 0.9996628165245056 0.007014290429651737 0.024922750890254974 -326.93121337890625
*1 0.9996628165245056 0.007014290429651737 0.024922750890254974 -326.93121337890625
*2 -0.00560020050033927 0.9983168840408325 -0.05775971710681915 44.34544372558594
*1 0.9996628165245056 0.007014290429651737 0.024922750890254974 -326.93121337890625
*2 -0.00560020050033927 0.9983168840408325 -0.05775971710681915 44.34544372558594
*3 -0.025301583111286163 0.057604044675827026 0.9980201721191406 -1466.7576904296875
*1 0.9996628165245056 0.007014290429651737 0.024922750890254974 -326.93121337890625
*1 0.9996628165245056 0.007014290429651737 0.024922750890254974 -326.93121337890625
*2 -0.00560020050033927 0.9983168840408325 -0.05775971710681915 44.34544372558594
*1 0.9996628165245056 0.007014290429651737 0.024922750890254974 -326.93121337890625
*2 -0.00560020050033927 0.9983168840408325 -0.05775971710681915 44.34544372558594
*3 -0.025301583111286163 0.057604044675827026 0.9980201721191406 -1466.7576904296875
*1 0.999943733215332 0.008897993713617325 -0.005430141463875771 -327.7628173828125
*1 0.999943733215332 0.008897993713617325 -0.005430141463875771 -327.7628173828125
*2 -0.009071816690266132 0.9996222853660583 -0.026021622121334076 43.93842315673828
*1 0.999943733215332 0.008897993713617325 -0.005430141463875771 -327.7628173828125
*2 -0.009071816690266132 0.9996222853660583 -0.026021622121334076 43.93842315673828
*3 0.005180928856134415 0.026072725653648376 0.9996479749679565 -1460.7974853515625
*1 0.9995737075805664 0.01925049163401127 0.021861404180526733 -329.3841857910156
*1 0.9995737075805664 0.01925049163401127 0.021861404180526733 -329.3841857910156
*2 -0.017756635323166847 0.9975215196609497 -0.06811566650867462 42.32773208618164
*1 0.9995737075805664 0.01925049163401127 0.021861404180526733 -329.3841857910156
*2 -0.017756635323166847 0.9975215196609497 -0.06811566650867462 42.32773208618164
*3 -0.023134155198931694 0.06770163774490356 0.9974387288093567 -1459.4874267578125
*1 0.9999066591262817 0.012987806461751461 0.0037350356578826904 -330.07269287109375
*1 0.9999066591262817 0.012987806461751461 0.0037350356578826904 -330.07269287109375
*2 -0.012904804199934006 0.9994639754295349 -0.03015528991818428 41.670387268066406
*1 0.9999066591262817 0.012987806461751461 0.0037350356578826904 -330.07269287109375
*2 -0.012904804199934006 0.9994639754295349 -0.03015528991818428 41.670387268066406
*3 -0.004140324890613556 0.030107531696558 0.9995394349098206 -1462.9593505859375
*1 0.9916327595710754 0.006597377359867096 -0.12890662252902985 -322.9276123046875
*1 0.9916327595710754 0.006597377359867096 -0.12890662252902985 -322.9276123046875
*2 -0.013865340501070023 0.9983760714530945 -0.055290259420871735 40.1478385925293
*1 0.9916327595710754 0.006597377359867096 -0.12890662252902985 -322.9276123046875
*2 -0.013865340501070023 0.9983760714530945 -0.055290259420871735 40.1478385925293
*3 0.12831717729568481 0.056618355214595795 0.990117073059082 -1452.2197265625
*1 0.9972813725471497 0.02541126310825348 0.0691380500793457 -314.4591064453125
*1 0.9972813725471497 0.02541126310825348 0.0691380500793457 -314.4591064453125
*2 -0.013964928686618805 0.9867360591888428 -0.16174358129501343 22.454797744750977
*1 0.9972813725471497 0.02541126310825348 0.0691380500793457 -314.4591064453125
*2 -0.013964928686618805 0.9867360591888428 -0.16174358129501343 22.454797744750977
*3 -0.07234681397676468 0.1603415608406067 0.9844081401824951 -1497.13427734375
*1 0.998345673084259 0.010539314709603786 -0.05648830905556679 -297.4407043457031
*1 0.998345673084259 0.010539314709603786 -0.05648830905556679 -297.4407043457031
*2 -0.012360213324427605 0.9994339346885681 -0.03135276213288307 14.448383331298828
*1 0.998345673084259 0.010539314709603786 -0.05648830905556679 -297.4407043457031
*2 -0.012360213324427605 0.9994339346885681 -0.03135276213288307 14.448383331298828
*3 0.05611037835478783 0.032002419233322144 0.9979130029678345 -1472.26416015625
*1 0.9985626339912415 0.0024099992588162422 -0.05350632965564728 -283.627197265625
*1 0.9985626339912415 0.0024099992588162422 -0.05350632965564728 -283.627197265625
*2 -0.003467003582045436 0.9998152256011963 -0.019009092822670937 10.226716995239258
*1 0.9985626339912415 0.0024099992588162422 -0.05350632965564728 -283.627197265625
*2 -0.003467003582045436 0.9998152256011963 -0.019009092822670937 10.226716995239258
*3 0.05343512445688248 0.01917070895433426 0.9983887076377869 -1450.2498779296875
*1 0.9998607039451599 0.011692864820361137 -0.011740151792764664 -279.724365234375
*1 0.9998607039451599 0.011692864820361137 -0.011740151792764664 -279.724365234375
*2 -0.012636608444154263 0.9966732859611511 -0.08053901046514511 10.183399200439453
*1 0.9998607039451599 0.011692864820361137 -0.011740151792764664 -279.724365234375
*2 -0.012636608444154263 0.9966732859611511 -0.08053901046514511 10.183399200439453
*3 0.010743740946054459 0.0806795209646225 0.9966835975646973 -1451.7882080078125
*1 0.9991600513458252 0.0013875626027584076 -0.04090451821684837 -277.28582763671875
*1 0.9991600513458252 0.0013875626027584076 -0.04090451821684837 -277.28582763671875
*2 -0.0030707826372236013 0.9991868734359741 -0.040249988436698914 10.075271606445313
*1 0.9991600513458252 0.0013875626027584076 -0.04090451821684837 -277.28582763671875
*2 -0.0030707826372236013 0.9991868734359741 -0.040249988436698914 10.075271606445313
*3 0.04079987853765488 0.04034527763724327 0.998353898525238 -1457.701171875
*1 0.9990028738975525 0.011550513096153736 -0.04308014363050461 -271.5406188964844
*1 0.9990028738975525 0.011550513096153736 -0.04308014363050461 -271.5406188964844
*2 -0.013478110544383526 0.998947262763977 -0.04389387369155884 8.271026611328125
*1 0.9990028738975525 0.011550513096153736 -0.04308014363050461 -271.5406188964844
*2 -0.013478110544383526 0.998947262763977 -0.04389387369155884 8.271026611328125
*3 0.042512234300374985 0.0444340780377388 0.9981087446212769 -1453.732666015625
*1 0.9997078776359558 0.0037255422212183475 -0.023795856162905693 -264.2015075683594
*1 0.9997078776359558 0.0037255422212183475 -0.023795856162905693 -264.2015075683594
*2 -0.003241823986172676 0.9997586607933044 0.021815985441207886 5.982114791870117
*1 0.9997078776359558 0.0037255422212183475 -0.023795856162905693 -264.2015075683594
*2 -0.003241823986172676 0.9997586607933044 0.021815985441207886 5.982114791870117
*3 0.023855827748775482 -0.02172910049557686 0.9994806051254272 -1453.02099609375
*1 0.9993413686752319 0.007941920310258865 0.03535076975822449 -262.62432861328125
*1 0.9993413686752319 0.007941920310258865 0.03535076975822449 -262.62432861328125
*2 -0.006674623116850853 0.9993016123771667 -0.036817293614149094 10.10714340209961
*1 0.9993413686752319 0.007941920310258865 0.03535076975822449 -262.62432861328125
*2 -0.006674623116850853 0.9993016123771667 -0.036817293614149094 10.10714340209961
*3 -0.03563414141535759 0.036560479551553726 0.9986972808837891 -1458.617431640625
*1 0.9994039535522461 0.01687675528228283 0.030048105865716934 -261.6708679199219
*1 0.9994039535522461 0.01687675528228283 0.030048105865716934 -261.6708679199219
*2 -0.013961652293801308 0.9953016042709351 -0.09583032876253128 18.771272659301758
*1 0.9994039535522461 0.01687675528228283 0.030048105865716934 -261.6708679199219
*2 -0.013961652293801308 0.9953016042709351 -0.09583032876253128 18.771272659301758
*3 -0.0315399169921875 0.0953570082783699 0.9949446320533752 -1463.27783203125
*1 0.9994061589241028 0.028635993599891663 -0.01906142197549343 -261.6083984375
*1 0.9994061589241028 0.028635993599891663 -0.01906142197549343 -261.6083984375
*2 -0.030555639415979385 0.9937619566917419 -0.1072719469666481 27.591285705566406
*1 0.9994061589241028 0.028635993599891663 -0.01906142197549343 -261.6083984375
*2 -0.030555639415979385 0.9937619566917419 -0.1072719469666481 27.591285705566406
*3 0.015855010598897934 0.10779380798339844 0.9940481781959534 -1457.358642578125
*1 0.9996848106384277 0.016542810946702957 -0.0187776368111372 -263.2405700683594
*1 0.9996848106384277 0.016542810946702957 -0.0187776368111372 -263.2405700683594
*2 -0.01818111166357994 0.9958966970443726 -0.08867320418357849 32.27946090698242
*1 0.9996848106384277 0.016542810946702957 -0.0187776368111372 -263.2405700683594
*2 -0.01818111166357994 0.9958966970443726 -0.08867320418357849 32.27946090698242
*3 0.017218071967363358 0.08898994326591492 0.9958850741386414 -1459.2633056640625
*1 0.9978373050689697 0.019775792956352234 -0.06265474855899811 -264.1167907714844
*1 0.9978373050689697 0.019775792956352234 -0.06265474855899811 -264.1167907714844
*2 -0.02393336035311222 0.997551679611206 -0.06573843210935593 33.36149215698242
*1 0.9978373050689697 0.019775792956352234 -0.06265474855899811 -264.1167907714844
*2 -0.02393336035311222 0.997551679611206 -0.06573843210935593 33.36149215698242
*3 0.06118578836321831 0.06709900498390198 0.9958699345588684 -1451.7503662109375
*1 0.9971836805343628 0.01686965487897396 -0.07304961234331131 -265.4703369140625
*1 0.9971836805343628 0.01686965487897396 -0.07304961234331131 -265.4703369140625
*2 -0.020938944071531296 0.9982790350914001 -0.0548115000128746 31.21662712097168
*1 0.9971836805343628 0.01686965487897396 -0.07304961234331131 -265.4703369140625
*2 -0.020938944071531296 0.9982790350914001 -0.0548115000128746 31.21662712097168
*3 0.07198373973369598 0.05618995428085327 0.9958232045173645 -1439.8321533203125
*1 0.9975747466087341 0.023530973121523857 -0.06547500193119049 -272.27972412109375
*1 0.9975747466087341 0.023530973121523857 -0.06547500193119049 -272.27972412109375
*2 -0.03076430968940258 0.993324339389801 -0.1111939549446106 27.037824630737305
*1 0.9975747466087341 0.023530973121523857 -0.06547500193119049 -272.27972412109375
*2 -0.03076430968940258 0.993324339389801 -0.1111939549446106 27.037824630737305
*3 0.06240583956241608 0.11294177174568176 0.9916412830352783 -1452.2000732421875
*1 0.9997499585151672 0.017013516277074814 -0.014372388832271099 -279.30474853515625
*1 0.9997499585151672 0.017013516277074814 -0.014372388832271099 -279.30474853515625
*2 -0.017293989658355713 0.9997060298919678 -0.017099304124712944 20.37581443786621
*1 0.9997499585151672 0.017013516277074814 -0.014372388832271099 -279.30474853515625
*2 -0.017293989658355713 0.9997060298919678 -0.017099304124712944 20.37581443786621
*3 0.014061614871025085 0.017346763983368874 0.9997519850730896 -1462.4443359375
*1 0.9976876974105835 0.024221504107117653 -0.06347052752971649 -280.90582275390625
*1 0.9976876974105835 0.024221504107117653 -0.06347052752971649 -280.90582275390625
*2 -0.03252691775560379 0.9906256198883057 -0.1326894760131836 13.597538948059082
*1 0.9976876974105835 0.024221504107117653 -0.06347052752971649 -280.90582275390625
*2 -0.03252691775560379 0.9906256198883057 -0.1326894760131836 13.597538948059082
*3 0.059646014124155045 0.13445036113262177 0.9891248941421509 -1446.6044921875
*1 0.999579668045044 0.01978045143187046 -0.021101035177707672 -287.2567443847656
*1 0.999579668045044 0.01978045143187046 -0.021101035177707672 -287.2567443847656
*2 -0.021509826183319092 0.9962918758392334 -0.08332713693380356 9.823482513427734
*1 0.999579668045044 0.01978045143187046 -0.021101035177707672 -287.2567443847656
*2 -0.021509826183319092 0.9962918758392334 -0.08332713693380356 9.823482513427734
*3 0.019358918070793152 0.0837492048740387 0.9963001608848572 -1458.8388671875
*1 0.999809205532074 0.01934615522623062 0.0018757132347673178 -293.1806335449219
*1 0.999809205532074 0.01934615522623062 0.0018757132347673178 -293.1806335449219
*2 -0.019363487139344215 0.9997718334197998 -0.009230795316398144 10.362516403198242
*1 0.999809205532074 0.01934615522623062 0.0018757132347673178 -293.1806335449219
*2 -0.019363487139344215 0.9997718334197998 -0.009230795316398144 10.362516403198242
*3 -0.0020695142447948456 0.009195826947689056 0.9999569058418274 -1474.3807373046875
*1 0.9995853900909424 0.020381363108754158 0.020240014418959618 -295.6123962402344
*1 0.9995853900909424 0.020381363108754158 0.020240014418959618 -295.6123962402344
*2 -0.019124962389469147 0.9978893399238586 -0.06208820268511772 14.98028564453125
*1 0.9995853900909424 0.020381363108754158 0.020240014418959618 -295.6123962402344
*2 -0.019124962389469147 0.9978893399238586 -0.06208820268511772 14.98028564453125
*3 -0.021478401497006416 0.06167853623628616 0.9978662729263306 -1479.2196044921875
*1 0.9890557527542114 0.03428886458277702 0.14348861575126648 -299.41265869140625
*1 0.9890557527542114 0.03428886458277702 0.14348861575126648 -299.41265869140625
*2 -0.013123612850904465 0.9891750812530518 -0.14616534113883972 21.471458435058594
*1 0.9890557527542114 0.03428886458277702 0.14348861575126648 -299.41265869140625
*2 -0.013123612850904465 0.9891750812530518 -0.14616534113883972 21.471458435058594
*3 -0.14696285128593445 0.14268560707569122 0.978797972202301 -1492.04736328125
*1 0.9896159172058105 0.023990362882614136 0.14170671999454498 -297.5934753417969
*1 0.9896159172058105 0.023990362882614136 0.14170671999454498 -297.5934753417969
*2 -0.005036411341279745 0.9911225438117981 -0.13287043571472168 27.37991714477539
*1 0.9896159172058105 0.023990362882614136 0.14170671999454498 -297.5934753417969
*2 -0.005036411341279745 0.9911225438117981 -0.13287043571472168 27.37991714477539
*3 -0.14365194737911224 0.1307801753282547 0.9809502959251404 -1482.7330322265625
*1 0.9993029832839966 0.02993314526975155 0.022214453667402267 -295.4661560058594
*1 0.9993029832839966 0.02993314526975155 0.022214453667402267 -295.4661560058594
*2 -0.026202544569969177 0.9877498149871826 -0.15384288132190704 31.518136978149414
*1 0.9993029832839966 0.02993314526975155 0.022214453667402267 -295.4661560058594
*2 -0.026202544569969177 0.9877498149871826 -0.15384288132190704 31.518136978149414
*3 -0.026562975719571114 0.15315668284893036 0.987846314907074 -1470.240966796875
*1 0.9984936714172363 0.02474457584321499 0.048928938806056976 -298.2371520996094
*1 0.9984936714172363 0.02474457584321499 0.048928938806056976 -298.2371520996094
*2 -0.019996562972664833 0.9951878786087036 -0.09594342857599258 33.61201477050781
*1 0.9984936714172363 0.02474457584321499 0.048928938806056976 -298.2371520996094
*2 -0.019996562972664833 0.9951878786087036 -0.09594342857599258 33.61201477050781
*3 -0.05108322203159332 0.09482361376285553 0.9941840767860413 -1477.2099609375
*1 0.9954962134361267 0.00932847335934639 -0.09431982040405273 -298.1514587402344
*1 0.9954962134361267 0.00932847335934639 -0.09431982040405273 -298.1514587402344
*2 -0.009431964717805386 0.9999575018882751 -2.764984965324402E-4 32.54902648925781
*1 0.9954962134361267 0.00932847335934639 -0.09431982040405273 -298.1514587402344
*2 -0.009431964717805386 0.9999575018882751 -2.764984965324402E-4 32.54902648925781
*3 0.0942978784441948 0.0011680945754051208 0.9955448508262634 -1469.197998046875
*1 0.9998919367790222 0.014561100862920284 9.069591760635376E-5 -302.92083740234375
*1 0.9998919367790222 0.014561100862920284 9.069591760635376E-5 -302.92083740234375
*2 -0.014584186486899853 0.9992716312408447 -0.03532126545906067 31.5716495513916
*1 0.9998919367790222 0.014561100862920284 9.069591760635376E-5 -302.92083740234375
*2 -0.014584186486899853 0.9992716312408447 -0.03532126545906067 31.5716495513916
*3 -6.20521605014801E-4 0.035319313406944275 0.9993773698806763 -1484.6787109375
*1 0.9976025223731995 0.025793317705392838 0.064185731112957 -302.0782470703125
*1 0.9976025223731995 0.025793317705392838 0.064185731112957 -302.0782470703125
*2 -0.018496498465538025 0.9935027956962585 -0.11231265962123871 29.872133255004883
*1 0.9976025223731995 0.025793317705392838 0.064185731112957 -302.0782470703125
*2 -0.018496498465538025 0.9935027956962585 -0.11231265962123871 29.872133255004883
*3 -0.06668127328157425 0.11085929721593857 0.9915980696678162 -1474.42529296875
*1 0.9995409846305847 0.0180110651999712 -0.024274667724967003 -302.99200439453125
*1 0.9995409846305847 0.0180110651999712 -0.024274667724967003 -302.99200439453125
*2 -0.02086019143462181 0.9924173951148987 -0.1211477741599083 25.676998138427734
*1 0.9995409846305847 0.0180110651999712 -0.024274667724967003 -302.99200439453125
*2 -0.02086019143462181 0.9924173951148987 -0.1211477741599083 25.676998138427734
*3 0.021893037483096123 0.12160179018974304 0.9923388361930847 -1474.2630615234375
*1 0.9988629817962646 0.015739038586616516 0.04495430737733841 -306.24603271484375
*1 0.9988629817962646 0.015739038586616516 0.04495430737733841 -306.24603271484375
*2 -0.013522247783839703 0.9986612796783447 -0.04997039586305618 20.131351470947266
*1 0.9988629817962646 0.015739038586616516 0.04495430737733841 -306.24603271484375
*2 -0.013522247783839703 0.9986612796783447 -0.04997039586305618 20.131351470947266
*3 -0.04569622129201889 0.049308910965919495 0.9977389574050903 -1484.7803955078125
*1 0.9966515302658081 0.00835784338414669 -0.0813123881816864 -304.75872802734375
*1 0.9966515302658081 0.00835784338414669 -0.0813123881816864 -304.75872802734375
*2 -0.010537381283938885 0.999609112739563 -0.025976665318012238 16.350629806518555
*1 0.9966515302658081 0.00835784338414669 -0.0813123881816864 -304.75872802734375
*2 -0.010537381283938885 0.999609112739563 -0.025976665318012238 16.350629806518555
*3 0.08104809373617172 0.026749808341264725 0.9963524341583252 -1471.7578125
*1 0.9987190961837769 0.008319064043462276 0.049866653978824615 -309.97967529296875
*1 0.9987190961837769 0.008319064043462276 0.049866653978824615 -309.97967529296875
*2 -0.007260720245540142 0.9997321367263794 -0.022073090076446533 15.332564353942871
*1 0.9987190961837769 0.008319064043462276 0.049866653978824615 -309.97967529296875
*2 -0.007260720245540142 0.9997321367263794 -0.022073090076446533 15.332564353942871
*3 -0.05005250126123428 0.021686052903532982 0.998512327671051 -1491.309814453125
*1 0.9993844628334045 0.004477338399738073 0.03473292291164398 -311.36370849609375
*1 0.9993844628334045 0.004477338399738073 0.03473292291164398 -311.36370849609375
*2 2.7593885897658765E-4 0.9906209707260132 -0.13665440678596497 15.334959983825684
*1 0.9993844628334045 0.004477338399738073 0.03473292291164398 -311.36370849609375
*2 2.7593885897658765E-4 0.9906209707260132 -0.13665440678596497 15.334959983825684
*3 -0.035034552216529846 0.1365833282470703 0.990010142326355 -1491.274169921875
*1 0.9958061575889587 -0.02153242938220501 -0.08889369666576385 -304.9637756347656
*1 0.9958061575889587 -0.02153242938220501 -0.08889369666576385 -304.9637756347656
*2 0.028303397819399834 0.9967058300971985 0.07602939009666443 16.08846664428711
*1 0.9958061575889587 -0.02153242938220501 -0.08889369666576385 -304.9637756347656
*2 0.028303397819399834 0.9967058300971985 0.07602939009666443 16.08846664428711
*3 0.08694852143526077 -0.07822292298078537 0.9931381940841675 -1453.556884765625
#
#
#
#
#
#
#
#
#
#
#
#
#
#
#
#
#
#
#
#
#
#
#
#
#
#
#
#
#
#
#
#
#
#
#
#
#
#
#
#
#
#
#
#
#
#
#
#
#
#
*1 0.9993219971656799 0.03655228763818741 0.004441671073436737 -270.3370666503906
*1 0.9993219971656799 0.03655228763818741 0.004441671073436737 -270.3370666503906
*2 -0.035738833248615265 0.9919611215591431 -0.1213836669921875 33.42644119262695
*1 0.9993219971656799 0.03655228763818741 0.004441671073436737 -270.3370666503906
*2 -0.035738833248615265 0.9919611215591431 -0.1213836669921875 33.42644119262695
*3 -0.008840665221214294 0.12114311754703522 0.992595911026001 -1737.0050048828125
*1 0.9998628497123718 0.013355298899114132 -0.00979258120059967 -270.70843505859375
*1 0.9998628497123718 0.013355298899114132 -0.00979258120059967 -270.70843505859375
*2 -0.01286659948527813 0.9987670183181763 0.04792649298906326 31.97787857055664
*1 0.9998628497123718 0.013355298899114132 -0.00979258120059967 -270.70843505859375
*2 -0.01286659948527813 0.9987670183181763 0.04792649298906326 31.97787857055664
*3 0.010422749444842339 -0.047793686389923096 0.9988029599189758 -1742.28369140625
*1 0.9987179040908813 0.030040236189961433 0.04074235260486603 -271.30462646484375
*1 0.9987179040908813 0.030040236189961433 0.04074235260486603 -271.30462646484375
*2 -0.02860844135284424 0.9989708065986633 -0.03516869246959686 30.4337215423584
*1 0.9987179040908813 0.030040236189961433 0.04074235260486603 -271.30462646484375
*2 -0.02860844135284424 0.9989708065986633 -0.03516869246959686 30.4337215423584
*3 -0.04175479710102081 0.03395838662981987 0.9985507130622864 -1753.3721923828125
*1 0.9984766244888306 0.02319404110312462 -0.050061579793691635 -268.34588623046875
*1 0.9984766244888306 0.02319404110312462 -0.050061579793691635 -268.34588623046875
*2 -0.01873302087187767 0.9959681034088135 0.08771902322769165 29.75972557067871
*1 0.9984766244888306 0.02319404110312462 -0.050061579793691635 -268.34588623046875
*2 -0.01873302087187767 0.9959681034088135 0.08771902322769165 29.75972557067871
*3 0.05189649388194084 -0.08664737641811371 0.9948863983154297 -1742.0701904296875
*1 0.9994450211524963 0.032182104885578156 0.008582636713981628 -268.4731140136719
*1 0.9994450211524963 0.032182104885578156 0.008582636713981628 -268.4731140136719
*2 -0.03253801539540291 0.9984175562858582 0.045841559767723083 29.56301498413086
*1 0.9994450211524963 0.032182104885578156 0.008582636713981628 -268.4731140136719
*2 -0.03253801539540291 0.9984175562858582 0.045841559767723083 29.56301498413086
*3 -0.007091633975505829 -0.046095095574855804 0.9989118576049805 -1761.431396484375
*1 0.999366819858551 0.01116146333515644 0.03377900272607803 -265.75457763671875
*1 0.999366819858551 0.01116146333515644 0.03377900272607803 -265.75457763671875
