#
#
#
#
#
#
#
#
#
#
#
#
#
#
#
#
#
#
#
#
#
#
#
#
#
#
#
#
#
#
#
#
#
#
#
#
#
#
#
#
#
#
#
#
#
#
#
#
#
#
#
#
#
#
#
#
#
#
#
#
#
#
#
#
#
#
#
#
#
#
#
#
#
#
#
#
#
#
#
#
#
#
#
#
#
#
#
#
#
#
#
#
#
#
#
#
#
#
#
#
#
#
#
#
#
#
#
#
#
#
#
#
#
#
#
#
#
#
#
#
#
#
#
#
#
#
#
#
#
#
#
#
#
#
#
#
#
#
#
#
#
#
#
#
#
#
#
#
#
#
#
#
#
#
#
#
#
#
#
#
#
#
#
#
#
#
#
#
#
#
#
#
#
#
#
#
#
#
#
#
#
#
#
#
#
#
#
#
#
#
#
#
#
#
#
#
#
#
#
#
#
#
#
#
#
#
#
#
#
#
#
#
#
#
#
#
#
#
#
#
#
#
#
#
#
#
#
#
#
#
#
#
#
#
#
#
#
#
#
#
#
#
#
#
#
#
#
#
#
#
#
#
#
#
#
#
#
#
#
#
#
#
#
#
#
#
#
#
#
#
#
#
#
#
#
#
#
#
#
#
#
#
*1 0.5001364946365356 -0.6135488748550415 0.6110755205154419 36.65386199951172
*2 0.5955875515937805 -0.2685224115848541 -0.7570784091949463 -261.3096008300781
*3 0.6285982131958008 0.7425916194915771 0.2311258614063263 -1395.610595703125
#
#
#
#
#
#
#
#
#
#
#
#
#
#
#
#
#
#
#
#
#
#
#
#
#
#
#
#
#
#
#
#
#
#
#
#
#
#
#
#
#
#
#
#
#
#
#
#
#
#
#
#
#
#
#
#
#
#
#
#
#
#
#
#
#
#
#
#
#
#
#
#
#
#
#
#
#
#
#
#
#
#
#
#
#
#
#
#
#
#
#
#
#
#
#
#
#
#
#
#
#
#
#
#
#
#
#
#
#
#
#
#
#
#
#
#
#
#
#
#
#
#
#
#
#
#
#
#
#
#
#
#
#
#
#
#
#
#
#
#
#
#
#
#
#
#
#
#
#
#
#
#
#
#
#
#
#
#
#
#
#
#
#
#
#
#
#
#
#
#
#
#
#
#
#
#
#
#
#
#
#
#
#
#
#
#
#
#
#
#
#
#
#
#
#
#
#
#
#
#
#
#
#
#
#
#
#
#
#
#
#
#
#
#
#
#
#
*1 0.4343656003475189 0.052267637103796005 0.8992179036140442 -113.38262939453125
*2 0.2322886437177658 0.958041787147522 -0.16790065169334412 114.09868621826172
*3 -0.8702691793441772 0.28182005882263184 0.404000461101532 -499.26446533203125
*1 0.41699057817459106 0.026606574654579163 0.9085204005241394 -111.04002380371094
*2 0.23910380899906158 0.9611483812332153 -0.13789823651313782 123.74980163574219
*3 -0.876896858215332 0.27474454045295715 0.3944295048713684 -517.1770629882813
*1 0.43742305040359497 -0.004199497401714325 0.8992451429367065 -121.0786361694336
*2 0.25100377202033997 0.9608102440834045 -0.11761683970689774 128.65252685546875
*3 -0.8635146617889404 0.2771739065647125 0.42133644223213196 -539.0850830078125
*1 0.4278474748134613 -0.04484286531805992 0.9027369618415833 -133.1388702392578
*2 0.26024582982063293 0.9625797271728516 -0.07553379982709885 125.13978576660156
*3 -0.8655736446380615 0.26726219058036804 0.4235096871852875 -543.8228759765625
*1 0.42783021926879883 -0.07788712531328201 0.9004961848258972 -145.4780731201172
*2 0.2723134458065033 0.961092472076416 -0.04625633358955383 119.81816864013672
*3 -0.8618616461753845 0.2650187909603119 0.43239665031433105 -545.7991943359375
*1 0.42079460620880127 -0.09822192788124084 0.9018219113349915 -157.44125366210938
*2 0.28084126114845276 0.9593830704689026 -0.02655787765979767 113.61980438232422
*3 -0.8625884652137756 0.2644558846950531 0.43129071593284607 -547.5984497070313
*1 0.4236097037792206 -0.12993215024471283 0.8964769244194031 -167.4987335205078
*2 0.28094005584716797 0.9597007036209106 0.006336602382361889 106.83118438720703
*3 -0.8611772656440735 0.2491835653781891 0.4430447816848755 -547.030517578125
*1 0.41818875074386597 -0.15087011456489563 0.8957425355911255 -177.48892211914063
*2 0.28461286425590515 0.9582148194313049 0.02851003035902977 100.91847229003906
*3 -0.8626195192337036 0.24302877485752106 0.4436575174331665 -550.2816162109375
*1 0.431115061044693 -0.16730879247188568 0.8866487145423889 -187.858154296875
*2 0.30375906825065613 0.952208399772644 0.03197583183646202 94.87322998046875
*3 -0.8496284484863281 0.25555387139320374 0.4613364040851593 -552.8270874023438
*1 0.4570399224758148 -0.20369520783424377 0.8658067584037781 -199.19525146484375
*2 0.3041079342365265 0.9505422711372375 0.06309150904417038 88.4549560546875
*3 -0.8358413577079773 0.23447473347187042 0.4963851571083069 -549.6109619140625
*1 0.4624120891094208 -0.21878637373447418 0.8592474460601807 -210.61244201660156
*2 0.3066524863243103 0.9487355947494507 0.07653701305389404 81.79544830322266
*3 -0.8319478034973145 0.22811001539230347 0.5058024525642395 -543.3509521484375
*1 0.44868209958076477 -0.2320496141910553 0.8630387187004089 -220.30235290527344
*2 0.3114475905895233 0.9457598924636841 0.09236647933721542 76.74031066894531
*3 -0.8376649022102356 0.22735942900180817 0.49662119150161743 -541.1087646484375
#
#
#
#
#
#
#
#
#
#
#
#
#
#
#
#
#
#
#
#
#
#
#
*1 0.5659568309783936 -0.3413546681404114 0.7504569292068481 -222.27459716796875
*2 0.30977627635002136 0.9315967559814453 0.1901046633720398 13.84244155883789
*3 -0.7640236020088196 0.1249135434627533 0.6329885125160217 -532.420654296875
*1 0.5775667428970337 -0.33881160616874695 0.7427242398262024 -215.04737854003906
*2 0.3052353262901306 0.9334357380867004 0.18842196464538574 10.263923645019531
*3 -0.7571322321891785 0.11791010946035385 0.6425401568412781 -540.2786254882813
*1 0.5948858261108398 -0.329268217086792 0.7332866787910461 -207.54177856445313
*2 0.30102965235710144 0.9371145367622375 0.17655342817306519 7.831910133361816
*3 -0.7453145980834961 0.1157425194978714 0.6565970778465271 -546.2261962890625
*1 0.6101896166801453 -0.3251563310623169 0.7224666476249695 -201.4365692138672
*2 0.29281654953956604 0.9398790001869202 0.17566828429698944 6.511445999145508
*3 -0.7361588478088379 0.10438975691795349 0.6687173247337341 -551.2619018554688
*1 0.6329087018966675 -0.31727030873298645 0.7062450647354126 -197.24928283691406
*2 0.2870637774467468 0.9433181881904602 0.1664891541004181 7.579101085662842
*3 -0.7190441489219666 0.0973953902721405 0.6881130933761597 -556.7274780273438
*1 0.6559107899665833 -0.30725014209747314 0.6894885301589966 -195.9267578125
*2 0.28583845496177673 0.9464791417121887 0.1498238444328308 11.404226303100586
*3 -0.6986282467842102 0.09884164482355118 0.708631694316864 -566.2567138671875
*1 0.6699903011322021 -0.3024212419986725 0.6779899001121521 -194.18898010253906
*2 0.2863229811191559 0.9478616118431091 0.13982562720775604 17.940082550048828
*3 -0.6849351525306702 0.10047264397144318 0.7216501235961914 -573.605224609375
*1 0.6874781847000122 -0.2980365753173828 0.6622414588928223 -191.57806396484375
*2 0.2842569053173065 0.9495721459388733 0.13222865760326385 26.456958770751953
*3 -0.6682634353637695 0.09737270325422287 0.7375311851501465 -580.4088134765625
*1 0.6997301578521729 -0.285257488489151 0.6549974083900452 -186.82904052734375
*2 0.2863931357860565 0.9519248604774475 0.10859013348817825 36.09850311279297
*3 -0.6544927954673767 0.11163332313299179 0.7477880120277405 -583.0257568359375
*1 0.7040728330612183 -0.2734638452529907 0.655373752117157 -180.81451416015625
*2 0.2780645191669464 0.9553424715995789 0.09987340122461319 44.985328674316406
*3 -0.6534266471862793 0.11194834113121033 0.7486727237701416 -580.9625854492188
*1 0.7233908176422119 -0.250923216342926 0.6432409882545471 -176.13401794433594
*2 0.2823095917701721 0.9576700925827026 0.05606289952993393 52.163185119628906
*3 -0.6300885081291199 0.14106807112693787 0.7636083960533142 -579.1488647460938
*1 0.7404223084449768 -0.23539787530899048 0.6295858025550842 -173.62379455566406
*2 0.2827683389186859 0.9588243365287781 0.025918086990714073 58.043540954589844
*3 -0.6097716093063354 0.1588669717311859 0.7764981389045715 -577.3136596679688
*1 0.7587096095085144 -0.22914575040340424 0.6098094582557678 -175.63323974609375
*2 0.28740134835243225 0.9577937722206116 0.0022968482226133347 64.77130889892578
*3 -0.5846062302589417 0.17354781925678253 0.7925441265106201 -582.24267578125
*1 0.759467601776123 -0.23515684902668 0.6065689325332642 -176.59591674804688
*2 0.293109655380249 0.9560582041740417 0.0036216513253748417 72.24210357666016
*3 -0.5807749032974243 0.1750711053609848 0.7950220704078674 -582.7557373046875
*1 0.7456491589546204 -0.23639419674873352 0.6230095028877258 -174.23370361328125
*2 0.2975323796272278 0.9546784162521362 0.006109206471592188 79.23925018310547
*3 -0.5962257385253906 0.1808405965566635 0.7821899056434631 -580.0675048828125
*1 0.7255415320396423 -0.22950786352157593 0.6487923264503479 -167.94766235351563
*2 0.2986612021923065 0.9543387293815613 0.003572161542251706 85.11568450927734
*3 -0.6199952363967896 0.19120775163173676 0.7609567046165466 -574.0125732421875
*1 0.714019775390625 -0.22647643089294434 0.6624953150749207 -159.23321533203125
*2 0.29671475291252136 0.9549294710159302 0.00662532914429903 88.6790542602539
*3 -0.6341444849967957 0.19187189638614655 0.7490363717079163 -565.7074584960938
*1 0.7185882329940796 -0.22143565118312836 0.659251868724823 -151.6920928955078
*2 0.2918016016483307 0.9564599990844727 0.0031696222722530365 90.7033920288086
*3 -0.6312578320503235 0.19012340903282166 0.7519150376319885 -562.135986328125
*1 0.7329415082931519 -0.20558856427669525 0.6484949588775635 -145.76171875
*2 0.2864898443222046 0.9578575491905212 -0.020162532106041908 91.57896423339844
*3 -0.6170287132263184 0.2005954384803772 0.760951042175293 -561.2367553710938
*1 0.7479583621025085 -0.19912567734718323 0.6331846117973328 -141.3876495361328
*2 0.2798859775066376 0.9595853686332703 -0.028877105563879013 91.95679473876953
*3 -0.6018528342247009 0.19884856045246124 0.7734609842300415 -561.0807495117188
*1 0.7561177611351013 -0.19238166511058807 0.6255322694778442 -137.9807586669922
*2 0.27426934242248535 0.9609648585319519 -0.03601335361599922 92.0067367553711
*3 -0.594194769859314 0.19882483780384064 0.779365599155426 -560.916015625
*1 0.759406328201294 -0.18773813545703888 0.6229540705680847 -134.7626190185547
*2 0.2688421607017517 0.9624320268630981 -0.037715211510658264 91.75316619873047
*3 -0.5924792289733887 0.19614766538143158 0.7813475131988525 -560.6707153320313
*1 0.7646721601486206 -0.1819230318069458 0.6182198524475098 -131.66493225097656
*2 0.26410573720932007 0.9635136127471924 -0.04317006468772888 91.55419921875
*3 -0.5878186225891113 0.19631648063659668 0.7848175168037415 -561.1123046875
*1 0.7716799378395081 -0.17515666782855988 0.6114290356636047 -128.36676025390625
*2 0.25964945554733276 0.9643160104751587 -0.05148514732718468 90.97590637207031
*3 -0.5806019902229309 0.1985173523426056 0.7896211743354797 -560.2880249023438
*1 0.7788039445877075 -0.170368954539299 0.6037003993988037 -125.921142578125
*2 0.2532554268836975 0.9658681750297546 -0.05416928231716156 90.537841796875
*3 -0.5738754868507385 0.19510765373706818 0.795367419719696 -560.349853515625
*1 0.7826603651046753 -0.16396464407444 0.600477933883667 -123.977294921875
*2 0.24982264637947083 0.966304361820221 -0.06179434806108475 90.13090515136719
*3 -0.5701216459274292 0.1984068900346756 0.7972486615180969 -560.3024291992188
*1 0.7887152433395386 -0.1572418510913849 0.5943220257759094 -122.78337097167969
*2 0.24504898488521576 0.967011034488678 -0.06938807666301727 89.98371124267578
*3 -0.5638146996498108 0.20039533078670502 0.8012266159057617 -560.6122436523438
*1 0.7916265726089478 -0.15141050517559052 0.5919607877731323 -122.1772689819336
*2 0.24140633642673492 0.9674766063690186 -0.07540557533502579 89.99900817871094
*3 -0.5613006353378296 0.20262600481510162 0.8024299144744873 -560.8671875
*1 0.7951124906539917 -0.1475716531276703 0.5882465839385986 -122.12517547607422
*2 0.2367594689130783 0.9684916138648987 -0.07709027081727982 90.44537353515625
*3 -0.5583452582359314 0.20059821009635925 0.8049971461296082 -561.6747436523438
*1 0.7916774749755859 -0.15014971792697906 0.5922138094902039 -122.56780242919922
*2 0.23652619123458862 0.969048261642456 -0.0705314427614212 91.28541564941406
*3 -0.5633032321929932 0.19594205915927887 0.8026864528656006 -561.8969116210938
*1 0.7900555729866028 -0.1462089717388153 0.5953574776649475 -123.00836944580078
*2 0.23473526537418365 0.9692631363868713 -0.07349955290555954 91.94396209716797
*3 -0.5663215517997742 0.19784992933273315 0.8000904321670532 -561.4334106445313
*1 0.7836244702339172 -0.14463679492473602 0.6041757464408875 -123.63960266113281
*2 0.23482656478881836 0.9693120121955872 -0.07255706191062927 91.9156494140625
*3 -0.575150191783905 0.19876380264759064 0.7935393452644348 -560.30224609375
*1 0.7842922806739807 -0.1430051624774933 0.6036974191665649 -124.76839447021484
*2 0.23423925042152405 0.9692885279655457 -0.07473663985729218 91.85518646240234
*3 -0.5744791030883789 0.20005477964878082 0.7937009930610657 -560.5817260742188
*1 0.7821280360221863 -0.1410822570323944 0.6069489121437073 -125.82861328125
*2 0.2359631359577179 0.9685346484184265 -0.07896848767995834 91.9307632446289
*3 -0.5767197608947754 0.205010786652565 0.7908061146736145 -560.79638671875
*1 0.7809267640113831 -0.14305062592029572 0.608034074306488 -126.4620132446289
*2 0.2355998307466507 0.9689648747444153 -0.07465814054012299 92.09671020507813
*3 -0.5784935355186462 0.20158500969409943 0.7903910875320435 -560.7116088867188
*1 0.7813061475753784 -0.1455748826265335 0.6069467067718506 -126.99506378173828
*2 0.236650750041008 0.968889057636261 -0.07228028029203415 92.2367935180664
*3 -0.577551543712616 0.2001371830701828 0.7914471626281738 -561.1035766601563
*1 0.7780133485794067 -0.14928102493286133 0.6102670431137085 -127.26261138916016
*2 0.23900552093982697 0.9686355590820313 -0.067790187895298 91.56097412109375
*3 -0.5810162425041199 0.19862867891788483 0.789288341999054 -559.8866577148438
*1 0.7740888595581055 -0.15569034218788147 0.6136468648910522 -126.88309478759766
*2 0.24019254744052887 0.9690269231796265 -0.05716928839683533 90.57231140136719
*3 -0.5857492685317993 0.19167733192443848 0.7875068187713623 -560.3095703125
*1 0.7713038921356201 -0.163382425904274 0.6151519417762756 -125.52400970458984
*2 0.2433106005191803 0.9687561392784119 -0.04780635982751846 90.37147521972656
*3 -0.5881311297416687 0.18657608330249786 0.7869565486907959 -561.0343017578125
#
*1 0.7923851609230042 -0.14714834094047546 0.5920162796974182 -123.33246612548828
*2 0.2415791004896164 0.9668111801147461 -0.08307864516973495 91.10991668701172
*3 -0.5601471662521362 0.20886430144309998 0.801632821559906 -561.7637329101563
*1 0.7930442094802856 -0.14859406650066376 0.5907714366912842 -124.38372039794922
*2 0.24039535224437714 0.9674137830734253 -0.07941661030054092 91.46642303466797
*3 -0.5597237348556519 0.20501483976840973 0.8029213547706604 -562.4779663085938
*1 0.7880153656005859 -0.14837267994880676 0.5975177884101868 -125.36750030517578
*2 0.2430313229560852 0.9666638374328613 -0.0805177390575409 91.23656463623047
*3 -0.565656304359436 0.20868001878261566 0.7978032231330872 -561.4784545898438
*1 0.7852497696876526 -0.14903518557548523 0.6009836792945862 -125.72000122070313
*2 0.24301834404468536 0.9668898582458496 -0.07779642194509506 90.4969482421875
*3 -0.5694947242736816 0.2071549892425537 0.7954664826393127 -560.5794677734375
*1 0.7853704690933228 -0.15327444672584534 0.5997585654258728 -125.626708984375
*2 0.24135561287403107 0.9679940938949585 -0.06871043890714645 90.07011413574219
*3 -0.5700353384017944 0.19873353838920593 0.7972258925437927 -561.3041381835938
*1 0.7853012084960938 -0.15322208404541016 0.5998626351356506 -124.71843719482422
*2 0.24165749549865723 0.9678854942321777 -0.06917811930179596 90.1296157836914
*3 -0.5700027942657471 0.19930227100849152 0.7971071600914001 -562.0249633789063
*1 0.7867079377174377 -0.15531593561172485 0.597476065158844 -123.47084045410156
*2 0.2411971539258957 0.9682265520095825 -0.06593667715787888 90.31642150878906
*3 -0.5682551860809326 0.19599775969982147 0.7991715669631958 -562.3001098632813
*1 0.7895917296409607 -0.15617673099040985 0.5934339165687561 -122.35044860839844
*2 0.24078872799873352 0.9683526754379272 -0.06557685881853104 90.51473999023438
*3 -0.5644158124923706 0.19468645751476288 0.8022071123123169 -562.5494995117188
*1 0.7887341976165771 -0.15320242941379547 0.5953465104103088 -121.71235656738281
*2 0.23982881009578705 0.9683830738067627 -0.0685776099562645 90.52977752685547
*3 -0.5660213232040405 0.19688604772090912 0.8005373477935791 -562.2926635742188
*1 0.789128303527832 -0.15010322630405426 0.5956136584281921 -121.63587951660156
*2 0.24055343866348267 0.9677372574806213 -0.07486715912818909 90.43739318847656
*3 -0.5651638507843018 0.2023719847202301 0.7997747659683228 -562.3994140625
*1 0.7875672578811646 -0.1478056162595749 0.5982485413551331 -121.7296142578125
*2 0.23923435807228088 0.9679895043373108 -0.07582756876945496 90.03016662597656
*3 -0.5678946375846863 0.202856183052063 0.7977150082588196 -562.263427734375
*1 0.7887287735939026 -0.15225106477737427 0.5955975651741028 -121.78315734863281
*2 0.2390574812889099 0.9685416221618652 -0.06903139501810074 89.78397369384766
*3 -0.5663549304008484 0.1968444138765335 0.8003115057945251 -562.6891479492188
*1 0.7910292148590088 -0.15107981860637665 0.59283846616745 -121.73055267333984
*2 0.24030891060829163 0.9678620100021362 -0.0740368664264679 90.20248413085938
*3 -0.5626043081283569 0.20104500651359558 0.8019111156463623 -563.6027221679688
*1 0.7895655632019043 -0.15216834843158722 0.594508945941925 -121.1729965209961
*2 0.24046461284160614 0.9680039882659912 -0.07163552194833755 90.47602081298828
*3 -0.5645902752876282 0.1995345950126648 0.8008919358253479 -563.0448608398438
*1 0.7896885871887207 -0.15090571343898773 0.5946673154830933 -120.64167022705078
*2 0.2406090795993805 0.9677927494049072 -0.07396698743104935 90.3570327758789
*3 -0.5643565058708191 0.2015085369348526 0.8005623817443848 -562.8966674804688
*1 0.7903980016708374 -0.15503711998462677 0.5926586985588074 -120.25431823730469
*2 0.23930329084396362 0.9687072038650513 -0.06577853113412857 90.45398712158203
*3 -0.5639185309410095 0.1938316822052002 0.8027635216712952 -563.1820678710938
*1 0.7903701663017273 -0.15444789826869965 0.5928496718406677 -119.64462280273438
*2 0.23983478546142578 0.9684585928916931 -0.06748223304748535 90.58295440673828
*3 -0.5637317299842834 0.19553717970848083 0.8024811148643494 -563.3637084960938
*1 0.7900821566581726 -0.1543390452861786 0.5932616591453552 -118.61927032470703
*2 0.23991359770298004 0.9684302806854248 -0.06760901212692261 90.36380004882813
*3 -0.5641016960144043 0.1957634836435318 0.8021658658981323 -563.0906982421875
*1 0.789966881275177 -0.1565389484167099 0.5928386449813843 -117.1298828125
*2 0.23925144970417023 0.9689041376113892 -0.06300955265760422 90.45339965820313
*3 -0.564544141292572 0.19162823259830475 0.8028527498245239 -563.4901123046875
*1 0.7941154837608337 -0.15605676174163818 0.5873982310295105 -115.36334228515625
*2 0.23675332963466644 0.9695486426353455 -0.06252976506948471 90.78945922851563
*3 -0.5597568154335022 0.1887395977973938 0.8068789839744568 -563.364990234375
*1 0.7956939935684204 -0.14883430302143097 0.5871363878250122 -114.10459899902344
*2 0.23589420318603516 0.9689418077468872 -0.07411029189825058 90.58140563964844
*3 -0.5578746199607849 0.19748643040657043 0.8060886263847351 -562.8739624023438
*1 0.7965181469917297 -0.14541886746883392 0.5868746638298035 -113.83285522460938
*2 0.23327754437923431 0.9693934321403503 -0.07645024359226227 90.13615417480469
*3 -0.5577989816665649 0.19781389832496643 0.8060607314109802 -562.8031616210938
*1 0.7970444560050964 -0.14519698917865753 0.5862147212028503 -114.3364028930664
*2 0.23434780538082123 0.9689571261405945 -0.07867588847875595 90.07686614990234
*3 -0.5565972924232483 0.20010152459144592 0.8063267469406128 -563.5626220703125
*1 0.7969746589660645 -0.14507679641246796 0.5863393545150757 -115.05396270751953
*2 0.2346796691417694 0.9688247442245483 -0.0793137401342392 90.24285888671875
*3 -0.5565573573112488 0.2008281946182251 0.8061736226081848 -563.6309204101563
*1 0.7975276708602905 -0.14886267483234406 0.5846359729766846 -115.76715087890625
*2 0.23492930829524994 0.9692047834396362 -0.07373686879873276 90.45137786865234
*3 -0.5556591749191284 0.19617055356502533 0.8079380989074707 -563.9354858398438
*1 0.7981391549110413 -0.1485769897699356 0.5838737487792969 -116.20965576171875
*2 0.2347402274608612 0.9692080616950989 -0.07429402321577072 90.9132080078125
*3 -0.5548606514930725 0.19637082517147064 0.8084381222724915 -564.2695922851563
*1 0.7967475056648254 -0.14863641560077667 0.5857563018798828 -116.35610961914063
*2 0.23550310730934143 0.9690080285072327 -0.07448769360780716 91.20474243164063
*3 -0.5565349459648132 0.19731052219867706 0.8070573806762695 -563.6761474609375
*1 0.7952455878257751 -0.1482217162847519 0.5878983736038208 -116.5145263671875
*2 0.23771356046199799 0.968233048915863 -0.07748362421989441 91.23753356933594
*3 -0.5577417016029358 0.20138514041900635 0.8052156567573547 -563.2356567382813
*1 0.7939258813858032 -0.14578783512115479 0.5902857184410095 -116.74961853027344
*2 0.23882625997066498 0.9675620794296265 -0.08229324966669083 90.93406677246094
*3 -0.5591446161270142 0.2063257098197937 0.8029887676239014 -562.593017578125
*1 0.7925586700439453 -0.1484246850013733 0.5914647579193115 -117.23655700683594
*2 0.2386704534292221 0.9680413603782654 -0.07693453133106232 90.41559600830078
*3 -0.5611472129821777 0.20215553045272827 0.8026524186134338 -562.6006469726563
*1 0.7912729978561401 -0.150861918926239 0.592568576335907 -117.62734985351563
*2 0.2388034611940384 0.9683592319488525 -0.07238856703042984 89.64568328857422
*3 -0.5629022717475891 0.19880177080631256 0.8022610545158386 -562.2779541015625
*1 0.792680561542511 -0.15261268615722656 0.5902342200279236 -117.99241638183594
*2 0.2389587163925171 0.9684562087059021 -0.0705554410815239 89.40022277832031
*3 -0.5608521103858948 0.19698478281497955 0.8041428923606873 -563.126953125
*1 0.7945466637611389 -0.15257124602794647 0.5877304077148438 -118.2615737915039
*2 0.23903749883174896 0.9683438539505005 -0.07181873917579651 89.726806640625
*3 -0.5581714510917664 0.19756822288036346 0.805863082408905 -564.0907592773438
*1 0.796017587184906 -0.15285781025886536 0.5856618285179138 -118.33873748779297
*2 0.239581897854805 0.9681211113929749 -0.07299699634313583 90.194580078125
*3 -0.5558373332023621 0.19843615591526031 0.8072619438171387 -564.3035888671875
*1 0.7945991158485413 -0.15118622779846191 0.5880171656608582 -118.47607421875
*2 0.24069352447986603 0.9675730466842651 -0.07652194052934647 90.51997375488281
*3 -0.5573843717575073 0.20235151052474976 0.8052207231521606 -564.0977172851563
*1 0.7937005758285522 -0.14962078630924225 0.5896289348602295 -118.4417953491211
*2 0.24255523085594177 0.9667233824729919 -0.08123642951250076 90.7323989868164
*3 -0.5578572750091553 0.20751029253005981 0.8035786747932434 -563.8002319335938
*1 0.7943658828735352 -0.15293340384960175 0.587880551815033 -118.2579574584961
*2 0.2413453310728073 0.9675722718238831 -0.07444944232702255 90.6781005859375
*3 -0.5574350953102112 0.20103763043880463 0.8055147528648376 -563.5823364257813
*1 0.7929078340530396 -0.15356722474098206 0.5896809101104736 -118.01375579833984
*2 0.24137689173221588 0.967705488204956 -0.07259313017129898 90.2659912109375
*3 -0.5594934821128845 0.19991029798984528 0.8043673634529114 -562.9775390625
*1 0.7918692231178284 -0.15335044264793396 0.5911311507225037 -117.66063690185547
*2 0.24149194359779358 0.9676833748817444 -0.07250569760799408 89.74723052978516
*3 -0.5609129071235657 0.2001837193965912 0.8033100962638855 -562.6708374023438
*1 0.7927531599998474 -0.15311920642852783 0.5900052189826965 -117.45079803466797
*2 0.24146965146064758 0.9676237106323242 -0.07337066531181335 89.0826644897461
*3 -0.5596725344657898 0.2006484717130661 0.8040589094161987 -562.7304077148438
*1 0.7940581440925598 -0.15273027122020721 0.588348925113678 -117.3832015991211
*2 0.2401995211839676 0.9679717421531677 -0.0729478970170021 88.81878662109375
*3 -0.5583677291870117 0.19926126301288605 0.8053100109100342 -563.4749145507813
*1 0.7951158881187439 -0.15455222129821777 0.5864414572715759 -117.24260711669922
*2 0.23947717249393463 0.9684030413627625 -0.06951814144849777 89.03267669677734
*3 -0.5571714639663696 0.195729598402977 0.8070029020309448 -564.0297241210938
*1 0.7963053584098816 -0.15595002472400665 0.5844539999961853 -117.12161254882813
*2 0.2400219738483429 0.9683274030685425 -0.0686882883310318 89.41401672363281
*3 -0.5552347898483276 0.19499392807483673 0.8085142970085144 -564.26513671875
$ 724 451
*1 0.7959738969802856 -0.15631133317947388 0.5848088264465332 -116.98673248291016
*2 0.24208100140094757 0.967655599117279 -0.07089436799287796 89.7803726196289
*3 -0.5548158288002014 0.1980164647102356 0.8080671429634094 -564.2042846679688
*1 0.796039879322052 -0.159351646900177 0.5838977098464966 -116.63224029541016
*2 0.24255798757076263 0.967841625213623 -0.06659332662820816 89.88115692138672
*3 -0.5545127391815186 0.19465529918670654 0.8090912103652954 -563.584716796875
*1 0.7956931591033936 -0.15909330546855927 0.5844405293464661 -115.96854400634766
*2 0.24258309602737427 0.9678172469139099 -0.0668562725186348 89.72596740722656
*3 -0.5549991130828857 0.19498777389526367 0.8086775541305542 -563.0831298828125
*1 0.7947972416877747 -0.15471582114696503 0.5868299007415771 -115.92110443115234
*2 0.24442631006240845 0.9666594862937927 -0.07623488456010818 89.1976089477539
*3 -0.555473804473877 0.20404325425624847 0.8061133623123169 -562.94140625
*1 0.7934876680374146 -0.15760605037212372 0.5878321528434753 -116.27656555175781
*2 0.2432701289653778 0.9674926400184631 -0.0690234899520874 88.73640441894531
*3 -0.5578485727310181 0.1977866142988205 0.8060328960418701 -562.9408569335938
*1 0.7957770228385925 -0.15822309255599976 0.5845625400543213 -116.82601165771484
*2 0.2432253658771515 0.9674854278564453 -0.06928204745054245 88.82465362548828
*3 -0.5545974969863892 0.19732880592346191 0.8083851337432861 -563.688720703125
*1 0.7936164736747742 -0.15769317746162415 0.587634801864624 -116.81554412841797
*2 0.24414049088954926 0.9671876430511475 -0.07021376490592957 88.5302963256836
*3 -0.5572847127914429 0.19920353591442108 0.8060739636421204 -562.7320556640625
*1 0.7947635650634766 -0.16022473573684692 0.585395336151123 -116.92877960205078
*2 0.24464727938175201 0.967256486415863 -0.06744732707738876 88.52899169921875
*3 -0.5554245114326477 0.19683535397052765 0.8079374432563782 -563.5057373046875
*1 0.7958440184593201 -0.16050301492214203 0.5838490724563599 -116.71122741699219
*2 0.24274924397468567 0.9679120779037476 -0.06485021859407425 88.77983093261719
*3 -0.554709792137146 0.19335487484931946 0.8092678189277649 -563.7409057617188
*1 0.7948597073554993 -0.158067986369133 0.5858508348464966 -116.14862060546875
*2 0.2422967553138733 0.9678336977958679 -0.06765102595090866 88.73395538330078
*3 -0.556316614151001 0.19573812186717987 0.807590126991272 -562.9149780273438
*1 0.7950484752655029 -0.15754033625125885 0.5857367515563965 -116.03832244873047
*2 0.2422797977924347 0.9677705764770508 -0.06860814243555069 88.80097961425781
*3 -0.5560540556907654 0.19647426903247833 0.8075922131538391 -563.2075805664063
*1 0.798275351524353 -0.15725654363632202 0.5814081430435181 -116.03187561035156
*2 0.2407200038433075 0.9681538939476013 -0.06869074702262878 89.07331848144531
*3 -0.5520943403244019 0.19480597972869873 0.8107070922851563 -563.7266845703125
*1 0.796019971370697 -0.15752921998500824 0.584418773651123 -115.81856536865234
*2 0.2421078383922577 0.9677897095680237 -0.06894470751285553 89.18047332763672
*3 -0.5547374486923218 0.19638901948928833 0.8085179924964905 -562.9916381835938
*1 0.7986389994621277 -0.15729141235351563 0.5808990597724915 -115.79940795898438
*2 0.24239316582679749 0.9675470590591431 -0.07130817323923111 89.42449188232422
*3 -0.5508347749710083 0.19777072966098785 0.8108461499214172 -563.6519775390625
*1 0.7977836728096008 -0.15743230283260345 0.5820350646972656 -115.52960968017578
*2 0.24302954971790314 0.9673733711242676 -0.0714978501200676 89.87904357910156
*3 -0.5517929196357727 0.19850683212280273 0.8100143671035767 -563.4949340820313
*1 0.7978394627571106 -0.15878255665302277 0.5815917253494263 -115.25447845458984
*2 0.24285778403282166 0.9675955176353455 -0.06903345137834549 90.30763244628906
*3 -0.5517880320549011 0.19633698463439941 0.8105463981628418 -563.0096435546875
*1 0.7993459105491638 -0.15761926770210266 0.5798370242118835 -115.25486755371094
*2 0.24292689561843872 0.9673640131950378 -0.07197268307209015 90.81936645507813
*3 -0.5495728850364685 0.19840434193611145 0.8115473389625549 -563.3045654296875
*1 0.8006828427314758 -0.16054528951644897 0.5771836042404175 -115.36944580078125
*2 0.2434956431388855 0.9674571752548218 -0.06872528046369553 91.33644104003906
*3 -0.5473706126213074 0.19558411836624146 0.8137174248695374 -563.3279418945313
*1 0.7999520301818848 -0.15669508278369904 0.5792514085769653 -115.60102844238281
*2 0.24240818619728088 0.9674084186553955 -0.07311472296714783 91.83984375
*3 -0.548919677734375 0.19891883432865143 0.8118634819984436 -563.1463623046875
*1 0.799267590045929 -0.15292313694953918 0.5812008380889893 -115.93140411376953
*2 0.24543999135494232 0.9658060073852539 -0.0834534615278244 92.17780303955078
*3 -0.5485690236091614 0.20936690270900726 0.8094696998596191 -562.80615234375
*1 0.797845721244812 -0.1564769446849823 0.5822076201438904 -116.1676025390625
*2 0.24581308662891388 0.9662302136421204 -0.07721170037984848 92.55164337158203
*3 -0.550468385219574 0.20473258197307587 0.8093656301498413 -562.2559814453125
*1 0.7963643074035645 -0.1565510779619217 0.5842123627662659 -116.18782043457031
*2 0.24600021541118622 0.9662429690361023 -0.07645256817340851 92.93177795410156
*3 -0.5525259375572205 0.2046157866716385 0.8079919219017029 -561.5528564453125
*1 0.7962102890014648 -0.15757223963737488 0.5841476917266846 -115.96280670166016
*2 0.24795246124267578 0.9656582474708557 -0.0775257796049118 93.21878051757813
*3 -0.5518746376037598 0.20658300817012787 0.8079363703727722 -561.354248046875
*1 0.796614944934845 -0.1584840565919876 0.5833489298820496 -115.50685119628906
*2 0.2485230714082718 0.9655452966690063 -0.07710440456867218 93.17288208007813
*3 -0.5510334372520447 0.20641350746154785 0.8085536360740662 -560.7796020507813
*1 0.795457124710083 -0.1589047908782959 0.584812581539154 -115.17601013183594
*2 0.24902445077896118 0.9654699563980103 -0.07642718404531479 93.11377716064453
*3 -0.5524777770042419 0.20644250512123108 0.8075600266456604 -560.2966918945313
*1 0.7979059815406799 -0.15701042115688324 0.5819813013076782 -115.09506225585938
*2 0.24799935519695282 0.9654789566993713 -0.07958165556192398 93.0567398071289
*3 -0.5493990182876587 0.20784500241279602 0.8092987537384033 -560.0789794921875
*1 0.7951605916023254 -0.1597936898469925 0.5849736332893372 -115.15052032470703
*2 0.2501649856567383 0.9651737213134766 -0.07644413411617279 92.78292846679688
*3 -0.5523892045021057 0.20714060962200165 0.8074417114257813 -559.7025146484375
*1 0.7964029908180237 -0.16059494018554688 0.5830609202384949 -115.3343734741211
*2 0.2491418719291687 0.965599000453949 -0.07438701391220093 92.71941375732422
*3 -0.5510601997375488 0.2045222669839859 0.809015691280365 -560.0297241210938
*1 0.7963759899139404 -0.1604846864938736 0.5831281542778015 -115.36477661132813
*2 0.25032931566238403 0.9651428461074829 -0.07629672437906265 92.48806762695313
*3 -0.5505608320236206 0.2067503184080124 0.8087893128395081 -559.8567504882813
*1 0.7961534857749939 -0.16217797994613647 0.5829635858535767 -115.30131530761719
*2 0.250424861907959 0.9653353691101074 -0.07349621504545212 92.1894760131836
*3 -0.5508391857147217 0.20451819896697998 0.809167206287384 -559.598876953125
*1 0.795352578163147 -0.16148291528224945 0.5842483043670654 -115.19892883300781
*2 0.2505154609680176 0.9652512669563293 -0.07428625971078873 91.8677749633789
*3 -0.5519538521766663 0.20546238124370575 0.8081678152084351 -559.5103759765625
*1 0.7960425615310669 -0.1633201390504837 0.5827960968017578 -115.00132751464844
*2 0.25056594610214233 0.9654304385185242 -0.07174385339021683 92.04862976074219
*3 -0.5509352087974548 0.20315538346767426 0.8094450235366821 -559.9033813476563
*1 0.7963859438896179 -0.16329792141914368 0.582332968711853 -114.4056625366211
*2 0.2494962364435196 0.9658049941062927 -0.07041758298873901 92.27900695800781
*3 -0.5509244203567505 0.20138484239578247 0.8098946809768677 -559.6572875976563
*1 0.7971243262290955 -0.1623958945274353 0.5815744996070862 -113.77653503417969
*2 0.25114572048187256 0.9650479555130005 -0.07479637861251831 92.56063842773438
*3 -0.5491040349006653 0.20569734275341034 0.8100471496582031 -559.71435546875
*1 0.798889696598053 -0.16321894526481628 0.5789155960083008 -113.05158233642578
*2 0.2491389364004135 0.9658140540122986 -0.07154840230941772 92.89688110351563
*3 -0.5474502444267273 0.20140507817268372 0.8122421503067017 -559.8292236328125
*1 0.799508273601532 -0.16422520577907562 0.5777760744094849 -112.29214477539063
*2 0.24660086631774902 0.9668274521827698 -0.06647396832704544 93.01720428466797
*3 -0.5476965308189392 0.19564193487167358 0.8134836554527283 -559.380126953125
*1 0.7983390092849731 -0.15998195111751556 0.5805765986442566 -111.742919921875
*2 0.24783696234226227 0.9659123420715332 -0.07467479258775711 92.76557159423828
*3 -0.5488429665565491 0.20351949334144592 0.8107738494873047 -559.2032470703125
*1 0.7992358207702637 -0.15783311426639557 0.5799304842948914 -111.36376190185547
*2 0.24677638709545135 0.96598219871521 -0.07723964750766754 92.38153076171875
*3 -0.5480151176452637 0.20486119389533997 0.8109959363937378 -559.0145263671875
*1 0.7986369132995605 -0.1590925008058548 0.5804113149642944 -111.30349731445313
*2 0.24524523317813873 0.9667384028434753 -0.07251083105802536 91.97882843017578
*3 -0.5495736002922058 0.20026828348636627 0.811088502407074 -559.140625
*1 0.7992117404937744 -0.15590570867061615 0.5804848670959473 -111.29460144042969
*2 0.2444154918193817 0.9666057825088501 -0.07694500684738159 91.48881530761719
*3 -0.5491074323654175 0.20339016616344452 0.810627281665802 -559.0556030273438
*1 0.7980583906173706 -0.1524554193019867 0.5829827785491943 -111.37543487548828
*2 0.2427758425474167 0.9668076038360596 -0.07955510169267654 91.01673889160156
*3 -0.5515072345733643 0.20503906905651093 0.808580219745636 -558.8861083984375
*1 0.7989245057106018 -0.15235011279582977 0.58182293176651 -112.03048706054688
*2 0.24206477403640747 0.967013418674469 -0.0792197734117508 90.65847778320313
*3 -0.5505650639533997 0.20414476096630096 0.8094480633735657 -559.1453247070313
*1 0.7950151562690735 -0.14997738599777222 0.5877640247344971 -113.04776763916016
*2 0.24418391287326813 0.9660929441452026 -0.08381388336420059 90.05706024169922
*3 -0.5552680492401123 0.21017107367515564 0.804679274559021 -559.1530151367188
*1 0.7930402755737305 -0.15229327976703644 0.5898327827453613 -114.02096557617188
*2 0.24399781227111816 0.9665836095809937 -0.07853223383426666 89.41026306152344
*3 -0.5581663846969604 0.20621240139007568 0.8036977052688599 -558.9146728515625
*1 0.7989689111709595 -0.1574954390525818 0.5803900361061096 -115.25391387939453
*2 0.24461685121059418 0.9667505025863647 -0.07444559037685394 89.72575378417969
*3 -0.549371063709259 0.20146819949150085 0.8109286427497864 -561.19677734375
*1 0.7962735891342163 -0.1580110788345337 0.5839431881904602 -115.82232666015625
*2 0.24605344235897064 0.9664154648780823 -0.07405944168567657 90.10282135009766
*3 -0.5526330471038818 0.20266813039779663 0.8084092736244202 -560.6619873046875
*1 0.7924952507019043 -0.1579769104719162 0.5890699028968811 -116.45233154296875
*2 0.24994303286075592 0.9651495218276978 -0.07746502757072449 89.6433334350586
*3 -0.5563062429428101 0.20863990485668182 0.804360568523407 -559.546142578125
*1 0.7886518239974976 -0.15927350521087646 0.5938594341278076 -117.3467025756836
*2 0.2518294155597687 0.9647980332374573 -0.07571478933095932 88.7441635131836
*3 -0.5608983635902405 0.20927922427654266 0.800998330116272 -558.9641723632813
*1 0.7873451709747314 -0.16135509312152863 0.5950302481651306 -118.21766662597656
*2 0.25121980905532837 0.9653384685516357 -0.07068441808223724 87.48912811279297
*3 -0.5630035400390625 0.2051517367362976 0.8005890846252441 -558.7822265625
*1 0.7860558032989502 -0.1659783571958542 0.595463216304779 -118.68600463867188
*2 0.25139757990837097 0.9658445119857788 -0.06268765032291412 85.95328521728516
*3 -0.5647231936454773 0.19898930191993713 0.8009331822395325 -558.538818359375
*1 0.7755674123764038 -0.18243128061294556 0.604336678981781 -118.48719787597656
*2 0.2527533769607544 0.9669772982597351 -0.032507240772247314 85.30725860595703
*3 -0.5784526467323303 0.17797501385211945 0.796065628528595 -559.1380004882813
*1 0.7835076451301575 -0.17611905932426453 0.5959083437919617 -118.37254333496094
*2 0.25108498334884644 0.9669392704963684 -0.04439517855644226 85.1390151977539
*3 -0.5683915019035339 0.18442289531230927 0.8018243908882141 -559.29638671875
*1 0.7835280895233154 -0.1727200746536255 0.5968755483627319 -117.51384735107422
*2 0.24896910786628723 0.9673662781715393 -0.04693715274333954 85.01416015625
*3 -0.5692933797836304 0.18539543449878693 0.8009598255157471 -558.75537109375
*1 0.785362958908081 -0.17076356709003448 0.5950241088867188 -116.03360748291016
*2 0.24608251452445984 0.9681010246276855 -0.04701092839241028 84.82763671875
*3 -0.5680187940597534 0.1833609640598297 0.802331805229187 -558.4154052734375
*1 0.7874208688735962 -0.1623779684305191 0.5946518182754517 -114.29342651367188
*2 0.24130380153656006 0.9688826203346252 -0.05500253289937973 84.55946350097656
*3 -0.5672197937965393 0.18681713938713074 0.8020998239517212 -558.1854248046875
*1 0.789333164691925 -0.15977434813976288 0.5928189754486084 -112.36132049560547
*2 0.23570039868354797 0.9704086184501648 -0.052334029227495193 83.71756744384766
*3 -0.5669183135032654 0.18105190992355347 0.8036335706710815 -557.5540161132813
*1 0.7912234663963318 -0.15649190545082092 0.5911722779273987 -110.44476318359375
*2 0.23212172091007233 0.9712005853652954 -0.053622253239154816 82.291748046875
*3 -0.5657588243484497 0.17966632544994354 0.8047609329223633 -557.4588623046875
*1 0.7923335433006287 -0.153224915266037 0.5905410051345825 -108.69207763671875
*2 0.22801277041435242 0.9721677899360657 -0.05372478440403938 80.54431915283203
*3 -0.5658764839172363 0.17723405361175537 0.8052173852920532 -557.5460815429688
*1 0.7896327972412109 -0.15284214913845062 0.5942459106445313 -107.16178131103516
*2 0.2271791398525238 0.9724676012992859 -0.05179494991898537 78.82868957519531
*3 -0.5699719786643982 0.1759144812822342 0.8026139140129089 -557.6167602539063
*1 0.7877476215362549 -0.15346065163612366 0.5965839624404907 -105.67339324951172
*2 0.22721773386001587 0.9725579619407654 -0.04989352077245712 77.37726593017578
*3 -0.5725593566894531 0.17487317323684692 0.8009982109069824 -557.7647094726563
*1 0.7869522571563721 -0.15732505917549133 0.5966271162033081 -104.0599365234375
*2 0.2261759638786316 0.97318434715271 -0.041748400777578354 76.20260620117188
*3 -0.5740637183189392 0.16781194508075714 0.8014317750930786 -556.819580078125
*1 0.7985177040100098 -0.1633909046649933 0.5793805122375488 -103.06473541259766
*2 0.2280876487493515 0.9728091955184937 -0.040057793259620667 75.23629760742188
*3 -0.5570850968360901 0.16415166854858398 0.8140719532966614 -556.2635498046875
*1 0.8006420731544495 -0.16699573397636414 0.5754073262214661 -101.90416717529297
*2 0.23148806393146515 0.9720061421394348 -0.040046487003564835 74.61128997802734
*3 -0.5526152849197388 0.16527815163135529 0.8168856501579285 -555.7642822265625
*1 0.8004422187805176 -0.1714480072259903 0.5743750929832458 -100.74141693115234
*2 0.23464062809944153 0.9713674783706665 -0.03708744794130325 74.23800659179688
*3 -0.5515740513801575 0.16447342932224274 0.8177513480186462 -554.552490234375
*1 0.8040096163749695 -0.17394308745861053 0.5686134696006775 -99.846435546875
*2 0.23612722754478455 0.9710150361061096 -0.036882828921079636 74.16107177734375
*3 -0.5457199811935425 0.1639346182346344 0.8217772245407104 -553.795166015625
*1 0.7990605235099792 -0.16544295847415924 0.5780482292175293 -99.8996353149414
*2 0.23932147026062012 0.969464123249054 -0.053397346287965775 73.24031829833984
*3 -0.551565945148468 0.18102242052555084 0.8142533302307129 -551.4237060546875
*1 0.7801443934440613 -0.15889793634414673 0.605090856552124 -102.80459594726563
