#
#
#
#
#
#
#
#
#
#
#
#
#
#
#
#
#
#
#
#
#
#
#
#
#
#
#
#
#
#
#
#
#
#
#
#
#
#
#
#
#
#
#
#
#
#
#
#
#
#
#
#
#
#
#
#
#
#
#
#
#
#
#
#
#
#
#
#
#
#
#
#
#
#
#
#
#
#
#
#
#
#
#
#
#
#
#
#
#
#
#
#
#
#
#
#
#
#
#
#
#
#
#
#
#
#
#
#
#
#
#
#
#
#
#
#
#
#
#
#
#
#
#
#
#
#
#
#
#
#
#
#
#
#
#
#
#
#
#
#
#
#
#
#
#
#
#
#
#
#
#
#
#
#
#
#
#
#
#
#
#
#
#
#
#
#
#
#
#
#
#
#
#
#
#
#
#
#
#
#
#
#
#
#
#
#
#
#
#
#
#
#
#
#
#
#
#
#
#
#
#
#
#
#
#
#
#
#
#
#
#
#
#
#
#
#
#
#
#
#
#
#
#
#
#
#
#
#
#
#
#
*1 0.7084115147590637 -0.19899331033229828 0.6771666407585144 -200.5233917236328
*2 0.3019951581954956 0.952630341053009 -0.03598640486598015 72.06417846679688
*3 -0.6379280686378479 0.22999337315559387 0.7349492311477661 -487.98870849609375
*1 0.7085052728652954 -0.18822872638702393 0.6801397204399109 -201.1898651123047
*2 0.3022312819957733 0.9518476724624634 -0.051410697400569916 70.17333984375
*3 -0.6377120018005371 0.24198342859745026 0.731277585029602 -489.18017578125
#
#
#
#
#
#
#
#
#
#
#
#
#
#
*1 0.7221370339393616 -0.2063731998205185 0.6602498292922974 -205.14834594726563
*2 0.2876604497432709 0.9576083421707153 -0.015311998315155506 61.449466705322266
*3 -0.6291020512580872 0.20098847150802612 0.7508899569511414 -497.04327392578125
*1 0.7212122678756714 -0.20572470128536224 0.6614619493484497 -202.98069763183594
*2 0.28400900959968567 0.9587510824203491 -0.011483976617455482 62.937015533447266
*3 -0.631816029548645 0.1961468756198883 0.7498908638954163 -497.58526611328125
*1 0.7194700241088867 -0.1986161172389984 0.6655195951461792 -200.22755432128906
*2 0.28312504291534424 0.9588744640350342 -0.019918642938137054 64.65681457519531
*3 -0.6341946721076965 0.20275942981243134 0.7461147308349609 -498.2955322265625
*1 0.7175094485282898 -0.20058466494083405 0.6670440435409546 -196.63023376464844
*2 0.28070366382598877 0.9596998691558838 -0.013358443044126034 66.52989959716797
*3 -0.6374837160110474 0.19682985544204712 0.7448986768722534 -499.0750732421875
*1 0.7150852680206299 -0.20146143436431885 0.6693788766860962 -191.8335418701172
*2 0.27768903970718384 0.9606398940086365 -0.007534903474152088 68.32720184326172
*3 -0.6415151357650757 0.1912706196308136 0.7428831458091736 -499.3872985839844
*1 0.715269148349762 -0.19239896535873413 0.6718441247940063 -186.20115661621094
*2 0.2750023603439331 0.9612827897071838 -0.017496811226010323 69.90709686279297
*3 -0.6424669027328491 0.1972769796848297 0.7404861450195313 -499.4927062988281
*1 0.7209157943725586 -0.1881720870733261 0.6669883728027344 -180.6083526611328
*2 0.27258795499801636 0.9618478417396545 -0.023275211453437805 71.51426696777344
*3 -0.6371626853942871 0.19859576225280762 0.7447047233581543 -500.571533203125
*1 0.7276471853256226 -0.18629685044288635 0.660170316696167 -174.87318420410156
*2 0.27169010043144226 0.9619758725166321 -0.028001368045806885 73.60090637207031
*3 -0.6298524737358093 0.19974014163017273 0.7505940794944763 -502.15814208984375
*1 0.7382314801216125 -0.1857443004846573 0.6484713554382324 -169.11337280273438
*2 0.2703550457954407 0.962221622467041 -0.03217050060629845 75.85609436035156
*3 -0.6179988384246826 0.1990700513124466 0.7605592012405396 -502.8928527832031
*1 0.75001460313797 -0.1780804991722107 0.6369985342025757 -163.6958770751953
*2 0.2699766457080841 0.9616152048110962 -0.04905145242810249 77.638427734375
*3 -0.6038135290145874 0.20876727998256683 0.769303023815155 -502.57763671875
*1 0.7638064026832581 -0.1730187088251114 0.6218246817588806 -159.57713317871094
*2 0.27005788683891296 0.9606850147247314 -0.06442280858755112 79.10281372070313
*3 -0.5862324237823486 0.21713848412036896 0.780502438545227 -502.5937194824219
*1 0.7624792456626892 -0.16625487804412842 0.6252889633178711 -155.9918670654297
*2 0.270866721868515 0.9596784710884094 -0.07513846457004547 80.2546157836914
*3 -0.5875852704048157 0.22666475176811218 0.7767678499221802 -502.4764099121094
*1 0.7765170931816101 -0.16723540425300598 0.6074991226196289 -153.51718139648438
*2 0.2660473585128784 0.9609952569007874 -0.07552621513605118 81.11248016357422
*3 -0.5711742639541626 0.2202741801738739 0.7907217741012573 -502.24603271484375
*1 0.7782617211341858 -0.16591329872608185 0.6056262850761414 -151.0072784423828
*2 0.2664482891559601 0.9605839848518372 -0.0792519599199295 81.90753173828125
*3 -0.5686070919036865 0.2230501025915146 0.7917930483818054 -501.9618225097656
*1 0.7817738056182861 -0.16542848944664001 0.6012194752693176 -148.38870239257813
*2 0.2635135352611542 0.9614874720573425 -0.07809925824403763 82.52485656738281
*3 -0.5651463270187378 0.2194886952638626 0.7952584028244019 -501.7465515136719
*1 0.7809004187583923 -0.16292265057563782 0.6030360460281372 -145.51632690429688
*2 0.2640640139579773 0.9609836339950562 -0.08232665807008743 82.95072174072266
*3 -0.5660960674285889 0.2235322892665863 0.7934545874595642 -501.36004638671875
*1 0.7859569787979126 -0.16519787907600403 0.5958045125007629 -142.63653564453125
*2 0.2626263499259949 0.9615877866744995 -0.0798332542181015 83.2791976928711
*3 -0.5597311854362488 0.21922270953655243 0.7991520762443542 -501.5073547363281
*1 0.7927168607711792 -0.16335032880306244 0.5872975587844849 -140.16690063476563
*2 0.2595306932926178 0.9621863961219788 -0.08269248902797699 83.55584716796875
*3 -0.5515831112861633 0.21797668933868408 0.8051359057426453 -501.900146484375
*1 0.795455813407898 -0.15991856157779694 0.5845322012901306 -137.9055938720703
*2 0.2575364112854004 0.9623245000839233 -0.08719699829816818 83.84297943115234
*3 -0.5485665202140808 0.2199028879404068 0.806671679019928 -501.71075439453125
*1 0.7991362810134888 -0.15626907348632813 0.5804850459098816 -135.92520141601563
*2 0.2558686137199402 0.9622044563293457 -0.09322425723075867 83.71035766601563
*3 -0.5439784526824951 0.2230300009250641 0.8089170455932617 -500.9523010253906
*1 0.8034569621086121 -0.1520174741744995 0.5756294131278992 -135.20611572265625
*2 0.25473982095718384 0.9616550207138062 -0.10160762071609497 83.66140747070313
*3 -0.5381121039390564 0.2282763123512268 0.8113735318183899 -501.7003479003906
*1 0.8048495650291443 -0.1489616185426712 0.5744816064834595 -135.4617919921875
*2 0.2553340792655945 0.9607309699058533 -0.10861578583717346 83.83414459228516
*3 -0.5357440114021301 0.23410740494728088 0.8112790584564209 -502.2228088378906
*1 0.8068897128105164 -0.14846855401992798 0.5717408061027527 -136.5565185546875
*2 0.25684285163879395 0.9597934484481812 -0.11324891448020935 84.39352416992188
*3 -0.5319404602050781 0.23823027312755585 0.8125806450843811 -502.80914306640625
*1 0.8036260604858398 -0.1449793577194214 0.5772067308425903 -137.95315551757813
*2 0.260354608297348 0.9577828049659729 -0.12192054092884064 85.1397476196289
*3 -0.5351639986038208 0.24826030433177948 0.8074453473091125 -502.8809814453125
*1 0.8035928606987 -0.14420264959335327 0.5774475336074829 -139.69320678710938
*2 0.26124703884124756 0.9572039842605591 -0.12452950328588486 85.9082260131836
*3 -0.5347788333892822 0.2509308159351349 0.8068748712539673 -502.896484375
*1 0.8013607263565063 -0.1445993334054947 0.5804426074028015 -140.8968963623047
*2 0.2611883282661438 0.9575375914573669 -0.12206392735242844 86.42057800292969
*3 -0.538146436214447 0.24942536652088165 0.805100679397583 -502.01800537109375
*1 0.7968379855155945 -0.14726212620735168 0.58597332239151 -141.27877807617188
*2 0.2626810073852539 0.9578219056129456 -0.11650297045707703 86.61822509765625
*3 -0.5441029071807861 0.24676136672496796 0.8019117712974548 -500.9481506347656
*1 0.7954351902008057 -0.14830823242664337 0.5876131057739258 -141.25387573242188
*2 0.26228147745132446 0.9583300352096558 -0.11317644268274307 86.55609130859375
*3 -0.5463436245918274 0.24414783716201782 0.8011879324913025 -500.43133544921875
*1 0.7924454212188721 -0.1467243880033493 0.5920336246490479 -141.0508575439453
*2 0.26296043395996094 0.9579787850379944 -0.11456649005413055 85.89002990722656
*3 -0.5503472685813904 0.24647238850593567 0.7977285385131836 -499.66259765625
*1 0.7944769859313965 -0.1475430130958557 0.589100182056427 -141.39100646972656
*2 0.2617209553718567 0.9585151076316833 -0.11290667206048965 85.3631362915039
*3 -0.548004150390625 0.2438848912715912 0.8001332879066467 -500.4942321777344
*1 0.7937473654747009 -0.14848685264587402 0.5898461937904358 -141.5672149658203
*2 0.26188454031944275 0.9586833715438843 -0.11108408868312836 84.81805419921875
*3 -0.5489826202392578 0.24264760315418243 0.799838662147522 -500.2605285644531
*1 0.7937211990356445 -0.14615094661712646 0.5904645323753357 -141.83807373046875
*2 0.26064741611480713 0.958789587020874 -0.11305950582027435 84.3041763305664
*3 -0.5496088862419128 0.2436441034078598 0.7991053462028503 -500.19610595703125
*1 0.7941280603408813 -0.15089014172554016 0.5887228846549988 -142.50387573242188
*2 0.2612801492214203 0.9593612551689148 -0.10656287521123886 84.17471313476563
*3 -0.5487200021743774 0.23844949901103973 0.8012802004814148 -500.8490295410156
*1 0.7943317294120789 -0.14921319484710693 0.5888755321502686 -143.04795837402344
*2 0.26029667258262634 0.9594674706459045 -0.1080041453242302 84.3589859008789
*3 -0.548892617225647 0.23907680809497833 0.80097496509552 -501.2194519042969
*1 0.7940167784690857 -0.14943107962608337 0.5892449617385864 -143.48289489746094
*2 0.26225951313972473 0.9586726427078247 -0.11028899997472763 84.64159393310547
*3 -0.5484136939048767 0.2421097606420517 0.8003917336463928 -501.0374450683594
*1 0.7958747744560242 -0.14963161945343018 0.5866819620132446 -144.0260467529297
*2 0.262306809425354 0.9585343599319458 -0.11137309670448303 84.916259765625
*3 -0.545691192150116 0.24253305792808533 0.8021225333213806 -501.0928649902344
*1 0.7937036752700806 -0.1500982642173767 0.5894972681999207 -144.34519958496094
*2 0.26378995180130005 0.9581460356712341 -0.11121220886707306 85.23712921142578
*3 -0.5481330156326294 0.2437763512134552 0.8000782132148743 -500.880859375
*1 0.794074535369873 -0.15020683407783508 0.5889700055122375 -144.91702270507813
*2 0.26500627398490906 0.9575912356376648 -0.1130826473236084 85.70255279541016
*3 -0.5470080375671387 0.2458801418542862 0.800204336643219 -501.0480651855469
*1 0.7924922108650208 -0.15114523470401764 0.5908581614494324 -145.46519470214844
*2 0.26596033573150635 0.957477331161499 -0.11179953813552856 85.94244384765625
*3 -0.5488367080688477 0.24574849009513855 0.7989917397499084 -500.66705322265625
*1 0.7923672795295715 -0.15454347431659698 0.5901462435722351 -146.0888671875
*2 0.2668803036212921 0.9577093124389648 -0.107539102435112 86.19449615478516
*3 -0.548570454120636 0.24271224439144135 0.8001019358634949 -500.4771423339844
*1 0.7913076877593994 -0.1512855887413025 0.5924078226089478 -146.40638732910156
*2 0.26818937063217163 0.9566016793251038 -0.11394952237606049 86.31849670410156
*3 -0.5494607090950012 0.24904997646808624 0.797539234161377 -500.0066833496094
*1 0.790833592414856 -0.15631645917892456 0.5917344689369202 -146.473388671875
*2 0.268006831407547 0.9576534628868103 -0.105209581553936 86.47441864013672
*3 -0.5502318739891052 0.24179551005363464 0.7992382645606995 -500.1175537109375
*1 0.7923291921615601 -0.1525629460811615 0.5907124280929565 -146.4756622314453
*2 0.26888906955718994 0.9564406871795654 -0.11365192383527756 86.6825180053711
*3 -0.5476436614990234 0.2488892376422882 0.798838198184967 -499.95489501953125
*1 0.789945662021637 -0.15297608077526093 0.59378981590271 -146.62939453125
*2 0.26991820335388184 0.9562594294548035 -0.11273398250341415 86.6838150024414
*3 -0.5505728125572205 0.2493317723274231 0.7966839075088501 -499.42926025390625
*1 0.790280282497406 -0.1520470529794693 0.5935831069946289 -147.0596160888672
*2 0.27056553959846497 0.9557568430900574 -0.115412637591362 86.59800720214844
*3 -0.5497742295265198 0.2518148720264435 0.7964543104171753 -499.4701843261719
*1 0.7915650606155396 -0.15298092365264893 0.5916279554367065 -147.438720703125
*2 0.26895007491111755 0.9565593004226685 -0.1125040352344513 86.7026138305664
*3 -0.5487174987792969 0.24817606806755066 0.7983229756355286 -499.6822814941406
*1 0.7874828577041626 -0.1524321436882019 0.5971911549568176 -147.39059448242188
*2 0.27038487792015076 0.9561561942100525 -0.1124914139509201 86.6366195678711
*3 -0.5538619756698608 0.25005993247032166 0.7941718101501465 -498.8467712402344
*1 0.7906136512756348 -0.15392635762691498 0.5926539301872253 -147.66934204101563
*2 0.2700984477996826 0.9563005566596985 -0.11195067316293716 86.88092803955078
*3 -0.5495244264602661 0.24858808517456055 0.7976394295692444 -499.3569641113281
$ 577 427
*1 0.7899699211120605 -0.15321893990039825 0.5936945676803589 -147.51539611816406
*2 0.2693800628185272 0.9565461874008179 -0.11158189177513123 87.09286499023438
*3 -0.5508012175559998 0.24807928502559662 0.7969168424606323 -498.892578125
*1 0.7888201475143433 -0.1530180275440216 0.5952731370925903 -147.4610595703125
*2 0.26916733384132385 0.9567008018493652 -0.11076688021421432 87.07228088378906
*3 -0.5525503754615784 0.24760669469833374 0.7958522439002991 -498.3841857910156
*1 0.7862659692764282 -0.1520693004131317 0.5988844037055969 -147.48297119140625
*2 0.2687632143497467 0.9569165110588074 -0.10988125205039978 86.79492950439453
*3 -0.5563741326332092 0.24735744297504425 0.7932615280151367 -498.3136291503906
*1 0.7897535562515259 -0.15160790085792542 0.5943955779075623 -147.5828399658203
*2 0.2686357796192169 0.956595778465271 -0.1129433736205101 86.7649917602539
*3 -0.5514745712280273 0.24887682497501373 0.7962022423744202 -498.7696838378906
*1 0.7879947423934937 -0.15518014132976532 0.5958063006401062 -147.3011474609375
*2 0.26842236518859863 0.9574905633926392 -0.10563220083713531 86.76056671142578
*3 -0.554088294506073 0.24316884577274323 0.7961512804031372 -498.6485595703125
*1 0.7908496260643005 -0.1529906690120697 0.5925811529159546 -147.11651611328125
*2 0.266815721988678 0.9575767517089844 -0.10887157171964645 86.8039779663086
*3 -0.5507870316505432 0.2442145049571991 0.7981194853782654 -498.85382080078125
*1 0.7909075617790222 -0.15437379479408264 0.5921450257301331 -147.12200927734375
*2 0.2679710388183594 0.9573130011558533 -0.10835298150777817 87.16744995117188
*3 -0.5501426458358765 0.24437837302684784 0.798513650894165 -499.3645324707031
*1 0.7877771258354187 -0.15177668631076813 0.5969696640968323 -146.8939208984375
*2 0.2675517499446869 0.9572777152061462 -0.1096925437450409 86.9930191040039
*3 -0.5548183917999268 0.24613702297210693 0.794729471206665 -498.26702880859375
*1 0.788939893245697 -0.15108072757720947 0.595609188079834 -147.2657012939453
*2 0.2671564221382141 0.95722895860672 -0.11107268929481506 86.68133544921875
*3 -0.553354799747467 0.24675394594669342 0.7955580949783325 -498.32794189453125
*1 0.7880721688270569 -0.1504622995853424 0.5969130992889404 -147.55392456054688
*2 0.2678053677082062 0.9568957090377808 -0.11237413436174393 86.52519989013672
*3 -0.5542768836021423 0.2484188973903656 0.7943971753120422 -498.5206604003906
*1 0.7875205874443054 -0.15051235258579254 0.5976279973983765 -147.71934509277344
*2 0.26860538125038147 0.9565926790237427 -0.11304287612438202 86.4005355834961
*3 -0.5546736121177673 0.2495531290769577 0.7937645316123962 -498.4668884277344
*1 0.7883031964302063 -0.1520462930202484 0.5962063074111938 -148.1089324951172
*2 0.26814165711402893 0.957021951675415 -0.11048127710819244 86.2977523803711
*3 -0.5537856817245483 0.24696390330791473 0.7951931357383728 -498.7369384765625
*1 0.790115475654602 -0.1547820270061493 0.5930953621864319 -148.49398803710938
*2 0.2682868242263794 0.9573112726211548 -0.10758358240127563 86.58441925048828
*3 -0.5511264204978943 0.2441265732049942 0.7979121804237366 -499.4717102050781
*1 0.7899839282035828 -0.15453952550888062 0.5933336615562439 -148.44764709472656
*2 0.270287424325943 0.9563838243484497 -0.11077742278575897 86.84722137451172
*3 -0.5503367185592651 0.24788644909858704 0.7972977757453918 -499.2093505859375
*1 0.7890641093254089 -0.15444093942642212 0.5945820808410645 -148.6942901611328
*2 0.2708926796913147 0.9561700224876404 -0.11114396899938583 87.1033935546875
*3 -0.5513578653335571 0.2487710863351822 0.7963161468505859 -499.2640380859375
*1 0.7894620299339294 -0.15118199586868286 0.5948912501335144 -149.0457763671875
*2 0.270493745803833 0.9556942582130432 -0.11609717458486557 87.21566009521484
*3 -0.5509839057922363 0.2525721788406372 0.7953778505325317 -499.29583740234375
*1 0.7890278100967407 -0.15111984312534332 0.5954827666282654 -149.6292266845703
*2 0.26956459879875183 0.9561446309089661 -0.11453896015882492 87.60398864746094
*3 -0.552060067653656 0.25089898705482483 0.7951610684394836 -499.523193359375
*1 0.7870351672172546 -0.15184368193149567 0.5979305505752563 -149.67962646484375
*2 0.2701725661754608 0.9561790823936462 -0.1128058061003685 87.71321105957031
*3 -0.5546013712882996 0.2503300607204437 0.7935703992843628 -498.7210998535156
*1 0.7883788347244263 -0.15405511856079102 0.5955901741981506 -149.74229431152344
*2 0.2700642943382263 0.9565279483795166 -0.1100747138261795 87.97820281982422
*3 -0.5527426600456238 0.24763169884681702 0.7957109808921814 -499.0760192871094
*1 0.7873048782348633 -0.15528568625450134 0.5966902375221252 -149.52586364746094
*2 0.2705923616886139 0.9566051363945007 -0.10808974504470825 88.26416015625
*3 -0.554013729095459 0.2465629130601883 0.7951587438583374 -498.9902648925781
*1 0.7880252599716187 -0.15236732363700867 0.5964914560317993 -149.34552001953125
*2 0.27139580249786377 0.9556382894515991 -0.11444133520126343 88.28858947753906
*3 -0.5525944828987122 0.2520715296268463 0.7944186925888062 -498.494384765625
*1 0.7858493328094482 -0.15011295676231384 0.5999239087104797 -149.81146240234375
*2 0.27225974202156067 0.9549983143806458 -0.11768507212400436 88.03829193115234
*3 -0.5552619099617004 0.2558214068412781 0.791354238986969 -498.4349365234375
*1 0.7792796492576599 -0.1457665115594864 0.6094892024993896 -150.65882873535156
*2 0.2729974389076233 0.9543985724449158 -0.12080053240060806 87.19954681396484
*3 -0.5640885829925537 0.2605299651622772 0.783536970615387 -497.5983581542969
*1 0.7651458978652954 -0.13789720833301544 0.628917932510376 -152.43853759765625
*2 0.27502357959747314 0.953196108341217 -0.12560421228408813 85.4079360961914
*3 -0.5821632742881775 0.269076406955719 0.7672586441040039 -496.5663146972656
*1 0.7444530129432678 -0.1317262202501297 0.6545528769493103 -157.2250213623047
*2 0.28018060326576233 0.9514827728271484 -0.12718717753887177 83.1951675415039
*3 -0.6060434579849243 0.278081476688385 0.7452409267425537 -497.3653869628906
*1 0.7289138436317444 -0.12780964374542236 0.6725704073905945 -164.29159545898438
*2 0.28631722927093506 0.9492847919464111 -0.12991580367088318 81.40457153320313
*3 -0.621857762336731 0.2872695028781891 0.7285403609275818 -497.61181640625
*1 0.7064839005470276 -0.1303860992193222 0.6956160068511963 -172.49417114257813
*2 0.29522234201431274 0.9475765824317932 -0.12222794443368912 79.37663269042969
*3 -0.6432138681411743 0.2917170822620392 0.7079399228096008 -496.96832275390625
*1 0.6902340650558472 -0.13481612503528595 0.7109169960021973 -181.61602783203125
*2 0.30380573868751526 0.9456890225410461 -0.11563610285520554 76.80126190185547
*3 -0.6567180156707764 0.29580026865005493 0.6937041878700256 -496.5525207519531
*1 0.6670225858688354 -0.1445263773202896 0.7308860421180725 -190.6756591796875
*2 0.30881842970848083 0.9463933706283569 -0.09469987452030182 73.3065414428711
*3 -0.6780202388763428 0.28888171911239624 0.6758977174758911 -495.52728271484375
*1 0.6597294807434082 -0.15651771426200867 0.7350242137908936 -201.1788787841797
*2 0.30999812483787537 0.9476567506790161 -0.07645274698734283 68.9040298461914
*3 -0.6845856308937073 0.2782979905605316 0.6737169027328491 -497.518798828125
#
#
#
#
#
#
#
#
#
#
#
#
#
#
#
#
#
#
#
#
#
#
#
#
#
#
#
#
#
#
#
#
#
#
#
#
#
#
#
#
#
#
#
#
#
#
#
#
#
#
#
#
#
#
#
#
#
#
#
#
#
#
#
#
#
#
#
#
#
#
#
#
#
#
#
#
#
#
#
#
#
#
#
#
#
#
#
#
#
#
#
#
#
#
#
#
#
#
#
#
#
#
#
#
#
#
#
#
#
#
#
#
#
#
#
#
#
#
#
#
#
#
#
#
#
#
#
#
#
#
#
#
#
#
#
#
#
#
#
#
#
#
#
#
#
#
#
#
#
#
#
#
#
#
#
#
#
#
#
#
#
#
#
#
#
#
#
#
#
#
#
#
#
#
#
#
#
#
#
#
#
#
#
#
#
#
#
#
#
#
#
#
#
#
#
#
#
#
#
#
#
#
#
#
#
#
#
#
#
#
#
#
#
#
#
#
#
#
#
#
#
#
#
#
#
#
#
#
#
#
#
#
#
#
#
#
#
#
#
#
#
#
#
#
#
#
#
#
#
#
#
#
#
#
#
#
#
#
#
#
#
#
#
#
#
#
#
#
#
#
#
#
#
#
#
#
#
*1 -0.8960277438163757 -0.3750970959663391 -0.23756566643714905 18.092926025390625
*2 0.24745245277881622 0.022372793406248093 -0.9686416983604431 -12.322611808776855
*3 0.368649423122406 -0.9267156720161438 0.07277201861143112 -114.13275146484375
#
#
#
#
#
#
#
#
#
#
#
#
#
#
#
#
#
#
#
#
#
#
#
#
#
*1 0.5594159960746765 -0.4748627841472626 -0.6793527007102966 -172.59225463867188
*2 -0.113502636551857 0.7679761648178101 -0.6303209662437439 -254.7488555908203
*3 0.8210528492927551 0.42976152896881104 0.3757334351539612 -1460.8641357421875
#
#
#
*1 0.6108747720718384 -0.3694847822189331 -0.7001973390579224 -218.33399963378906
*2 -0.2293662279844284 0.763860285282135 -0.6032285094261169 -250.1554412841797
*3 0.7577450275421143 0.5291348695755005 0.3818895220756531 -1622.7843017578125
*1 0.6200543642044067 -0.3693981468677521 -0.6921278834342957 -216.19140625
*2 -0.21846598386764526 0.7659860849380493 -0.604577362537384 -221.58889770507813
*3 0.753498375415802 0.5261132121086121 0.39426615834236145 -1490.82470703125
#
#
#
#
#
#
#
#
#
#
#
#
#
#
#
#
#
#
#
#
#
#
#
#
#
#
#
#
#
#
#
#
#
#
#
#
#
#
#
#
#
#
#
#
#
#
#
#
#
#
#
#
#
#
#
#
#
#
#
#
#
#
#
#
#
#
#
#
#
#
#
#
#
#
#
#
#
#
#
#
#
#
#
#
#
#
#
#
#
#
#
*1 0.06182284653186798 0.2862963378429413 0.9561508297920227 -9.918526649475098
*2 -0.680187463760376 0.7131615281105042 -0.16955333948135376 -157.92091369628906
*3 -0.7304241061210632 -0.6398839950561523 0.2388128936290741 -2245.256591796875
#
#
#
#
#
#
#
#
#
#
#
#
#
#
#
#
#
#
#
#
#
#
#
#
#
#
#
#
#
#
#
#
#
#
#
#
#
#
#
#
#
#
#
#
#
#
#
#
#
#
#
#
#
#
#
#
#
#
#
#
#
#
#
#
#
#
#
#
#
#
#
#
#
#
#
#
#
#
#
#
#
#
#
#
#
#
#
#
#
#
#
#
#
#
#
#
#
#
#
#
#
#
#
#
#
#
#
#
#
#
#
#
#
#
#
#
#
#
#
#
#
#
#
#
#
#
#
#
#
#
#
#
#
#
#
#
#
#
#
#
#
#
#
#
#
#
#
#
#
#
#
#
#
#
#
#
#
#
#
#
#
#
#
#
#
#
#
#
#
#
#
#
#
#
#
#
#
#
#
#
#
#
#
#
#
#
#
#
#
#
#
#
#
#
#
#
#
#
#
#
#
#
#
#
#
#
#
#
#
#
#
#
#
#
#
#
#
#
#
#
#
#
#
#
#
#
#
#
#
#
#
#
#
#
#
#
#
#
#
#
#
#
#
#
#
#
#
#
#
#
#
#
#
#
#
#
#
#
#
#
#
#
#
#
#
#
#
#
#
#
#
#
#
#
#
#
#
#
#
#
#
#
#
#
#
#
#
#
#
#
#
#
#
#
#
#
#
#
#
#
#
#
#
#
#
#
#
#
*1 0.9955155849456787 0.06696932017803192 -0.0670238509774208 -134.6402130126953
*2 -0.07489962875843048 0.9890742897987366 -0.12681244313716888 195.74737548828125
*3 0.05785555765032768 0.13126733899116516 0.9896590113639832 -705.537353515625
*1 0.9962007999420166 0.06851647794246674 -0.0540165938436985 -134.237060546875
*2 -0.07354661077260971 0.9921292066574097 -0.10114189982414246 194.80105590820313
*3 0.0467180460691452 0.10473375767469406 0.9934040307998657 -710.114501953125
*1 0.9967086315155029 0.06921196728944778 -0.04254135489463806 -133.85397338867188
*2 -0.07300900667905807 0.9922565221786499 -0.10027938336133957 195.55337524414063
*3 0.03532782569527626 0.10305864363908768 0.9940493702888489 -711.4025268554688
*1 0.9959620237350464 0.06536900252103806 -0.06176317110657692 -133.66822814941406
*2 -0.07142870873212814 0.9919024109840393 -0.10481849312782288 193.68838500976563
*3 0.05446768179535866 0.10881014168262482 0.9925708174705505 -705.46826171875
*1 0.9970494508743286 0.0597953125834465 -0.04842640087008476 -136.22311401367188
*2 -0.06411789357662201 0.993159294128418 -0.09737975150346756 193.94517517089844
*3 0.042328763753175735 0.10020028799772263 0.9940681457519531 -710.8778686523438
*1 0.9976862072944641 0.0579107329249382 -0.03600941598415375 -137.2815704345703
*2 -0.06057148426771164 0.9946522116661072 -0.08341079950332642 195.46322631835938
*3 0.03104288876056671 0.08540158718824387 0.9958645701408386 -711.8052368164063
*1 0.9983228445053101 0.053878095000982285 -0.02183222584426403 -138.7290496826172
*2 -0.05551151931285858 0.9940899014472961 -0.0930752232670784 199.8248748779297
*3 0.01674482226371765 0.09413356333971024 0.9954203963279724 -714.6259765625
#
#
#
#
#
#
#
#
#
*1 0.9970939755439758 0.05827546864748001 -0.049871496856212616 -142.63551330566406
*2 -0.0632391944527626 0.9909321069717407 -0.1181476041674614 200.4159698486328
*3 0.042674459517002106 0.12094823271036148 0.9917393326759338 -712.8067626953125
*1 0.9974003434181213 0.05968678742647171 -0.04134726896882057 -143.0966339111328
*2 -0.0637192577123642 0.9905166625976563 -0.12133051455020905 197.35777282714844
*3 0.033853624016046524 0.12364006787538528 0.9917477369308472 -715.0078735351563
*1 0.9969416260719299 0.06263993680477142 -0.047573745250701904 -141.25485229492188
*2 -0.06723776459693909 0.990846574306488 -0.1166478842496872 193.54331970214844
*3 0.039971791207790375 0.11948058754205704 0.9920297861099243 -716.6007080078125
*1 0.9969890117645264 0.0634918138384819 -0.045402005314826965 -139.5569305419922
*2 -0.067051962018013 0.9930146932601929 -0.09659434109926224 189.66232299804688
*3 0.03909223526716232 0.09933844208717346 0.9942837357521057 -717.6351318359375
*1 0.996841311454773 0.06031467765569687 -0.05243338644504547 -138.50827026367188
*2 -0.0654544085264206 0.9911068081855774 -0.11544531583786011 186.20199584960938
*3 0.045144349336624146 0.11850301921367645 0.9919251799583435 -719.5258178710938
*1 0.9968363046646118 0.0548967681825161 -0.058167360723018646 -136.76747131347656
*2 -0.059933215379714966 0.9931501746177673 -0.09982717037200928 180.73178100585938
*3 0.052428990602493286 0.10298699140548706 0.9932982325553894 -719.4785766601563
*1 0.9967483878135681 0.053112827241420746 -0.061247799545526505 -135.11778259277344
*2 -0.05817185714840889 0.9937819838523865 -0.09443552792072296 176.86289978027344
*3 0.05599144473671913 0.09768056124448776 0.9936397075653076 -720.1984252929688
*1 0.9971661567687988 0.053688403218984604 -0.05344940349459648 -133.40106201171875
*2 -0.057883162051439285 0.9939930438995361 -0.09236881881952286 171.6873779296875
*3 0.04830943048000336 0.0951901450753212 0.9942843914031982 -723.4830932617188
*1 0.9971457123756409 0.05363386124372482 -0.053883787244558334 -131.36404418945313
*2 -0.058347027748823166 0.9930058121681213 -0.10217511653900146 167.03204345703125
*3 0.04816710203886032 0.10501677542924881 0.993301510810852 -725.8712768554688
*1 0.9968460202217102 0.05805772542953491 -0.05483471602201462 -128.2593994140625
*2 -0.06199866533279419 0.9944137334823608 -0.08486508578062057 165.75775146484375
*3 0.049741603434085846 0.08798693865537643 0.9948770999908447 -726.207275390625
*1 0.9979139566421509 0.059504326432943344 -0.026581566780805588 -128.04209899902344
*2 -0.05965542420744896 0.9977802634239197 -0.027936741709709167 168.744384765625
*3 0.025000443682074547 0.029453808441758156 0.9992516040802002 -729.7308959960938
*1 0.997507631778717 0.038283821195364 0.059939172118902206 -131.51341247558594
*2 -0.04471049830317497 0.9916672706604004 0.12042346596717834 180.3983154296875
*3 -0.05469002202153206 -0.12281738221645355 0.9909194707870483 -741.0510864257813
*1 0.9955055713653564 0.07623223960399628 -0.05689653381705284 -127.9867172241211
*2 -0.08056572079658508 0.9926363825798035 -0.08992750197649002 181.97698974609375
*3 0.04976264387369156 0.09409968554973602 0.9943164587020874 -724.831787109375
*1 0.9954124093055725 0.07807101309299469 -0.05602569133043289 -126.24884796142578
*2 -0.08147484809160233 0.9939559102058411 -0.07292668521404266 181.98565673828125
*3 0.05013406649231911 0.0771493911743164 0.9957563877105713 -722.928466796875
*1 0.9951296448707581 0.08266802877187729 -0.054431937634944916 -124.53379821777344
*2 -0.0867706909775734 0.9920726418495178 -0.0903741717338562 180.8054962158203
*3 0.04666987434029579 0.09465046972036362 0.9944140911102295 -724.2149047851563
*1 0.9946469664573669 0.08539928495883942 -0.05885693058371544 -122.78430938720703
*2 -0.0896364375948906 0.9922985434532166 -0.0849326029419899 177.344970703125
*3 0.05129097402095795 0.08974739164113998 0.9946410655975342 -726.0453491210938
*1 0.9950352311134338 0.08766777068376541 -0.04794691875576973 -120.68675994873047
*2 -0.09072926640510559 0.9925950765609741 -0.08017295598983765 173.6473846435547
*3 0.04070381447672844 0.08411908149719238 0.9956220984458923 -727.615234375
*1 0.9933879375457764 0.09381507337093353 -0.06677421927452087 -118.52376556396484
*2 -0.09739739447832108 0.9932500123977661 -0.06223065406084061 170.49754333496094
*3 0.060625866055488586 0.06831754744052887 0.9958179593086243 -724.4859619140625
*1 0.9936820268630981 0.0966472402215004 -0.057749394327402115 -118.67906951904297
*2 -0.09862242639064789 0.9941325187683105 -0.043342381715774536 167.91488647460938
*3 0.053362198173999786 0.04875892400741577 0.9973821640014648 -726.2833251953125
*1 0.9925574660301208 0.10363977402448654 -0.0645609200000763 -119.31610870361328
*2 -0.10634684562683105 0.9930277466773987 -0.04990627244114876 163.77047729492188
*3 0.05907909572124481 0.056396737694740295 0.9966570138931274 -726.5145874023438
*1 0.9926935434341431 0.09976928681135178 -0.06844884157180786 -119.63435363769531
*2 -0.10231347382068634 0.9937345385551453 -0.043909598141908646 160.89663696289063
*3 0.06377970427274704 0.05058746412396431 0.9966790676116943 -723.7244873046875
*1 0.9919499158859253 0.10393129289150238 -0.07289191335439682 -121.03244018554688
*2 -0.1070522889494896 0.9929977059364319 -0.048987388610839844 160.5615997314453
*3 0.06743073463439941 0.0563923716545105 0.9961270689964294 -724.3767700195313
*1 0.9921885132789612 0.10054478794336319 -0.07437878102064133 -122.28778076171875
*2 -0.10350429266691208 0.9935395121574402 -0.04550180956721306 160.6687774658203
*3 0.0694638267159462 0.05284048244357109 0.9961820840835571 -723.3314819335938
*1 0.9928456544876099 0.10126226395368576 -0.06389764696359634 -124.20783233642578
*2 -0.10366245359182358 0.9935301542282104 -0.04534631595015526 161.32867431640625
*3 0.05903293192386627 0.05164135992527008 0.9969174265861511 -724.563232421875
*1 0.9921084046363831 0.10282711684703827 -0.07229803502559662 -126.1385498046875
*2 -0.10587957501411438 0.993148148059845 -0.04848382622003555 161.62547302246094
*3 0.06695776432752609 0.055752016603946686 0.9961950182914734 -723.8895263671875
*1 0.994321882724762 0.09660273045301437 -0.04551137238740921 -128.5288848876953
*2 -0.09824413806200027 0.9938755631446838 -0.04963689669966698 163.44479370117188
*3 0.04057813435792923 0.05382131040096283 0.9977238178253174 -726.0757446289063
*1 0.9945785403251648 0.0940781757235527 -0.04518970102071762 -129.3068389892578
*2 -0.09544241428375244 0.9944483637809753 -0.043216362595558167 165.43692016601563
*3 0.04101363569498062 0.04728970676660538 0.9980369210243225 -724.8917846679688
*1 0.9946979880332947 0.09475041180849075 -0.040958475321531296 -130.0074462890625
*2 -0.09590601176023483 0.994414210319519 -0.04297569394111633 167.22625732421875
*3 0.03679824620485306 0.04667072370648384 0.9982303977012634 -724.2908325195313
*1 0.9955096244812012 0.09231477230787277 -0.022755935788154602 -130.15414428710938
*2 -0.09283176064491272 0.9941880702972412 -0.053636062890291214 169.98236083984375
*3 0.017812740057706833 0.05550214275717735 0.9982977509498596 -727.067138671875
*1 0.9952219128608704 0.09419244527816772 -0.027209505438804626 -128.68800354003906
*2 -0.09466172754764557 0.9946303367614746 -0.0406707227230072 172.53343200683594
*3 0.023373017087578773 0.04304671660065651 0.9987977743148804 -726.1549072265625
*1 0.994405210018158 0.09841366112232208 -0.03940029442310333 -126.87028503417969
*2 -0.10096128284931183 0.9909693002700806 -0.08769890666007996 175.39674377441406
*3 0.030554253607988358 0.09118174016475677 0.9953635334968567 -728.558837890625
*1 0.9925858974456787 0.10164576023817062 -0.06723692268133163 -122.96903991699219
*2 -0.10625436902046204 0.9911572933197021 -0.07887794822454453 174.67588806152344
*3 0.05876532196998596 0.08543334901332855 0.9946074485778809 -722.5902709960938
*1 0.9926537871360779 0.10370909422636032 -0.06294717639684677 -120.54521942138672
*2 -0.10838133096694946 0.9902551174163818 -0.08690642565488815 175.52261352539063
*3 0.05346135422587395 0.09308663010597229 0.9942198395729065 -725.4641723632813
*1 0.9918009042739868 0.10287351906299591 -0.07633817195892334 -117.14903259277344
*2 -0.10972047597169876 0.9888060092926025 -0.10064143687486649 174.85202026367188
*3 0.06527086347341537 0.10818848013877869 0.9919835329055786 -725.1825561523438
*1 0.9922741651535034 0.10273762792348862 -0.07011766731739044 -113.7548828125
*2 -0.10779460519552231 0.9907240867614746 -0.082162044942379 173.8287811279297
*3 0.06116668879985809 0.0890817642211914 0.9941425323486328 -724.7229614257813
*1 0.9920581579208374 0.10525094717741013 -0.06944392621517181 -111.4543685913086
*2 -0.10901323705911636 0.9920459389686584 -0.06217312067747116 172.96121215820313
*3 0.06248835101723671 0.06924604624509811 0.9956387877464294 -723.2380981445313
*1 0.992179274559021 0.10570237785577774 -0.0669839158654213 -111.46401977539063
*2 -0.10855042934417725 0.9927875399589539 -0.049942437559366226 172.63531494140625
*3 0.06136232614517212 0.05681934580206871 0.9964951872825623 -723.1409912109375
*1 0.991940438747406 0.10826798528432846 -0.06642156094312668 -112.05077362060547
*2 -0.11132067441940308 0.9922775030136108 -0.053829554468393326 173.49839782714844
*3 0.060221195220947266 0.06078656017780304 0.9963306784629822 -724.7969970703125
*1 0.9936252236366272 0.10457596927881241 -0.043039850890636444 -112.85958862304688
*2 -0.10568693280220032 0.9935728907585144 -0.03933970630168915 176.11207580566406
*3 0.03878982737660408 0.043633781373500824 0.9982924461364746 -727.7132568359375
*1 0.9946054220199585 0.10373756289482117 -0.008838389068841934 -113.510009765625
*2 -0.10338234156370163 0.9940648078918457 -0.03242769092321396 181.42184448242188
*3 0.005562435835599899 0.033162400126457214 0.9994326829910278 -733.4677734375
*1 0.99482661485672 0.10191589593887329 -0.003573460504412651 -112.34188079833984
*2 -0.1013806015253067 0.9945525527000427 -0.022170767188072205 186.1246337890625
*3 0.001434873789548874 0.02241392806172371 0.9997459053993225 -731.615966796875
*1 0.9940917491912842 0.10642826557159424 -0.023114357143640518 -110.998291015625
*2 -0.10670572519302368 0.993427574634552 -0.04024742916226387 189.85426330566406
*3 0.01881950907409191 0.04247243329882622 0.9989185333251953 -729.2900390625
*1 0.993657112121582 0.10532156378030777 -0.040404945611953735 -110.44398498535156
*2 -0.10617584735155106 0.9936678409576416 -0.03542965650558472 193.0704345703125
*3 0.03655816242098808 0.03949114307761192 0.9985490441322327 -725.7349243164063
*1 0.9925361275672913 0.10856800526380539 -0.056254930794239044 -111.90013122558594
*2 -0.11127579212188721 0.9919742941856384 -0.059236764907836914 196.62518310546875
*3 0.049512818455696106 0.06505127251148224 0.9966508746147156 -725.0774536132813
*1 0.991678774356842 0.10927121341228485 -0.06864821165800095 -115.82157897949219
*2 -0.11232449114322662 0.9922798275947571 -0.05165466293692589 201.02151489257813
*3 0.06261444836854935 0.0589325986802578 0.996294379234314 -726.9432373046875
#
#
#
#
#
#
#
#
#
#
#
#
#
#
#
#
#
#
#
#
#
#
#
#
#
#
#
#
#
#
#
#
#
#
#
#
#
#
#
#
#
#
#
#
#
#
#
#
#
#
#
#
#
#
#
#
#
#
#
#
#
#
#
#
#
#
#
#
#
#
#
#
#
#
#
#
#
#
#
#
#
#
#
#
*1 -0.8272818326950073 0.5528053045272827 0.10005207359790802 -252.58941650390625
*2 -0.3298281133174896 -0.3337678015232086 -0.8830695152282715 -147.66522216796875
*3 -0.4547717571258545 -0.7635475397109985 0.4584504961967468 -846.613525390625
#
#
#
#
#
#
#
#
#
#
#
#
#
#
#
#
#
#
#
#
#
#
#
#
#
#
#
#
#
#
#
#
#
#
#
#
#
#
#
#
#
#
#
#
#
#
#
#
#
#
#
#
#
#
#
#
#
*1 0.9988015294075012 0.022913048043847084 -0.043262116611003876 -161.76953125
*2 -0.024609750136733055 0.9989208579063416 -0.039382725954055786 202.57693481445313
*3 0.04231565445661545 0.04039865732192993 0.9982868432998657 -714.2974853515625
*1 0.9997438788414001 0.02173438109457493 0.0063919746316969395 -163.8509521484375
*2 -0.021347371861338615 0.9983212947845459 -0.05383547395467758 191.0459747314453
*3 -0.007548690773546696 0.05368368700146675 0.9985290169715881 -718.406005859375
*1 0.9995055794715881 0.03116563707590103 -0.004273722879588604 -168.87759399414063
*2 -0.03140152618288994 0.9960301518440247 -0.08329080045223236 179.7342529296875
*3 0.00166358333081007 0.08338228613138199 0.9965158104896545 -725.115478515625
*1 0.9993661642074585 0.02931414358317852 0.02022295631468296 -169.25726318359375
*2 -0.027759669348597527 0.9969635605812073 -0.07274873554706573 170.01974487304688
*3 -0.022291477769613266 0.0721396952867508 0.9971449375152588 -727.0601196289063
*1 0.99956876039505 0.015975678339600563 0.02465932071208954 -171.3895263671875
*2 -0.015350530855357647 0.99957275390625 -0.024861745536327362 160.12847900390625
*3 -0.025043342262506485 0.02447092905640602 0.9993863701820374 -731.2615356445313
*1 0.9998956918716431 0.014080852270126343 -0.003386717289686203 -171.95883178710938
*2 -0.014198040589690208 0.9990284442901611 -0.04171375930309296 149.78392028808594
*3 0.002798665314912796 0.04175591841340065 0.9991235136985779 -728.266845703125
*1 0.9998922348022461 0.011989287100732327 0.00853510107845068 -174.38009643554688
*2 -0.011699256487190723 0.9994215369224548 -0.031924471259117126 142.24325561523438
*3 -0.00891030952334404 0.031819604337215424 0.9994535446166992 -730.2631225585938
*1 0.9995750188827515 0.017990248277783394 -0.02296125888824463 -175.39382934570313
*2 -0.01810481771826744 0.9998217225074768 -0.005312299355864525 134.62078857421875
*3 0.022864196449518204 0.005724212154746056 0.9997218251228333 -727.6495361328125
*1 0.999828040599823 0.016452418640255928 -0.008618069812655449 -177.7089080810547
*2 -0.016652528196573257 0.9995452165603638 -0.025133702903985977 128.67919921875
*3 0.00820324569940567 0.02527133747935295 0.9996466040611267 -730.5896606445313
*1 0.9998719692230225 0.013009630143642426 0.009369220584630966 -179.71656799316406
*2 -0.012669587507843971 0.9993321299552917 -0.03426938131451607 122.9801254272461
*3 -0.009806177578866482 0.03414472937583923 0.99936842918396 -731.2061767578125
*1 0.9999293684959412 0.010252625681459904 -0.0060917967930436134 -181.1783905029297
*2 -0.010243033058941364 0.9999472498893738 -3.481768071651459E-4 117.8503189086914
*3 0.006090507842600346 4.0900707244873047E-4 0.9999809861183167 -729.4287719726563
*1 0.9998302459716797 0.017308248206973076 -0.006400002166628838 -183.64111328125
*2 -0.017420874908566475 0.9996491074562073 -0.019941486418247223 112.84505462646484
*3 0.006055227946490049 0.020048055797815323 0.9997802972793579 -733.4133911132813
*1 0.9999219179153442 0.009368380531668663 -0.008335668593645096 -186.4166259765625
*2 -0.009223041124641895 0.9998307228088379 0.01590658538043499 106.12991333007813
*3 0.008485887199640274 -0.015829995274543762 0.9998382925987244 -732.8603515625
*1 0.9995098114013672 0.021007804200053215 -0.02323499508202076 -191.64663696289063
*2 -0.02126222848892212 0.9997101426124573 -0.011274926364421844 98.96540832519531
*3 0.022994017228484154 0.011761905625462532 0.9996660351753235 -736.6898193359375
*1 0.9976019263267517 0.024733098223805428 -0.06464987993240356 -194.98231506347656
*2 -0.02538899891078472 0.9996320009231567 -0.009528253227472305 92.60185241699219
*3 0.06439301371574402 0.011145293712615967 0.9978619813919067 -727.3427734375
*1 0.9993869662284851 0.022079745307564735 -0.027185145765542984 -198.7867889404297
*2 -0.022226054221391678 0.9997374415397644 -0.005530996713787317 90.05656433105469
*3 0.02705848589539528 0.00613031629472971 0.9996147155761719 -725.8435668945313
*1 0.999285876750946 0.014790745452046394 0.03478138521313667 -202.7481689453125
*2 -0.015456887893378735 0.9996939301490784 0.019306231290102005 86.89125061035156
*3 -0.03448256850242615 -0.019831566140055656 0.9992081522941589 -736.8004150390625
