#
#
#
#
#
#
#
#
#
#
#
#
#
#
#
#
#
#
#
#
#
#
#
#
#
#
#
#
#
#
#
#
#
#
#
#
#
#
#
#
#
#
#
#
#
#
#
#
#
#
#
#
#
#
#
#
#
#
#
#
*1 0.8361247777938843 0.16104567050933838 -0.5243316888809204 -136.7515106201172
*1 0.8361247777938843 0.16104567050933838 -0.5243316888809204 -136.7515106201172
*2 -0.1942765861749649 0.9809317588806152 -0.00834047794342041 28.3403377532959
*1 0.8361247777938843 0.16104567050933838 -0.5243316888809204 -136.7515106201172
*2 -0.1942765861749649 0.9809317588806152 -0.00834047794342041 28.3403377532959
*3 0.5129836797714233 0.1087760329246521 0.8514734506607056 -1122.5745849609375
*1 0.8664413690567017 0.14235249161720276 -0.47851768136024475 -150.99476623535156
*1 0.8664413690567017 0.14235249161720276 -0.47851768136024475 -150.99476623535156
*2 -0.18107861280441284 0.9828554391860962 -0.03529778867959976 29.151355743408203
*1 0.8664413690567017 0.14235249161720276 -0.47851768136024475 -150.99476623535156
*2 -0.18107861280441284 0.9828554391860962 -0.03529778867959976 29.151355743408203
*3 0.4652811884880066 0.11716994643211365 0.8773688673973083 -1105.7608642578125
*1 0.8906335830688477 0.131129652261734 -0.4353630542755127 -161.553955078125
*1 0.8906335830688477 0.131129652261734 -0.4353630542755127 -161.553955078125
*2 -0.17617949843406677 0.9822731018066406 -0.06434808671474457 30.788951873779297
*1 0.8906335830688477 0.131129652261734 -0.4353630542755127 -161.553955078125
*2 -0.17617949843406677 0.9822731018066406 -0.06434808671474457 30.788951873779297
*3 0.41919922828674316 0.1339498907327652 0.8979538083076477 -1092.0928955078125
*1 0.9196802377700806 0.11640352010726929 -0.37497034668922424 -170.79315185546875
*1 0.9196802377700806 0.11640352010726929 -0.37497034668922424 -170.79315185546875
*2 -0.1676279753446579 0.9800861477851868 -0.10664083063602448 33.11349105834961
*1 0.9196802377700806 0.11640352010726929 -0.37497034668922424 -170.79315185546875
*2 -0.1676279753446579 0.9800861477851868 -0.10664083063602448 33.11349105834961
*3 0.3550809919834137 0.16086846590042114 0.9208856821060181 -1087.7490234375
*1 0.9549961686134338 0.10798291862010956 -0.27619996666908264 -181.46133422851563
*1 0.9549961686134338 0.10798291862010956 -0.27619996666908264 -181.46133422851563
*2 -0.1547674983739853 0.9760189652442932 -0.15321314334869385 39.51824951171875
*1 0.9549961686134338 0.10798291862010956 -0.27619996666908264 -181.46133422851563
*2 -0.1547674983739853 0.9760189652442932 -0.15321314334869385 39.51824951171875
*3 0.25302237272262573 0.18900243937969208 0.9488147497177124 -1110.189208984375
*1 0.9700923562049866 0.09547855705022812 -0.22308993339538574 -183.09771728515625
*1 0.9700923562049866 0.09547855705022812 -0.22308993339538574 -183.09771728515625
*2 -0.14653834700584412 0.9634196758270264 -0.2244756817817688 47.193607330322266
*1 0.9700923562049866 0.09547855705022812 -0.22308993339538574 -183.09771728515625
*2 -0.14653834700584412 0.9634196758270264 -0.2244756817817688 47.193607330322266
*3 0.19348657131195068 0.2503916621208191 0.9486088156700134 -1091.7669677734375
*1 0.9663694500923157 0.0809955894947052 -0.2439965456724167 -178.5426025390625
*1 0.9663694500923157 0.0809955894947052 -0.2439965456724167 -178.5426025390625
*2 -0.14343538880348206 0.9576296210289001 -0.24982434511184692 52.712379455566406
*1 0.9663694500923157 0.0809955894947052 -0.2439965456724167 -178.5426025390625
*2 -0.14343538880348206 0.9576296210289001 -0.24982434511184692 52.712379455566406
*3 0.21341334283351898 0.27635908126831055 0.9370550513267517 -1061.5223388671875
*1 0.9757537841796875 0.0791739672422409 -0.20396198332309723 -177.7761993408203
*1 0.9757537841796875 0.0791739672422409 -0.20396198332309723 -177.7761993408203
*2 -0.12789060175418854 0.9629307985305786 -0.23758921027183533 58.52935028076172
*1 0.9757537841796875 0.0791739672422409 -0.20396198332309723 -177.7761993408203
*2 -0.12789060175418854 0.9629307985305786 -0.23758921027183533 58.52935028076172
*3 0.17757922410964966 0.2578519582748413 0.9497208595275879 -1062.0240478515625
*1 0.9703183174133301 0.05925343558192253 -0.23438400030136108 -172.4842987060547
*1 0.9703183174133301 0.05925343558192253 -0.23438400030136108 -172.4842987060547
*2 -0.12519872188568115 0.9526782631874084 -0.2770737111568451 63.567630767822266
*1 0.9703183174133301 0.05925343558192253 -0.23438400030136108 -172.4842987060547
*2 -0.12519872188568115 0.9526782631874084 -0.2770737111568451 63.567630767822266
*3 0.20686353743076324 0.2981335520744324 0.9318345189094543 -1044.130615234375
*1 0.9643850326538086 0.04820144176483154 -0.2600051462650299 -166.66134643554688
*1 0.9643850326538086 0.04820144176483154 -0.2600051462650299 -166.66134643554688
*2 -0.11809174716472626 0.9583838582038879 -0.2599906623363495 68.18663787841797
*1 0.9643850326538086 0.04820144176483154 -0.2600051462650299 -166.66134643554688
*2 -0.11809174716472626 0.9583838582038879 -0.2599906623363495 68.18663787841797
*3 0.2366408258676529 0.2813747823238373 0.9299575686454773 -1035.692138671875
*1 0.9592445492744446 0.0421929769217968 -0.2793460488319397 -158.1612091064453
*1 0.9592445492744446 0.0421929769217968 -0.2793460488319397 -158.1612091064453
*2 -0.1133173406124115 0.9633329510688782 -0.2432883232831955 71.7241439819336
*1 0.9592445492744446 0.0421929769217968 -0.2793460488319397 -158.1612091064453
*2 -0.1133173406124115 0.9633329510688782 -0.2432883232831955 71.7241439819336
*3 0.2588258683681488 0.2649669051170349 0.9288666844367981 -1025.6236572265625
*1 0.9592497944831848 0.04395202919840813 -0.27905675768852234 -149.26181030273438
*1 0.9592497944831848 0.04395202919840813 -0.27905675768852234 -149.26181030273438
*2 -0.11928275227546692 0.9585788249969482 -0.25872495770454407 74.69316101074219
*1 0.9592497944831848 0.04395202919840813 -0.27905675768852234 -149.26181030273438
*2 -0.11928275227546692 0.9585788249969482 -0.25872495770454407 74.69316101074219
*3 0.25611448287963867 0.28140780329704285 0.9247738122940063 -1015.1445922851563
*1 0.9733483791351318 0.044657036662101746 -0.22486308217048645 -142.02015686035156
*1 0.9733483791351318 0.044657036662101746 -0.22486308217048645 -142.02015686035156
*2 -0.10966993123292923 0.9521908164024353 -0.2852112948894501 78.20038604736328
*1 0.9733483791351318 0.044657036662101746 -0.22486308217048645 -142.02015686035156
*2 -0.10966993123292923 0.9521908164024353 -0.2852112948894501 78.20038604736328
*3 0.20136350393295288 0.30221015214920044 0.9317260384559631 -1006.2131958007813
*1 0.9782202243804932 0.03938673436641693 -0.20371203124523163 -138.80091857910156
*1 0.9782202243804932 0.03938673436641693 -0.20371203124523163 -138.80091857910156
*2 -0.09927399456501007 0.9511629939079285 -0.29235926270484924 82.42675018310547
*1 0.9782202243804932 0.03938673436641693 -0.20371203124523163 -138.80091857910156
*2 -0.09927399456501007 0.9511629939079285 -0.29235926270484924 82.42675018310547
*3 0.18223531544208527 0.30615466833114624 0.934372067451477 -1003.3342895507813
*1 0.9742345809936523 0.029163146391510963 -0.22356443107128143 -135.4110565185547
*1 0.9742345809936523 0.029163146391510963 -0.22356443107128143 -135.4110565185547
*2 -0.09670732915401459 0.9499586224555969 -0.29709702730178833 85.06255340576172
*1 0.9742345809936523 0.029163146391510963 -0.22356443107128143 -135.4110565185547
*2 -0.09670732915401459 0.9499586224555969 -0.29709702730178833 85.06255340576172
*3 0.2036994844675064 0.31100237369537354 0.9283187389373779 -986.0651245117188
*1 0.9778424501419067 0.023406242951750755 -0.20794427394866943 -135.2166748046875
*1 0.9778424501419067 0.023406242951750755 -0.20794427394866943 -135.2166748046875
*2 -0.08010686188936234 0.9600498080253601 -0.2681930959224701 85.45716094970703
*1 0.9778424501419067 0.023406242951750755 -0.20794427394866943 -135.2166748046875
*2 -0.08010686188936234 0.9600498080253601 -0.2681930959224701 85.45716094970703
*3 0.19334527850151062 0.27884793281555176 0.9406663179397583 -981.9559936523438
*1 0.9792042374610901 0.01752345636487007 -0.20203112065792084 -138.45513916015625
*1 0.9792042374610901 0.01752345636487007 -0.20203112065792084 -138.45513916015625
*2 -0.07267697155475616 0.9605600833892822 -0.26848217844963074 83.18805694580078
*1 0.9792042374610901 0.01752345636487007 -0.20203112065792084 -138.45513916015625
*2 -0.07267697155475616 0.9605600833892822 -0.26848217844963074 83.18805694580078
*3 0.18934366106987 0.277521550655365 0.9418717622756958 -984.6434326171875
*1 0.9806734323501587 0.01160294096916914 -0.1952165961265564 -141.09228515625
*1 0.9806734323501587 0.01160294096916914 -0.1952165961265564 -141.09228515625
*2 -0.06623589992523193 0.9591056108474731 -0.27526262402534485 81.51318359375
*1 0.9806734323501587 0.01160294096916914 -0.1952165961265564 -141.09228515625
*2 -0.06623589992523193 0.9591056108474731 -0.27526262402534485 81.51318359375
*3 0.18402448296546936 0.2828129231929779 0.9413518905639648 -981.7597045898438
*1 0.9822909832000732 0.0027612047269940376 -0.18724696338176727 -142.82069396972656
*1 0.9822909832000732 0.0027612047269940376 -0.18724696338176727 -142.82069396972656
*2 -0.055131614208221436 0.9600054025650024 -0.2745732069015503 81.0802001953125
*1 0.9822909832000732 0.0027612047269940376 -0.18724696338176727 -142.82069396972656
*2 -0.055131614208221436 0.9600054025650024 -0.2745732069015503 81.0802001953125
*3 0.17898428440093994 0.27997395396232605 0.9431705474853516 -980.7186279296875
*1 0.9865886569023132 -0.0011423503747209907 -0.16311371326446533 -146.5900115966797
*1 0.9865886569023132 -0.0011423503747209907 -0.16311371326446533 -146.5900115966797
*2 -0.043635305017232895 0.9618633389472961 -0.2701021134853363 81.50785827636719
*1 0.9865886569023132 -0.0011423503747209907 -0.16311371326446533 -146.5900115966797
*2 -0.043635305017232895 0.9618633389472961 -0.2701021134853363 81.50785827636719
*3 0.1571853756904602 0.27353715896606445 0.948926568031311 -988.161376953125
*1 0.991743803024292 -0.012726959772408009 -0.12746316194534302 -148.89761352539063
*1 0.991743803024292 -0.012726959772408009 -0.12746316194534302 -148.89761352539063
*2 -0.024596024304628372 0.9578471779823303 -0.2862938642501831 84.41285705566406
*1 0.991743803024292 -0.012726959772408009 -0.12746316194534302 -148.89761352539063
*2 -0.024596024304628372 0.9578471779823303 -0.2862938642501831 84.41285705566406
*3 0.12571656703948975 0.28700560331344604 0.9496391415596008 -994.2467041015625
*1 0.9898964762687683 -0.0209716334939003 -0.14010614156723022 -148.33619689941406
*1 0.9898964762687683 -0.0209716334939003 -0.14010614156723022 -148.33619689941406
*2 -0.018824338912963867 0.9609413146972656 -0.2761842906475067 86.71315002441406
*1 0.9898964762687683 -0.0209716334939003 -0.14010614156723022 -148.33619689941406
*2 -0.018824338912963867 0.9609413146972656 -0.2761842906475067 86.71315002441406
*3 0.14040811359882355 0.2759716510772705 0.9508504867553711 -991.9564208984375
*1 0.9885075092315674 -0.01876390166580677 -0.14988473057746887 -150.7938690185547
*1 0.9885075092315674 -0.01876390166580677 -0.14988473057746887 -150.7938690185547
*2 -0.025072729215025902 0.9583049416542053 -0.2847159802913666 88.6036605834961
*1 0.9885075092315674 -0.01876390166580677 -0.14988473057746887 -150.7938690185547
*2 -0.025072729215025902 0.9583049416542053 -0.2847159802913666 88.6036605834961
*3 0.14896032214164734 0.28514233231544495 0.9468348026275635 -995.6331176757813
*1 0.9967741966247559 -0.02515694499015808 -0.07597971707582474 -158.2596893310547
*1 0.9967741966247559 -0.02515694499015808 -0.07597971707582474 -158.2596893310547
*2 0.003943696618080139 0.9639264941215515 -0.26621484756469727 93.74809265136719
*1 0.9967741966247559 -0.02515694499015808 -0.07597971707582474 -158.2596893310547
*2 0.003943696618080139 0.9639264941215515 -0.26621484756469727 93.74809265136719
*3 0.07991724461317062 0.26499679684638977 0.9609273076057434 -1021.909423828125
*1 0.9987266063690186 -0.024484969675540924 -0.043705347925424576 -161.09170532226563
*1 0.9987266063690186 -0.024484969675540924 -0.043705347925424576 -161.09170532226563
*2 0.008780119940638542 0.9450955390930176 -0.3267374634742737 98.81840515136719
*1 0.9987266063690186 -0.024484969675540924 -0.043705347925424576 -161.09170532226563
*2 0.008780119940638542 0.9450955390930176 -0.3267374634742737 98.81840515136719
*3 0.04928700253367424 0.32587870955467224 0.9441213607788086 -1022.475341796875
*1 0.9991089701652527 -0.026239663362503052 -0.03251335397362709 -165.9466094970703
*1 0.9991089701652527 -0.026239663362503052 -0.03251335397362709 -165.9466094970703
*2 0.014701695181429386 0.9499645829200745 -0.31207558512687683 105.6237564086914
*1 0.9991089701652527 -0.026239663362503052 -0.03251335397362709 -165.9466094970703
*2 0.014701695181429386 0.9499645829200745 -0.31207558512687683 105.6237564086914
*3 0.03905611112713814 0.3112604022026062 0.9495172500610352 -1036.796630859375
*1 0.999041736125946 -0.031220758333802223 0.030087070539593697 -174.90155029296875
*1 0.999041736125946 -0.031220758333802223 0.030087070539593697 -174.90155029296875
*2 0.039068449288606644 0.9476613998413086 -0.3169407546520233 114.90088653564453
*1 0.999041736125946 -0.031220758333802223 0.030087070539593697 -174.90155029296875
*2 0.039068449288606644 0.9476613998413086 -0.3169407546520233 114.90088653564453
*3 -0.018637515604496002 0.31775355339050293 0.9479856491088867 -1061.513916015625
*1 0.9973093271255493 -0.0425049364566803 0.05942864343523979 -181.90553283691406
*1 0.9973093271255493 -0.0425049364566803 0.05942864343523979 -181.90553283691406
*2 0.056977733969688416 0.961106538772583 -0.2703104019165039 123.09407043457031
*1 0.9973093271255493 -0.0425049364566803 0.05942864343523979 -181.90553283691406
*2 0.056977733969688416 0.961106538772583 -0.2703104019165039 123.09407043457031
*3 -0.045648910105228424 0.272909939289093 0.9609515070915222 -1070.9600830078125
*1 0.9913320541381836 -0.040453776717185974 0.12485413253307343 -188.1236572265625
*1 0.9913320541381836 -0.040453776717185974 0.12485413253307343 -188.1236572265625
*2 0.07734924554824829 0.9483896493911743 -0.30759406089782715 130.80857849121094
*1 0.9913320541381836 -0.040453776717185974 0.12485413253307343 -188.1236572265625
*2 0.07734924554824829 0.9483896493911743 -0.30759406089782715 130.80857849121094
*3 -0.10598893463611603 0.31452643871307373 0.9433085322380066 -1079.1690673828125
*1 0.9910526275634766 -0.03902755677700043 0.1274985522031784 -195.21961975097656
*1 0.9910526275634766 -0.03902755677700043 0.1274985522031784 -195.21961975097656
*2 0.08427466452121735 0.9240427613258362 -0.37293779850006104 140.07093811035156
*1 0.9910526275634766 -0.03902755677700043 0.1274985522031784 -195.21961975097656
*2 0.08427466452121735 0.9240427613258362 -0.37293779850006104 140.07093811035156
*3 -0.10328160226345062 0.38028812408447266 0.919078528881073 -1089.6837158203125
*1 0.9903240203857422 -0.05926436930894852 0.12534095346927643 -201.69052124023438
*1 0.9903240203857422 -0.05926436930894852 0.12534095346927643 -201.69052124023438
*2 0.09791412204504013 0.9387360215187073 -0.33049577474594116 148.80496215820313
*1 0.9903240203857422 -0.05926436930894852 0.12534095346927643 -201.69052124023438
*2 0.09791412204504013 0.9387360215187073 -0.33049577474594116 148.80496215820313
*3 -0.09809861332178116 0.33951252698898315 0.9354674220085144 -1096.0777587890625
*1 0.9877068996429443 -0.06791388988494873 0.14066678285598755 -204.83657836914063
*1 0.9877068996429443 -0.06791388988494873 0.14066678285598755 -204.83657836914063
*2 0.11095782369375229 0.9386593103408813 -0.3265685439109802 154.9075927734375
*1 0.9877068996429443 -0.06791388988494873 0.14066678285598755 -204.83657836914063
*2 0.11095782369375229 0.9386593103408813 -0.3265685439109802 154.9075927734375
*3 -0.10988348722457886 0.338104248046875 0.9346670508384705 -1097.034423828125
*1 0.9847902059555054 -0.10772769898176193 0.13618884980678558 -208.02662658691406
*1 0.9847902059555054 -0.10772769898176193 0.13618884980678558 -208.02662658691406
*2 0.12741588056087494 0.9810677766799927 -0.14598335325717926 161.10328674316406
*1 0.9847902059555054 -0.10772769898176193 0.13618884980678558 -208.02662658691406
*2 0.12741588056087494 0.9810677766799927 -0.14598335325717926 161.10328674316406
*3 -0.11790881305932999 0.16105711460113525 0.9798721671104431 -1110.074951171875
*1 0.9943649768829346 -0.10565866529941559 0.006232514977455139 -209.0203857421875
*1 0.9943649768829346 -0.10565866529941559 0.006232514977455139 -209.0203857421875
*2 0.10479716211557388 0.9757960438728333 -0.19204078614711761 161.70101928710938
*1 0.9943649768829346 -0.10565866529941559 0.006232514977455139 -209.0203857421875
*2 0.10479716211557388 0.9757960438728333 -0.19204078614711761 161.70101928710938
*3 0.014184683561325073 0.19155338406562805 0.9813752770423889 -1113.3824462890625
*1 0.9917382597923279 -0.10795033723115921 0.06903831660747528 -212.4038848876953
*1 0.9917382597923279 -0.10795033723115921 0.06903831660747528 -212.4038848876953
*2 0.11530287563800812 0.9866898655891418 -0.11483988165855408 162.2788848876953
*1 0.9917382597923279 -0.10795033723115921 0.06903831660747528 -212.4038848876953
*2 0.11530287563800812 0.9866898655891418 -0.11483988165855408 162.2788848876953
*3 -0.05574696883559227 0.12179285287857056 0.9909843802452087 -1128.8565673828125
*1 0.9800056219100952 -0.1365835815668106 0.14456182718276978 -215.85816955566406
*1 0.9800056219100952 -0.1365835815668106 0.14456182718276978 -215.85816955566406
*2 0.12837335467338562 0.9896687865257263 0.06415442377328873 167.7785186767578
*1 0.9800056219100952 -0.1365835815668106 0.14456182718276978 -215.85816955566406
*2 0.12837335467338562 0.9896687865257263 0.06415442377328873 167.7785186767578
*3 -0.15185531973838806 -0.04437094181776047 0.9874017238616943 -1144.987548828125
*1 0.9812898635864258 -0.16406938433647156 0.10057687014341354 -218.34104919433594
*1 0.9812898635864258 -0.16406938433647156 0.10057687014341354 -218.34104919433594
*2 0.12904788553714752 0.9489225745201111 0.2879801392555237 180.49273681640625
*1 0.9812898635864258 -0.16406938433647156 0.10057687014341354 -218.34104919433594
*2 0.12904788553714752 0.9489225745201111 0.2879801392555237 180.49273681640625
*3 -0.1427130550146103 -0.2696654498577118 0.9523154497146606 -1152.6356201171875
#
#
#
#
#
#
#
#
#
#
#
#
#
#
#
#
#
#
#
#
#
#
#
#
#
#
#
#
#
#
#
#
#
#
#
#
#
#
#
#
#
#
#
#
#
#
#
#
#
#
#
#
#
#
#
#
#
#
#
#
#
#
#
#
#
#
#
#
#
#
#
#
#
#
#
#
#
#
#
#
#
#
#
*1 0.9956489205360413 -0.05057746544480324 0.07826434820890427 -125.60767364501953
*1 0.9956489205360413 -0.05057746544480324 0.07826434820890427 -125.60767364501953
*2 0.08276614546775818 0.865872859954834 -0.49337026476860046 323.18341064453125
*1 0.9956489205360413 -0.05057746544480324 0.07826434820890427 -125.60767364501953
*2 0.08276614546775818 0.865872859954834 -0.49337026476860046 323.18341064453125
*3 -0.0428139753639698 0.49770092964172363 0.8662912845611572 -1081.21142578125
*1 0.9989187121391296 -0.044634491205215454 -0.01300840824842453 -106.19522857666016
*1 0.9989187121391296 -0.044634491205215454 -0.01300840824842453 -106.19522857666016
*2 0.03242502361536026 0.8693907260894775 -0.49306049942970276 296.2688903808594
*1 0.9989187121391296 -0.044634491205215454 -0.01300840824842453 -106.19522857666016
*2 0.03242502361536026 0.8693907260894775 -0.49306049942970276 296.2688903808594
*3 0.0333164781332016 0.4921053349971771 0.8698977828025818 -1088.871826171875
*1 0.9966821074485779 -0.04669732227921486 -0.06666578352451324 -86.62139129638672
*1 0.9966821074485779 -0.04669732227921486 -0.06666578352451324 -86.62139129638672
*2 0.013849026523530483 0.9044068455696106 -0.4264465570449829 268.650390625
*1 0.9966821074485779 -0.04669732227921486 -0.06666578352451324 -86.62139129638672
*2 0.013849026523530483 0.9044068455696106 -0.4264465570449829 268.650390625
*3 0.0802064910531044 0.4241081178188324 0.902052640914917 -1084.8837890625
*1 0.9991703629493713 -0.04021955654025078 -0.006411174777895212 -70.0422134399414
*1 0.9991703629493713 -0.04021955654025078 -0.006411174777895212 -70.0422134399414
*2 0.03414337709546089 0.9130336046218872 -0.4064529836177826 245.42372131347656
*1 0.9991703629493713 -0.04021955654025078 -0.006411174777895212 -70.0422134399414
*2 0.03414337709546089 0.9130336046218872 -0.4064529836177826 245.42372131347656
*3 0.022200576961040497 0.4058966040611267 0.9136492013931274 -1057.91162109375
*1 0.999268651008606 -0.03746280074119568 0.007669701706618071 -60.86931610107422
*1 0.999268651008606 -0.03746280074119568 0.007669701706618071 -60.86931610107422
*2 0.03735348582267761 0.9133838415145874 -0.405382364988327 232.0690460205078
*1 0.999268651008606 -0.03746280074119568 0.007669701706618071 -60.86931610107422
*2 0.03735348582267761 0.9133838415145874 -0.405382364988327 232.0690460205078
*3 0.008180981501936913 0.40537208318710327 0.9141150712966919 -1037.2376708984375
*1 0.9985700845718384 -0.025728432461619377 0.04686269909143448 -58.15639114379883
*1 0.9985700845718384 -0.025728432461619377 0.04686269909143448 -58.15639114379883
*2 0.04212718456983566 0.9183657169342041 -0.39348435401916504 227.216552734375
*1 0.9985700845718384 -0.025728432461619377 0.04686269909143448 -58.15639114379883
*2 0.04212718456983566 0.9183657169342041 -0.39348435401916504 227.216552734375
*3 -0.03291374072432518 0.3948955535888672 0.9181361198425293 -1032.407958984375
*1 0.9991265535354614 -0.02022913284599781 0.03656556457281113 -59.61052703857422
*1 0.9991265535354614 -0.02022913284599781 0.03656556457281113 -59.61052703857422
*2 0.03247896209359169 0.9264843463897705 -0.37492918968200684 226.6549072265625
*1 0.9991265535354614 -0.02022913284599781 0.03656556457281113 -59.61052703857422
*2 0.03247896209359169 0.9264843463897705 -0.37492918968200684 226.6549072265625
*3 -0.02629329264163971 0.3757890462875366 0.9263319969177246 -1040.3084716796875
*1 0.9981516003608704 -0.010995468124747276 0.0597720667719841 -62.645687103271484
*1 0.9981516003608704 -0.010995468124747276 0.0597720667719841 -62.645687103271484
*2 0.03470931202173233 0.9104540944099426 -0.4121513366699219 223.2954559326172
*1 0.9981516003608704 -0.010995468124747276 0.0597720667719841 -62.645687103271484
*2 0.03470931202173233 0.9104540944099426 -0.4121513366699219 223.2954559326172
*3 -0.04988827928900719 0.41346386075019836 0.909152626991272 -1047.0528564453125
*1 0.9939398169517517 -0.005464334972202778 0.10979028046131134 -67.23731994628906
*1 0.9939398169517517 -0.005464334972202778 0.10979028046131134 -67.23731994628906
*2 0.052513860166072845 0.9010258316993713 -0.43057501316070557 216.52842712402344
*1 0.9939398169517517 -0.005464334972202778 0.10979028046131134 -67.23731994628906
*2 0.052513860166072845 0.9010258316993713 -0.43057501316070557 216.52842712402344
*3 -0.0965714156627655 0.4337308704853058 0.8958522081375122 -1057.8477783203125
*1 0.9976896643638611 0.005215514451265335 0.0677374079823494 -72.79839324951172
*1 0.9976896643638611 0.005215514451265335 0.0677374079823494 -72.79839324951172
*2 0.024882471188902855 0.899711549282074 -0.43577519059181213 206.61260986328125
*1 0.9976896643638611 0.005215514451265335 0.0677374079823494 -72.79839324951172
*2 0.024882471188902855 0.899711549282074 -0.43577519059181213 206.61260986328125
*3 -0.06321725249290466 0.43645355105400085 0.8975029587745667 -1064.2091064453125
*1 0.9998077750205994 -0.01460612379014492 0.013088256120681763 -80.06246948242188
*1 0.9998077750205994 -0.01460612379014492 0.013088256120681763 -80.06246948242188
*2 0.01821940205991268 0.9386844635009766 -0.3442956507205963 199.16537475585938
*1 0.9998077750205994 -0.01460612379014492 0.013088256120681763 -80.06246948242188
*2 0.01821940205991268 0.9386844635009766 -0.3442956507205963 199.16537475585938
*3 -0.007257275283336639 0.3444675803184509 0.9387699365615845 -1077.7618408203125
*1 0.9841124415397644 -0.032242536544799805 -0.17459477484226227 -89.21875762939453
*1 0.9841124415397644 -0.032242536544799805 -0.17459477484226227 -89.21875762939453
*2 -0.02360130101442337 0.9508904218673706 -0.3086264431476593 195.48519897460938
*1 0.9841124415397644 -0.032242536544799805 -0.17459477484226227 -89.21875762939453
*2 -0.02360130101442337 0.9508904218673706 -0.3086264431476593 195.48519897460938
*3 0.17597100138664246 0.3078434467315674 0.9350219964981079 -1086.068603515625
*1 0.9696879386901855 -0.026324421167373657 -0.24292472004890442 -99.5951919555664
*1 0.9696879386901855 -0.026324421167373657 -0.24292472004890442 -99.5951919555664
*2 -0.012003385461866856 0.9878480434417725 -0.15495820343494415 190.44540405273438
*1 0.9696879386901855 -0.026324421167373657 -0.24292472004890442 -99.5951919555664
*2 -0.012003385461866856 0.9878480434417725 -0.15495820343494415 190.44540405273438
*3 0.2440514713525772 0.15317673981189728 0.957588255405426 -1070.2926025390625
*1 0.9664144515991211 -0.03260904550552368 -0.2549113929271698 -114.47743225097656
*1 0.9664144515991211 -0.03260904550552368 -0.2549113929271698 -114.47743225097656
*2 9.041956218425184E-5 0.9919602870941162 -0.12654834985733032 188.79710388183594
*1 0.9664144515991211 -0.03260904550552368 -0.2549113929271698 -114.47743225097656
*2 9.041956218425184E-5 0.9919602870941162 -0.12654834985733032 188.79710388183594
*3 0.2569882273674011 0.12227480858564377 0.9586477279663086 -1080.473388671875
*1 0.9541354179382324 -0.03572944924235344 -0.29723548889160156 -129.67190551757813
*1 0.9541354179382324 -0.03572944924235344 -0.29723548889160156 -129.67190551757813
*2 -0.005603734403848648 0.9905474781990051 -0.1370549499988556 182.87139892578125
*1 0.9541354179382324 -0.03572944924235344 -0.29723548889160156 -129.67190551757813
*2 -0.005603734403848648 0.9905474781990051 -0.1370549499988556 182.87139892578125
*3 0.29932236671447754 0.13243432343006134 0.944916307926178 -1073.72119140625
*1 0.9498567581176758 -0.037408728152513504 -0.3104393184185028 -147.49700927734375
*1 0.9498567581176758 -0.037408728152513504 -0.3104393184185028 -147.49700927734375
*2 -0.0030903781298547983 0.9916462898254395 -0.1289488822221756 182.14317321777344
*1 0.9498567581176758 -0.037408728152513504 -0.3104393184185028 -147.49700927734375
*2 -0.0030903781298547983 0.9916462898254395 -0.1289488822221756 182.14317321777344
*3 0.31266942620277405 0.12344207614660263 0.941806435585022 -1074.4085693359375
*1 0.9470474720001221 -0.044267088174819946 -0.3180273771286011 -168.30929565429688
*1 0.9470474720001221 -0.044267088174819946 -0.3180273771286011 -168.30929565429688
*2 2.3669330403208733E-4 0.9905474185943604 -0.1371694952249527 184.0889434814453
*1 0.9470474720001221 -0.044267088174819946 -0.3180273771286011 -168.30929565429688
*2 2.3669330403208733E-4 0.9905474185943604 -0.1371694952249527 184.0889434814453
*3 0.3210929036140442 0.1298304796218872 0.9381060004234314 -1083.4058837890625
*1 0.9627628326416016 -0.05648411065340042 -0.2643808126449585 -188.19203186035156
*1 0.9627628326416016 -0.05648411065340042 -0.2643808126449585 -188.19203186035156
*2 0.01911965198814869 0.9897077679634094 -0.1418190598487854 186.07151794433594
*1 0.9627628326416016 -0.05648411065340042 -0.2643808126449585 -188.19203186035156
*2 0.01911965198814869 0.9897077679634094 -0.1418190598487854 186.07151794433594
*3 0.26966989040374756 0.13148297369480133 0.9539338946342468 -1084.093017578125
*1 0.9770996570587158 -0.0687190368771553 -0.20138007402420044 -202.1026153564453
*1 0.9770996570587158 -0.0687190368771553 -0.20138007402420044 -202.1026153564453
*2 0.0432637594640255 0.9908062815666199 -0.1281825751066208 183.35740661621094
*1 0.9770996570587158 -0.0687190368771553 -0.20138007402420044 -202.1026153564453
*2 0.0432637594640255 0.9908062815666199 -0.1281825751066208 183.35740661621094
*3 0.20833683013916016 0.11653442680835724 0.9710895419120789 -1071.8709716796875
*1 0.9912860989570618 -0.07220769673585892 -0.11017141491174698 -214.4830322265625
*1 0.9912860989570618 -0.07220769673585892 -0.11017141491174698 -214.4830322265625
*2 0.054517220705747604 0.9862704873085022 -0.1558779925107956 181.0264434814453
*1 0.9912860989570618 -0.07220769673585892 -0.11017141491174698 -214.4830322265625
*2 0.054517220705747604 0.9862704873085022 -0.1558779925107956 181.0264434814453
*3 0.11991402506828308 0.14851316809654236 0.9816129207611084 -1076.6522216796875
*1 0.996383011341095 -0.07489283382892609 -0.040147989988327026 -222.34829711914063
*1 0.996383011341095 -0.07489283382892609 -0.040147989988327026 -222.34829711914063
*2 0.0684388130903244 0.9873180389404297 -0.1432432383298874 178.75128173828125
*1 0.996383011341095 -0.07489283382892609 -0.040147989988327026 -222.34829711914063
*2 0.0684388130903244 0.9873180389404297 -0.1432432383298874 178.75128173828125
*3 0.050366342067718506 0.13997715711593628 0.9888726472854614 -1073.83447265625
*1 0.9950579404830933 -0.08120420575141907 0.0571444034576416 -230.7367401123047
*1 0.9950579404830933 -0.08120420575141907 0.0571444034576416 -230.7367401123047
*2 0.086615189909935 0.9912447929382324 -0.09965486824512482 177.90492248535156
*1 0.9950579404830933 -0.08120420575141907 0.0571444034576416 -230.7367401123047
*2 0.086615189909935 0.9912447929382324 -0.09965486824512482 177.90492248535156
*3 -0.048552095890045166 0.10411164164543152 0.9933795928955078 -1086.4891357421875
*1 0.9813192486763 -0.11719070374965668 0.152573823928833 -236.46463012695313
*1 0.9813192486763 -0.11719070374965668 0.152573823928833 -236.46463012695313
*2 0.10375937819480896 0.9902238845825195 0.09322132915258408 170.0115509033203
*1 0.9813192486763 -0.11719070374965668 0.152573823928833 -236.46463012695313
*2 0.10375937819480896 0.9902238845825195 0.09322132915258408 170.0115509033203
*3 -0.16200734674930573 -0.07564923167228699 0.9838854074478149 -1095.0576171875
*1 0.9796784520149231 -0.11541090905666351 0.1640436351299286 -242.29957580566406
*1 0.9796784520149231 -0.11541090905666351 0.1640436351299286 -242.29957580566406
*2 0.0971333310008049 0.9885585904121399 0.1153973639011383 159.21920776367188
*1 0.9796784520149231 -0.11541090905666351 0.1640436351299286 -242.29957580566406
*2 0.0971333310008049 0.9885585904121399 0.1153973639011383 159.21920776367188
*3 -0.1754852682352066 -0.09711851179599762 0.9796798825263977 -1104.4647216796875
*1 0.9917140603065491 -0.0900270938873291 0.09164144098758698 -248.83383178710938
*1 0.9917140603065491 -0.0900270938873291 0.09164144098758698 -248.83383178710938
*2 0.09005563706159592 0.9959292411804199 0.003822985338047147 148.7974090576172
*1 0.9917140603065491 -0.0900270938873291 0.09164144098758698 -248.83383178710938
*2 0.09005563706159592 0.9959292411804199 0.003822985338047147 148.7974090576172
*3 -0.09161297231912613 0.004461223259568214 0.9957845211029053 -1110.3021240234375
*1 0.9955278038978577 -0.07093168050050735 0.06239287182688713 -253.94552612304688
*1 0.9955278038978577 -0.07093168050050735 0.06239287182688713 -253.94552612304688
*2 0.07611837983131409 0.9934584498405457 -0.08512372523546219 140.0570068359375
*1 0.9955278038978577 -0.07093168050050735 0.06239287182688713 -253.94552612304688
*2 0.07611837983131409 0.9934584498405457 -0.08512372523546219 140.0570068359375
*3 -0.055947158485651016 0.08949197828769684 0.9944148063659668 -1107.06640625
*1 0.9950600266456604 -0.07696501910686493 0.06270316988229752 -258.0718078613281
*1 0.9950600266456604 -0.07696501910686493 0.06270316988229752 -258.0718078613281
*2 0.07961617410182953 0.995983898639679 -0.04095132648944855 133.17147827148438
*1 0.9950600266456604 -0.07696501910686493 0.06270316988229752 -258.0718078613281
*2 0.07961617410182953 0.995983898639679 -0.04095132648944855 133.17147827148438
*3 -0.059299930930137634 0.04574091359972954 0.9971916079521179 -1099.032958984375
*1 0.9924737215042114 -0.07027514278888702 0.10028485953807831 -263.48565673828125
*1 0.9924737215042114 -0.07027514278888702 0.10028485953807831 -263.48565673828125
*2 0.07909903675317764 0.9930703043937683 -0.08691602200269699 127.83274841308594
*1 0.9924737215042114 -0.07027514278888702 0.10028485953807831 -263.48565673828125
*2 0.07909903675317764 0.9930703043937683 -0.08691602200269699 127.83274841308594
*3 -0.09348228573799133 0.09419400990009308 0.9911550283432007 -1101.842529296875
*1 0.990011990070343 -0.07015007734298706 0.12229025363922119 -264.57415771484375
*1 0.990011990070343 -0.07015007734298706 0.12229025363922119 -264.57415771484375
*2 0.0802440196275711 0.9935858845710754 -0.07967299222946167 123.05789184570313
*1 0.990011990070343 -0.07015007734298706 0.12229025363922119 -264.57415771484375
*2 0.0802440196275711 0.9935858845710754 -0.07967299222946167 123.05789184570313
*3 -0.11591719835996628 0.08868999034166336 0.9892911911010742 -1093.24951171875
*1 0.9902852773666382 -0.05942714586853981 0.12571072578430176 -266.6042175292969
*1 0.9902852773666382 -0.05942714586853981 0.12571072578430176 -266.6042175292969
*2 0.07381546497344971 0.9908390045166016 -0.11308865249156952 121.86730194091797
*1 0.9902852773666382 -0.05942714586853981 0.12571072578430176 -266.6042175292969
*2 0.07381546497344971 0.9908390045166016 -0.11308865249156952 121.86730194091797
*3 -0.11783894151449203 0.1212691217660904 0.9856001138687134 -1093.322509765625
*1 0.9870411157608032 -0.05924644321203232 0.14912886917591095 -268.5706481933594
*1 0.9870411157608032 -0.05924644321203232 0.14912886917591095 -268.5706481933594
*2 0.07163254916667938 0.9942890405654907 -0.07910594344139099 120.51648712158203
*1 0.9870411157608032 -0.05924644321203232 0.14912886917591095 -268.5706481933594
*2 0.07163254916667938 0.9942890405654907 -0.07910594344139099 120.51648712158203
*3 -0.14359083771705627 0.08876299113035202 0.9856483936309814 -1095.6094970703125
*1 0.9886518716812134 -0.05639055371284485 0.1392378956079483 -269.697998046875
*1 0.9886518716812134 -0.05639055371284485 0.1392378956079483 -269.697998046875
*2 0.06837598234415054 0.9942129850387573 -0.08285556733608246 117.22901153564453
*1 0.9886518716812134 -0.05639055371284485 0.1392378956079483 -269.697998046875
*2 0.06837598234415054 0.9942129850387573 -0.08285556733608246 117.22901153564453
*3 -0.1337602287530899 0.09143555164337158 0.9867865443229675 -1094.0572509765625
*1 0.9924196004867554 -0.053935084491968155 0.11042636632919312 -269.4354553222656
*1 0.9924196004867554 -0.053935084491968155 0.11042636632919312 -269.4354553222656
*2 0.06277269124984741 0.9949600696563721 -0.07819157838821411 114.25774383544922
*1 0.9924196004867554 -0.053935084491968155 0.11042636632919312 -269.4354553222656
*2 0.06277269124984741 0.9949600696563721 -0.07819157838821411 114.25774383544922
*3 -0.10565289855003357 0.0845303162932396 0.9908037185668945 -1089.5496826171875
*1 0.9868539571762085 -0.04288875684142113 0.15581873059272766 -271.284423828125
*1 0.9868539571762085 -0.04288875684142113 0.15581873059272766 -271.284423828125
*2 0.06007272005081177 0.9924092888832092 -0.1073080450296402 113.27957916259766
*1 0.9868539571762085 -0.04288875684142113 0.15581873059272766 -271.284423828125
*2 0.06007272005081177 0.9924092888832092 -0.1073080450296402 113.27957916259766
*3 -0.15003399550914764 0.11525752395391464 0.9819396138191223 -1095.3782958984375
*1 0.9914436936378479 -0.02242405340075493 0.1285930722951889 -269.88494873046875
*1 0.9914436936378479 -0.02242405340075493 0.1285930722951889 -269.88494873046875
*2 0.04494865983724594 0.9835330843925476 -0.17504888772964478 110.95025634765625
*1 0.9914436936378479 -0.02242405340075493 0.1285930722951889 -269.88494873046875
*2 0.04494865983724594 0.9835330843925476 -0.17504888772964478 110.95025634765625
*3 -0.1225505918264389 0.17933091521263123 0.9761258959770203 -1090.074951171875
*1 0.9894537329673767 -0.03184214234352112 0.14130458235740662 -269.9680480957031
*1 0.9894537329673767 -0.03184214234352112 0.14130458235740662 -269.9680480957031
*2 0.05325186625123024 0.9871847629547119 -0.1504337191581726 110.6504135131836
*1 0.9894537329673767 -0.03184214234352112 0.14130458235740662 -269.9680480957031
*2 0.05325186625123024 0.9871847629547119 -0.1504337191581726 110.6504135131836
*3 -0.13470394909381866 0.15637165307998657 0.9784696102142334 -1092.475830078125
*1 0.9776220917701721 -0.040227778255939484 0.2064858078956604 -270.39093017578125
*1 0.9776220917701721 -0.040227778255939484 0.2064858078956604 -270.39093017578125
*2 0.05794592201709747 0.9950693249702454 -0.08049266040325165 112.46903991699219
*1 0.9776220917701721 -0.040227778255939484 0.2064858078956604 -270.39093017578125
*2 0.05794592201709747 0.9950693249702454 -0.08049266040325165 112.46903991699219
*3 -0.20223000645637512 0.09065613150596619 0.9751330614089966 -1098.0386962890625
*1 0.9897923469543457 -0.02831995114684105 0.13967423141002655 -268.11138916015625
*1 0.9897923469543457 -0.02831995114684105 0.13967423141002655 -268.11138916015625
*2 0.047013457864522934 0.9900782108306885 -0.13241805136203766 113.7829360961914
*1 0.9897923469543457 -0.02831995114684105 0.13967423141002655 -268.11138916015625
*2 0.047013457864522934 0.9900782108306885 -0.13241805136203766 113.7829360961914
*3 -0.1345386654138565 0.13763262331485748 0.9813035130500793 -1093.7767333984375
*1 0.9929586052894592 -0.02435196191072464 0.11593072861433029 -266.68634033203125
*1 0.9929586052894592 -0.02435196191072464 0.11593072861433029 -266.68634033203125
*2 0.04249289631843567 0.9867326021194458 -0.15669341385364532 115.22260284423828
*1 0.9929586052894592 -0.02435196191072464 0.11593072861433029 -266.68634033203125
*2 0.04249289631843567 0.9867326021194458 -0.15669341385364532 115.22260284423828
*3 -0.11057713627815247 0.16051600873470306 0.9808197617530823 -1094.259033203125
*1 0.9895197153091431 -0.021681228652596474 0.14275981485843658 -264.9525451660156
*1 0.9895197153091431 -0.021681228652596474 0.14275981485843658 -264.9525451660156
*2 0.04327678680419922 0.9877440929412842 -0.1499616950750351 117.3306884765625
*1 0.9895197153091431 -0.021681228652596474 0.14275981485843658 -264.9525451660156
*2 0.04327678680419922 0.9877440929412842 -0.1499616950750351 117.3306884765625
*3 -0.13775911927223206 0.15456794202327728 0.9783308506011963 -1094.90625
*1 0.9877662062644958 -0.027388999238610268 0.15351693332195282 -263.7703552246094
*1 0.9877662062644958 -0.027388999238610268 0.15351693332195282 -263.7703552246094
*2 0.0459040105342865 0.991904616355896 -0.11839687824249268 119.87811279296875
*1 0.9877662062644958 -0.027388999238610268 0.15351693332195282 -263.7703552246094
*2 0.0459040105342865 0.991904616355896 -0.11839687824249268 119.87811279296875
*3 -0.14903166890144348 0.12399517744779587 0.9810274243354797 -1097.6387939453125
*1 0.985481321811676 -0.022688549011945724 0.1682601273059845 -261.8714599609375
*1 0.985481321811676 -0.022688549011945724 0.1682601273059845 -261.8714599609375
*2 0.04646642506122589 0.9892348051071167 -0.1387629508972168 121.28767395019531
*1 0.985481321811676 -0.022688549011945724 0.1682601273059845 -261.8714599609375
*2 0.04646642506122589 0.9892348051071167 -0.1387629508972168 121.28767395019531
*3 -0.16330073773860931 0.14456644654273987 0.9759269952774048 -1095.906982421875
*1 0.9815623164176941 -0.010447142645716667 0.19085575640201569 -260.7527770996094
*1 0.9815623164176941 -0.010447142645716667 0.19085575640201569 -260.7527770996094
*2 0.04824680835008621 0.9797137379646301 -0.1945071518421173 123.1361083984375
*1 0.9815623164176941 -0.010447142645716667 0.19085575640201569 -260.7527770996094
*2 0.04824680835008621 0.9797137379646301 -0.1945071518421173 123.1361083984375
*3 -0.1849522739648819 0.20012879371643066 0.9621544480323792 -1096.284423828125
*1 0.9833722710609436 -0.0077969725243747234 0.1814325451850891 -259.03253173828125
*1 0.9833722710609436 -0.0077969725243747234 0.1814325451850891 -259.03253173828125
*2 0.04878389462828636 0.9736950397491455 -0.22257111966609955 125.24224090576172
*1 0.9833722710609436 -0.0077969725243747234 0.1814325451850891 -259.03253173828125
