#
#
#
#
#
#
#
#
#
#
#
#
#
#
#
#
#
#
#
#
#
#
#
#
#
#
#
#
#
#
#
#
#
#
#
#
#
#
#
#
#
#
#
#
#
#
#
#
#
#
#
#
#
#
#
#
#
#
#
#
#
#
#
#
* 0.9829986095428467 0.15952914953231812 -0.09561000764369965 -117.7586669921875 -0.15997758507728577 0.9864267706871033 -0.023810848593711853 258.690673828125 0.09049905091524124 0.039105843752622604 0.9951258301734924 -1350.8768310546875
* 0.9852303266525269 0.16109901666641235 -0.06515665352344513 -114.09239959716797 -0.15963633358478546 0.9867103695869446 -0.010791581124067307 256.8255310058594 0.06253882497549057 0.02143876627087593 0.997809648513794 -1346.986572265625
* 0.9858043193817139 0.16350460052490234 -0.04830199107527733 -111.07794952392578 -0.16345904767513275 0.9847780466079712 -0.05187341570854187 255.8943634033203 0.03907114267349243 0.05943559110164642 0.9974645972251892 -1348.8192138671875
* 0.9864280819892883 0.16605405509471893 -0.01620630919933319 -108.44503784179688 -0.16400672495365143 0.9855530858039856 -0.03137451037764549 254.9392852783203 0.010749110952019691 0.03401118516921997 0.9993610382080078 -1344.5445556640625
* 0.9873038530349731 0.16015492379665375 -0.021411817520856857 -106.1184310913086 -0.15792320668697357 0.9869863986968994 -0.010747674852609634 255.0929412841797 0.01940087229013443 0.014398176223039627 0.9997054934501648 -1338.6707763671875
* 0.9863144755363464 0.16527071595191956 -0.02731841802597046 -104.8146743774414 -0.16340963542461395 0.9858931303024292 -0.022575244307518005 256.5799865722656 0.023188617080450058 0.027135279029607773 0.9993601441383362 -1338.23876953125
* 0.9862651824951172 0.16602709889411926 0.02435111626982689 -103.15528106689453 -0.16380591690540314 0.9860408306121826 0.009414687752723694 260.1614685058594 -0.022459980100393295 -0.01286776177585125 0.9996622800827026 -1341.5277099609375
* 0.9860289096832275 0.16449008882045746 0.03958410024642944 -100.67871856689453 -0.16411305963993073 0.984337329864502 0.05783063918352127 262.3538818359375 -0.029463302344083786 -0.06311139464378357 0.9975687861442566 -1330.1807861328125
* 0.9856093525886536 0.17160359025001526 -0.0018011853098869324 -100.14018249511719 -0.16900484263896942 0.9848477840423584 0.02663923241198063 266.89202880859375 0.006330210715532303 -0.025544706732034683 0.9996508955955505 -1331.646728515625
* 0.9859818816184998 0.16773681342601776 -0.02410438098013401 -100.01282501220703 -0.16431470215320587 0.9853234887123108 0.03654912859201431 270.1437072753906 0.02986721880733967 -0.03166910633444786 0.9990493059158325 -1324.055419921875
* 0.985203742980957 0.17364248633384705 -0.009937281720340252 -100.96784973144531 -0.1708550900220871 0.9845622181892395 0.025364503264427185 274.7560119628906 0.014172101393342018 -0.022884707897901535 0.9996349215507507 -1324.404052734375
* 0.9864864349365234 0.1662079244852066 -0.009815864264965057 -101.0168685913086 -0.16326916217803955 0.9855130910873413 0.03612126410007477 277.05108642578125 0.015664245933294296 -0.03362347185611725 0.9993090629577637 -1314.4810791015625
* 0.9844262003898621 0.17323656380176544 -0.04208490252494812 -100.99092102050781 -0.17006194591522217 0.9848365187644958 0.019330989569425583 278.58148193359375 0.04477860778570175 -0.01146657019853592 0.998928427696228 -1307.255615234375
* 0.9843794703483582 0.1737520396709442 -0.04103942587971687 -102.63228607177734 -0.17233602702617645 0.9843310117721558 -0.02429950051009655 280.30242919921875 0.03615671396255493 0.03139706701040268 0.9988501071929932 -1312.611572265625
* 0.9835939407348633 0.17327247560024261 -0.05828006565570831 -104.84087371826172 -0.17149384319782257 0.9847499132156372 -0.0074288733303546906 281.2593994140625 0.05608605593442917 0.01770687662065029 0.9982662796974182 -1312.5174560546875
* 0.9859838485717773 0.16895341873168945 -0.012947715818881989 -108.26660919189453 -0.16599906980991364 0.9852285385131836 0.03109395131468773 286.8256530761719 0.017995622009038925 -0.02810196951031685 0.9994404315948486 -1320.4903564453125
* 0.9872639775276184 0.16181567311286926 0.001582566648721695 -110.49398803710938 -0.1589871346950531 0.9839947819709778 0.07533327490091324 292.5813293457031 0.010621760040521622 -0.07421775907278061 0.9971828460693359 -1317.9486083984375
* 0.9877327680587769 0.1536993831396103 0.040464844554662704 -111.42150115966797 -0.15402308106422424 0.984487771987915 0.07911142706871033 299.1955871582031 -0.027685433626174927 -0.08396568149328232 0.9960813522338867 -1315.9052734375
* 0.9875669479370117 0.1547672152519226 0.04044173285365105 -111.05715942382813 -0.15498799085617065 0.9846104383468628 0.07562364637851715 306.1094970703125 -0.028123334050178528 -0.0805436223745346 0.9963515996932983 -1312.94189453125
* 0.987218976020813 0.1577634960412979 0.03723122924566269 -110.23748779296875 -0.15757091343402863 0.9846243858337402 0.0698864683508873 312.6314392089844 -0.02564244344830513 -0.07445209473371506 0.9968921542167664 -1309.6234130859375
* 0.9879805445671082 0.1572241336107254 0.0072040855884552 -110.87665557861328 -0.15487807989120483 0.9854834675788879 0.06350593268871307 320.9156188964844 0.0028760209679603577 -0.06345075368881226 0.997978150844574 -1314.5343017578125
* 0.9869796633720398 0.16202843189239502 -0.022246478125452995 -113.63805389404297 -0.15862473845481873 0.9861938953399658 0.038178056478500366 329.6197814941406 0.02811364457011223 -0.03374505043029785 0.9990323185920715 -1317.328369140625
* 0.9857682585716248 0.1581263691186905 -0.06429515779018402 -119.03553771972656 -0.15721441805362701 0.9869522452354431 -0.020165376365184784 337.7627868652344 0.0602552592754364 0.030391324311494827 0.9977176189422607 -1322.0745849609375
#
#
#
#
#
#
#
#
#
#
#
#
#
#
#
#
#
#
#
#
#
#
#
#
#
#
#
#
#
#
#
#
#
#
#
#
#
#
#
#
#
#
#
#
#
#
#
#
#
#
#
#
#
#
#
#
#
#
#
#
#
#
#
#
#
#
#
#
#
#
#
#
#
#
#
#
#
#
#
#
#
#
#
#
#
#
#
#
#
#
#
#
#
#
#
#
#
#
#
#
#
#
#
#
#
#
#
#
#
#
#
#
#
#
#
#
* 0.9726852178573608 -0.02227018028497696 -0.2310599386692047 -370.9090881347656 -0.034897033125162125 0.9700677990913391 -0.240306094288826 321.1993103027344 0.2294899970293045 0.24181091785430908 0.942795991897583 -1218.6534423828125
* 0.9917944073677063 -0.021404527127742767 -0.12604327499866486 -356.1156005859375 -0.0012940677115693688 0.9841831922531128 -0.1771385371685028 318.6817321777344 0.12783557176589966 0.1758534461259842 0.9760820269584656 -1245.419189453125
* 0.9992060661315918 -0.027284391224384308 0.029049981385469437 -349.1860046386719 0.03212674707174301 0.9826003313064575 -0.18292255699634552 313.8254699707031 -0.023559536784887314 0.18371598422527313 0.9826983213424683 -1284.2119140625
* 0.9961629509925842 -0.026929760351777077 -0.08327759802341461 -333.77337646484375 0.01382975559681654 0.9880040287971497 -0.1537952572107315 300.8069152832031 0.08641454577445984 0.15205875039100647 0.9845879673957825 -1299.6944580078125
* 0.9773575663566589 -0.015900086611509323 -0.2109982967376709 -304.7784729003906 -0.026800241321325302 0.9798592329025269 -0.1978732794523239 281.14239501953125 0.20988935232162476 0.19905313849449158 0.9572497606277466 -1283.135986328125
* 0.9724717140197754 -0.0013664072612300515 -0.23301883041858673 -276.82989501953125 -0.04387194663286209 0.9810426831245422 -0.18875035643577576 266.7479248046875 0.22885385155677795 0.19378267228603363 0.9539796113967896 -1281.019287109375
* 0.9866511225700378 0.00711625162512064 -0.1626957654953003 -253.70484924316406 -0.034640632569789886 0.9853737950325012 -0.16683727502822876 252.6584930419922 0.15912318229675293 0.17025126516819 0.972469687461853 -1277.4246826171875
* 0.9980365037918091 0.00703815370798111 -0.06224607676267624 -235.2877960205078 -0.015300130471587181 0.9910086393356323 -0.13290604948997498 236.75958251953125 0.06074502319097519 0.1336025893688202 0.9891731142997742 -1257.7392578125
* 0.9998995065689087 0.0016918797045946121 -0.014108896255493164 -222.77110290527344 -0.0018391301855444908 0.9999573230743408 -0.008844450116157532 224.58303833007813 0.014087282121181488 0.008874349296092987 0.9998629093170166 -1234.500732421875
* 0.9997624754905701 0.005319415125995874 0.02115708217024803 -215.134521484375 -0.005071547348052263 0.9999032616615295 -0.012804812751710415 216.15438842773438 -0.021229319274425507 0.012699303217232227 0.9996954798698425 -1215.0921630859375
* 0.9986671805381775 0.005310173612087965 -0.051346536725759506 -212.82080078125 -0.005967111326754093 0.9999057054519653 -0.012213700450956821 211.2674102783203 0.05127088725566864 0.012508643791079521 0.9986079335212708 -1201.08203125
* 0.9999877214431763 -0.0013307793997228146 0.004869528114795685 -216.66587829589844 0.0012167157838121057 0.9998208284378052 0.018791954964399338 211.13685607910156 -0.004899751394987106 -0.01878102496266365 0.9998131394386292 -1213.944091796875
* 0.9970782995223999 0.01870415359735489 -0.07406727969646454 -220.1294708251953 -0.02453753352165222 0.9966227412223816 -0.07834118604660034 207.93423461914063 0.07234585285186768 0.07993463426828384 0.9941728115081787 -1218.850341796875
* 0.9993826150894165 -0.004451319109648466 0.03486458212137222 -223.73617553710938 0.003934352658689022 0.9998889565467834 0.014243431389331818 209.71253967285156 -0.0349302664399147 -0.014092668890953064 0.9992919564247131 -1225.2196044921875
* 0.9971640706062317 -0.024570157751441002 0.07114042341709137 -223.7781524658203 0.013525258749723434 0.9883685111999512 0.15146324038505554 216.57373046875 -0.07404062151908875 -0.15006707608699799 0.9859011769294739 -1225.8048095703125
* 0.9950711727142334 -0.04192247614264488 0.089870385825634 -228.00067138671875 0.017082922160625458 0.9652237296104431 0.2608596980571747 241.6468963623047 -0.09768714010715485 -0.2580346465110779 0.9611861109733582 -1278.600341796875
* 0.9903168082237244 -0.0540313646197319 0.12788310647010803 -224.67550659179688 0.009489251300692558 0.945396900177002 0.32577764987945557 277.6134338378906 -0.1385088711977005 -0.32140570878982544 0.936758816242218 -1330.379638671875
#
#
#
#
#
#
#
#
#
#
#
#
#
#
#
#
#
#
#
#
#
#
#
#
#
#
#
#
#
#
#
#
#
#
#
#
#
#
#
#
#
#
#
#
#
#
#
#
#
#
#
#
#
* 0.9327656626701355 -0.12444556504487991 0.3383215069770813 -440.39520263671875 0.11629156768321991 0.9922243356704712 0.04435558617115021 255.40879821777344 -0.34121036529541016 -0.002029716968536377 0.9399847388267517 -1286.0179443359375
* 0.9820135831832886 -0.09358448535203934 0.16398513317108154 -418.7937316894531 0.09693681448698044 0.9952118396759033 -0.01253498438745737 227.70465087890625 -0.16202646493911743 0.028205420821905136 0.9863832592964172 -1270.84326171875
* 0.9882166981697083 -0.09121311455965042 0.12291371822357178 -399.5971984863281 0.09246624261140823 0.9957059025764465 -0.004506440833210945 204.70541381835938 -0.12197449058294296 0.015818407759070396 0.9924072027206421 -1257.4317626953125
* 0.9938269853591919 -0.07807346433401108 0.07881858199834824 -383.2972412109375 0.07978604733943939 0.9966350793838501 -0.01879528909921646 185.09544372558594 -0.07708558440208435 0.024967581033706665 0.9967118501663208 -1250.0751953125
* 0.9956892728805542 -0.07598341256380081 0.05319017171859741 -364.9753112792969 0.07710544764995575 0.9968356490135193 -0.01934099942445755 168.6478271484375 -0.05155191197991371 0.023358577862381935 0.9983970522880554 -1229.08251953125
* 0.9917025566101074 -0.0696396455168724 0.1080562025308609 -358.93035888671875 0.07422267645597458 0.9964802265167236 -0.038969844579696655 157.03834533691406 -0.10496166348457336 0.04666640982031822 0.9933806657791138 -1247.3487548828125
* 0.996009349822998 -0.055547695606946945 -0.06985294818878174 -334.0033264160156 0.051088523119688034 0.9966351985931396 -0.06409863382577896 140.7279510498047 0.07317876815795898 0.06027384474873543 0.9954956769943237 -1201.3123779296875
* 0.9932827353477478 -0.046822335571050644 -0.10581475496292114 -316.81640625 0.038472749292850494 0.996082067489624 -0.07962892949581146 134.0612335205078 0.1091289222240448 0.07502274215221405 0.9911923408508301 -1183.142333984375
* 0.9973962306976318 -0.042014915496110916 -0.058608658611774445 -306.6203918457031 0.0367840938270092 0.9954712986946106 -0.08766045421361923 130.3826446533203 0.06202661991119385 0.0852760449051857 0.9944246411323547 -1182.08447265625
* 0.9951581954956055 -0.04757101833820343 -0.08600341528654099 -293.82476806640625 0.04275473952293396 0.9974576234817505 -0.05701710283756256 124.80000305175781 0.08849745988845825 0.05306369066238403 0.994661808013916 -1168.34765625
* 0.9941012859344482 -0.04299110546708107 -0.09956781566143036 -282.3415222167969 0.036304228007793427 0.9970223307609558 -0.06803730875253677 122.93221282958984 0.10219666361808777 0.06402095407247543 0.9927017688751221 -1160.1240234375
* 0.9950329661369324 -0.036874521523714066 -0.09246108680963516 -273.4827575683594 0.0288881566375494 0.9958516955375671 -0.08628726005554199 125.531005859375 0.0952596515417099 0.08318733423948288 0.9919703602790833 -1161.839599609375
* 0.994412362575531 -0.03509229049086571 -0.09955864399671555 -262.3039855957031 0.02626066654920578 0.9957138299942017 -0.08868426084518433 126.11614227294922 0.10224437713623047 0.08557392656803131 0.9910716414451599 -1152.1724853515625
* 0.9972983002662659 -0.0382528156042099 -0.06270718574523926 -254.6803436279297 0.035149380564689636 0.9981364011764526 -0.04988962411880493 125.17457580566406 0.06449906527996063 0.047550398856401443 0.9967841506004333 -1150.1964111328125
* 0.9990943074226379 -0.04254148155450821 -3.980472683906555E-5 -249.76502990722656 0.04254057630896568 0.9990507364273071 -0.009416241198778152 120.99208068847656 4.4067949056625366E-4 0.009405706077814102 0.9999555945396423 -1153.750244140625
* 0.9980847239494324 -0.034824930131435394 0.05112054571509361 -245.5348663330078 0.03473042696714401 0.9993932247161865 0.0027622971683740616 114.70047760009766 -0.05118538439273834 -9.818840771913528E-4 0.9986885786056519 -1153.552978515625
* 0.9994527101516724 -0.03241811692714691 -0.006530821323394775 -239.39529418945313 0.032130975276231766 0.9986724257469177 -0.040270689874887466 108.58423614501953 0.007827993482351303 0.040038492530584335 0.9991673827171326 -1135.680908203125
* 0.9988654851913452 -0.03024071268737316 -0.03677733615040779 -235.44000244140625 0.030470678582787514 0.9995198845863342 0.0056723952293396 107.20020294189453 0.036588482558727264 -0.006786894053220749 0.9993072748184204 -1126.556884765625
* 0.9998372197151184 -0.01787702739238739 0.0022774934768676758 -234.4676055908203 0.017972299829125404 0.9984968900680542 -0.051784053444862366 106.9505615234375 -0.0013479739427566528 0.05181626230478287 0.9986556768417358 -1131.3404541015625
* 0.9994531869888306 -0.031455136835575104 0.010147346183657646 -232.3468475341797 0.03119935467839241 0.9992114901542664 0.024569226428866386 107.17127990722656 -0.010911829769611359 -0.024239497259259224 0.9996465444564819 -1131.0052490234375
* 0.9994010925292969 -0.03366844728589058 0.007929027080535889 -230.31729125976563 0.03362588211894035 0.9994190335273743 0.0056012943387031555 109.0884017944336 -0.008112662471830845 -0.005331613123416901 0.9999527931213379 -1129.0267333984375
* 0.9992779493331909 -0.029424672946333885 -0.024015065282583237 -227.87733459472656 0.029247848317027092 0.9995424747467041 -0.007734291255474091 110.86189270019531 0.024232007563114166 0.007026029285043478 0.9996815323829651 -1126.671142578125
* 0.9989649653434753 -0.028810948133468628 -0.03518349677324295 -224.4225311279297 0.028790796175599098 0.9995850324630737 -0.001115730032324791 110.96260833740234 0.03520139306783676 1.0132556781172752E-4 0.9993800520896912 -1119.294677734375
* 0.9982383847236633 -0.03137555718421936 0.05034597963094711 -226.64935302734375 0.029348568990826607 0.9987472295761108 0.04053262621164322 115.59615325927734 -0.05155431106686592 -0.03898393362760544 0.9979088306427002 -1135.8841552734375
* 0.9980513453483582 -0.032089948654174805 0.0535038523375988 -226.3459014892578 0.02933070808649063 0.998236894607544 0.0516054593026638 120.5403060913086 -0.055065203458070755 -0.04993589594960213 0.9972330927848816 -1136.3414306640625
* 0.998747706413269 -0.04163280501961708 0.027721654623746872 -225.14111328125 0.03755096346139908 0.9902278184890747 0.13430991768836975 125.59535217285156 -0.033042121678590775 -0.13310107588768005 0.9905512928962708 -1128.406982421875
* 0.9983447790145874 -0.040251508355140686 0.04106404259800911 -226.00909423828125 0.0365266315639019 0.9954707026481628 0.08777298033237457 131.77198791503906 -0.04441072791814804 -0.08612808585166931 0.9952935576438904 -1128.31884765625
* 0.9975245594978333 -0.019273126497864723 0.06761720776557922 -227.5027618408203 0.020890874788165092 0.9995107650756836 -0.023280829191207886 136.62127685546875 -0.06713511049747467 0.024635516107082367 0.9974395632743835 -1134.0882568359375
* 0.9991999864578247 -0.0255588386207819 0.03073977306485176 -224.64230346679688 0.02624369226396084 0.9994125962257385 -0.022042913362383842 138.070068359375 -0.030157990753650665 0.022831734269857407 0.9992842078208923 -1122.728759765625
* 0.9996134042739868 -0.01949136145412922 -0.01979728229343891 -221.27230834960938 0.019471261650323868 0.9998096823692322 -0.0012733526527881622 138.19871520996094 0.019818689674139023 8.871126919984818E-4 0.9998030066490173 -1111.94140625
* 0.9999021887779236 -0.012417655438184738 -0.006354307755827904 -220.7845458984375 0.011839023791253567 0.9963663220405579 -0.08434546738862991 139.9596710205078 0.007378947921097279 0.08426174521446228 0.9964161515235901 -1118.352783203125
* 0.9993900060653687 -0.017018914222717285 -0.03047577291727066 -218.01942443847656 0.01590672880411148 0.9992102980613708 -0.03641350567340851 141.07501220703125 0.03107178583741188 0.03590626269578934 0.9988718628883362 -1114.4012451171875
* 0.9982640743255615 -0.02429845742881298 -0.05364019796252251 -214.09666442871094 0.02371472492814064 0.9996525049209595 -0.011516723781824112 141.38108825683594 0.05390176177024841 0.010224390774965286 0.9984937906265259 -1107.40234375
* 0.9998617172241211 -0.007263122592121363 -0.014921095222234726 -212.7224578857422 0.006217929534614086 0.9975958466529846 -0.06902182847261429 142.65838623046875 0.015386898070573807 0.06891926378011703 0.9975034594535828 -1114.5008544921875
* 0.9983906745910645 -0.01881079003214836 -0.05348896235227585 -208.13995361328125 0.018108079209923744 0.9997434020042419 -0.013616081327199936 141.8709259033203 0.05373173579573631 0.012625325471162796 0.9984754323959351 -1104.8548583984375
* 0.9995011687278748 -0.010037253610789776 -0.02992519922554493 -205.99270629882813 0.008218061178922653 0.9981436133384705 -0.060348525643348694 142.32073974609375 0.030475743114948273 0.06007225066423416 0.9977285265922546 -1110.89208984375
* 0.9987261295318604 -0.01427438110113144 -0.048386625945568085 -201.6795196533203 0.0106907794252038 0.9972339868545532 -0.07355420291423798 141.64341735839844 0.049303095787763596 0.07294297218322754 0.996116578578949 -1106.105224609375
* 0.9979724884033203 -0.02042858675122261 -0.06027024984359741 -197.2427978515625 0.018920158967375755 0.9994954466819763 -0.02551478147506714 141.51942443847656 0.06076144427061081 0.02432246506214142 0.9978557825088501 -1098.677001953125
* 0.9995419979095459 -0.010218553245067596 -0.02846483141183853 -196.01513671875 0.008921246975660324 0.9989299178123474 -0.04538131132721901 143.0831298828125 0.028898466378450394 0.04510632902383804 0.9985639452934265 -1104.15771484375
* 0.9997557997703552 -0.019644511863589287 0.01005907915532589 -195.35848999023438 0.019964244216680527 0.9992691278457642 -0.032598379999399185 146.4239044189453 -0.009411001577973366 0.03279098495841026 0.9994177222251892 -1109.2581787109375
* 0.9995874762535095 -0.02858206257224083 0.0025808224454522133 -193.4356231689453 0.028419794514775276 0.998357892036438 0.04973714426159859 149.7992401123047 -0.0039978306740522385 -0.04964357987046242 0.9987587332725525 -1104.9544677734375
* 0.9994332790374756 -0.03345814347267151 0.0035124560818076134 -191.66177368164063 0.03319736570119858 0.9977390170097351 0.05843501538038254 153.68869018554688 -0.005459286272525787 -0.058285608887672424 0.9982847571372986 -1100.638916015625
* 0.9982776045799255 -0.03640295937657356 0.04599255323410034 -191.5503692626953 0.03403107076883316 0.9980996251106262 0.051369909197092056 159.99569702148438 -0.04777484014630318 -0.04971656575798988 0.9976198673248291 -1107.4368896484375
* 0.9993925094604492 -0.03370296210050583 0.00879480317234993 -188.44419860839844 0.03346266224980354 0.9990935325622559 0.02630777284502983 164.12164306640625 -0.009673137217760086 -0.025997791439294815 0.999614953994751 -1097.8790283203125
* 0.9997778534889221 -0.02060064859688282 -0.0042915744706988335 -186.1215362548828 0.020452123135328293 0.9992644190788269 -0.032434962689876556 165.25320434570313 0.0049569448456168175 0.032339729368686676 0.9994643926620483 -1086.65576171875
* 0.9976770877838135 -0.01963147521018982 -0.06522004306316376 -186.81358337402344 0.0178334079682827 0.9994470477104187 -0.02805762179195881 163.69677734375 0.06573517620563507 0.02682909369468689 0.9974761009216309 -1081.2261962890625
* 0.9983569979667664 -0.0151882478967309 -0.05523792281746864 -189.77291870117188 0.014272253029048443 0.9997540712356567 -0.016962751746177673 161.2245635986328 0.055482346564531326 0.016146253794431686 0.9983288645744324 -1082.3321533203125
* 0.9968798756599426 -0.017053570598363876 -0.0770595595240593 -191.9496307373047 0.018932659178972244 0.9995396137237549 0.02370360866189003 160.51358032226563 0.07662023603916168 -0.025088883936405182 0.9967444539070129 -1078.1134033203125
* 0.998860776424408 -0.01749264821410179 -0.04438035190105438 -195.5107421875 0.016686275601387024 0.9996893405914307 -0.01850491762161255 162.15606689453125 0.04469062760472298 0.017743030562996864 0.9988430738449097 -1084.115478515625
* 0.9990392327308655 -0.015607996843755245 -0.04093089699745178 -198.5031280517578 0.013496511615812778 0.998586893081665 -0.05139656737446785 163.6241912841797 0.04167561233043671 0.05079452693462372 0.9978389739990234 -1087.1212158203125
* 0.9995113611221313 -0.030368855223059654 0.007292427122592926 -204.82147216796875 0.030052172020077705 0.9987336993217468 0.04034312441945076 169.32667541503906 -0.00850806012749672 -0.04010456055402756 0.9991589784622192 -1104.6649169921875
* 0.9992337822914124 -0.033444974571466446 0.02028529904782772 -220.95982360839844 0.03041929379105568 0.9904335141181946 0.13459470868110657 186.43833923339844 -0.024592455476522446 -0.13387489318847656 0.990692675113678 -1154.9996337890625
* 0.9991744160652161 -0.020768195390701294 -0.034890856593847275 -264.25146484375 0.02345709688961506 0.9966400265693665 0.0784740075469017 226.05319213867188 0.033144209533929825 -0.0792279839515686 0.996304988861084 -1282.3880615234375
#
#
#
* 0.9854406714439392 0.014692041091620922 -0.1693805605173111 -338.14288330078125 -0.031893644481897354 0.994584321975708 -0.0989312008023262 254.83187866210938 0.1670028567314148 0.10289040952920914 0.9805728197097778 -1113.166748046875
* 0.9998176097869873 -0.011228346265852451 -0.015413056127727032 -338.36614990234375 0.009825699031352997 0.9963684678077698 -0.08459364622831345 249.64979553222656 0.016300009563565254 0.08442438393831253 0.996296226978302 -1076.8397216796875
* 0.9961700439453125 -0.014565976336598396 0.08620896935462952 -344.25994873046875 0.020988501608371735 0.9969812035560608 -0.074770987033844 248.98350524902344 -0.08486641943454742 0.07629165053367615 0.9934669733047485 -1090.246826171875
* 0.9909533858299255 -0.035089243203401566 0.12953387200832367 -348.1895751953125 0.04250480234622955 0.9975603818893433 -0.05540218949317932 244.7862091064453 -0.1272806078195572 0.06040458008646965 0.9900254607200623 -1120.0152587890625
* 0.9995770454406738 -0.007315308786928654 -0.028125062584877014 -332.03900146484375 0.0026084305718541145 0.9868152737617493 -0.16183829307556152 229.52658081054688 0.028931228443980217 0.1616940051317215 0.9864164590835571 -1097.0072021484375
* 0.9984602928161621 -0.010933272540569305 -0.05437095835804939 -316.9854431152344 0.002954196184873581 0.9896256327629089 -0.14364975690841675 221.824951171875 0.055370524525642395 0.14326554536819458 0.9881338477134705 -1077.6136474609375
* 0.9997790455818176 -0.020461151376366615 -0.004686310887336731 -312.7347106933594 0.01965394616127014 0.9919373393058777 -0.12520724534988403 220.96299743652344 0.007203485816717148 0.12508514523506165 0.992119550704956 -1089.4227294921875
* 0.9975152611732483 -0.03358820453286171 0.061918698251247406 -310.40057373046875 0.03940572962164879 0.9945752024650574 -0.09628158807754517 218.10401916503906 -0.05835575610399246 0.09848006814718246 0.9934262037277222 -1108.094970703125
* 0.9973883032798767 -0.02066188119351864 0.06919918209314346 -306.8764953613281 0.03052557073533535 0.9888778328895569 -0.14557373523712158 212.01065063476563 -0.06542855501174927 0.147303506731987 0.9869245290756226 -1129.8204345703125
* 0.9991119503974915 -0.041466422379016876 -0.007400922477245331 -293.6786193847656 0.040754225105047226 0.9964781403541565 -0.07330302149057388 199.91552734375 0.010407507419586182 0.07293414324522018 0.997282087802887 -1124.12939453125
* 0.9985468983650208 -0.0420854389667511 0.0336410216987133 -282.58544921875 0.04371057450771332 0.9977418184280396 -0.051024407148361206 188.13864135742188 -0.03142458200454712 0.052418604493141174 0.9981302618980408 -1126.0733642578125
* 0.990265429019928 -0.056419678032398224 0.12723951041698456 -273.8499755859375 0.05222504958510399 0.9980018734931946 0.035605538636446 176.18234252929688 -0.12900087237358093 -0.02861577644944191 0.9912310838699341 -1129.6595458984375
* 0.9981166124343872 -0.0447508879005909 0.04194394871592522 -262.84686279296875 0.04401852935552597 0.9988903999328613 0.016826290637254715 160.82423400878906 -0.042657285928726196 -0.01495032012462616 0.9989774823188782 -1118.385986328125
* 0.9897512793540955 -0.054859768599271774 0.131838858127594 -258.6535949707031 0.05007897689938545 0.9979902505874634 0.0388651005923748 151.86798095703125 -0.1337127387523651 -0.03186636418104172 0.9905072450637817 -1134.2467041015625
* 0.9869228005409241 -0.07618792355060577 0.1420472264289856 -251.71258544921875 0.05181070417165756 0.9844871759414673 0.1676415055990219 135.42141723632813 -0.15262259542942047 -0.15809126198291779 0.9755576252937317 -1141.03759765625
* 0.9872552156448364 -0.053272224962711334 0.1499592512845993 -240.6770477294922 0.04103359952569008 0.9956916570663452 0.08317071199417114 118.31085968017578 -0.15375050902366638 -0.07595925033092499 0.9851853847503662 -1131.6146240234375
* 0.9907628297805786 -0.03211590647697449 0.13174298405647278 -229.05715942382813 0.033040955662727356 0.9994414448738098 -0.005295455455780029 104.87913513183594 -0.13150601089000702 0.00959731638431549 0.991268515586853 -1105.7421875
* 0.9986034035682678 -0.02649925835430622 0.045691750943660736 -224.0950164794922 0.026914171874523163 0.9995911121368408 -0.009805196896195412 101.61036682128906 -0.04542006552219391 0.011019082739949226 0.9989067912101746 -1090.1280517578125
* 0.9961296916007996 -0.0477416105568409 0.07379083335399628 -226.5736846923828 0.03561902046203613 0.9869716763496399 0.15691132843494415 108.40787506103516 -0.08032746613025665 -0.15367747843265533 0.9848502278327942 -1098.212158203125
* 0.9959319829940796 -0.03997719660401344 0.08074654638767242 -230.27520751953125 0.033056192100048065 0.9958686828613281 0.08459164947271347 116.35608673095703 -0.08380149304866791 -0.08158032596111298 0.9931370615959167 -1102.15673828125
* 0.9982914328575134 -0.038975633680820465 0.043518487364053726 -231.85328674316406 0.03686007484793663 0.9982120990753174 0.04708424583077431 121.4973373413086 -0.04528267681598663 -0.04540172964334488 0.9979416131973267 -1095.1929931640625
* 0.9958649277687073 -0.04594401270151138 0.07836411893367767 -233.94512939453125 0.04095180332660675 0.9971471428871155 0.06343049556016922 126.67767333984375 -0.08106161653995514 -0.05996101349592209 0.9949035048484802 -1096.8404541015625
* 0.9976239204406738 -0.03563112020492554 0.05895579606294632 -233.07901000976563 0.037789806723594666 0.9986037611961365 -0.03695039451122284 130.52822875976563 -0.05756373330950737 0.03908837214112282 0.9975759387016296 -1093.1588134765625
* 0.9984340667724609 -0.037648268043994904 -0.04136230796575546 -228.2682342529297 0.038308367133140564 0.9991270303726196 0.016748569905757904 127.96788787841797 0.04068867862224579 -0.018308943137526512 0.9990037679672241 -1073.58349609375
* 0.9989885687828064 -0.04013420268893242 -0.0202444139868021 -230.17356872558594 0.0398113839328289 0.9991208910942078 -0.013240400701761246 126.86347961425781 0.02075106091797352 0.012418955564498901 0.9997071623802185 -1079.740966796875
* 0.9990130662918091 -0.0408971831202507 -0.017293231561779976 -233.5624542236328 0.04045194014906883 0.9989386796951294 -0.02208957076072693 125.63780212402344 0.01817133277654648 0.021366123110055923 0.999606192111969 -1085.4173583984375
* 0.9981224536895752 -0.04331101104617119 -0.04329507052898407 -239.91734313964844 0.04354178160429001 0.9990362524986267 0.005786066874861717 122.57003784179688 0.042995769530534744 -0.0076624006032943726 0.9990454912185669 -1094.3179931640625
* 0.9929866790771484 -0.035007938742637634 -0.11291912943124771 -245.68251037597656 0.03182253614068031 0.9990634322166443 -0.029366645961999893 117.05995178222656 0.1138344556093216 0.025565164163708687 0.9931703805923462 -1089.647216796875
* 0.9820672273635864 -0.0330062136054039 -0.18561619520187378 -254.22457885742188 0.03096172772347927 0.9994297027587891 -0.013582667335867882 113.73112487792969 0.18595166504383087 0.0075899530202150345 0.9825292229652405 -1086.24169921875
* 0.9986845254898071 -0.05124315619468689 0.0014181360602378845 -277.1030578613281 0.05107182636857033 0.9977282881736755 0.04396328330039978 110.40101623535156 -0.0036746859550476074 -0.04383497312664986 0.999031662940979 -1141.2889404296875
* 0.9806016087532043 -0.08863908052444458 0.17482125759124756 -280.3434143066406 0.06071190536022186 0.985449492931366 0.15876440703868866 96.58708953857422 -0.18635691702365875 -0.14507243037223816 0.971712052822113 -1129.2381591796875
* 0.9840503931045532 -0.0944710373878479 0.15072786808013916 -278.11236572265625 0.06427878886461258 0.9789851903915405 0.19354364275932312 83.12712097167969 -0.16585135459899902 -0.18076951801776886 0.9694405198097229 -1121.31982421875
* 0.998949408531189 -0.04390618950128555 0.01307976245880127 -275.96282958984375 0.04434213414788246 0.9982016682624817 -0.04037092253565788 72.46688842773438 -0.011290675960481167 0.040906377136707306 0.9990988373756409 -1144.6806640625
* 0.9808169603347778 -0.04082540050148964 -0.19060462713241577 -254.5503387451172 0.02418755553662777 0.9957832098007202 -0.08850777894258499 61.98758316040039 0.19340716302394867 0.08219747245311737 0.9776690006256104 -1106.3453369140625
* 0.9765547513961792 -0.04317845031619072 -0.21089106798171997 -237.2721405029297 0.028210915625095367 0.9969200491905212 -0.07319549471139908 56.44929504394531 0.2133949100971222 0.06552782654762268 0.9747655987739563 -1089.279541015625
* 0.9898092150688171 -0.035176217555999756 -0.13798189163208008 -226.1668243408203 0.03370631858706474 0.9993545413017273 -0.012545373290777206 54.819801330566406 0.1383270025253296 0.007764529436826706 0.9903557896614075 -1084.4859619140625
* 0.9879406690597534 -0.048590317368507385 0.1470065712928772 -227.74005126953125 0.03829948604106903 0.9966959953308105 0.07164638489484787 61.25215148925781 -0.1500089466571808 -0.0651540458202362 0.9865350723266602 -1120.2200927734375
* 0.9919216632843018 -0.06260369718074799 0.11032167822122574 -222.8544464111328 0.04070122912526131 0.9809141159057617 0.19014175236225128 68.39897918701172 -0.12012650817632675 -0.1841171681880951 0.9755355715751648 -1108.720703125
* 0.9959577918052673 -0.03268849849700928 0.08365482091903687 -220.8528594970703 0.03293352574110031 0.999456524848938 -0.0022629722952842712 75.52659606933594 -0.08354225754737854 0.0050066933035850525 0.9964912533760071 -1113.738525390625
* 0.9966306686401367 -0.02410675212740898 -0.07838889956474304 -213.59027099609375 0.019297773018479347 0.9979655146598816 -0.06079094111919403 78.96573638916016 0.07968785613775253 0.05907108634710312 0.9950677156448364 -1102.807373046875
* 0.9934898614883423 -0.02829512022435665 -0.11034443229436874 -205.95347595214844 0.022762909531593323 0.9984639286994934 -0.0505446121096611 82.89897155761719 0.11159804463386536 0.04770153760910034 0.992607593536377 -1099.491455078125
* 0.9965978264808655 -0.029164716601371765 -0.07707647979259491 -197.33059692382813 0.024866783991456032 0.998156726360321 -0.05538846179842949 84.67345428466797 0.07854273915290833 0.053281113505363464 0.9954856038093567 -1087.766845703125
* 0.9978615641593933 -0.03156541660428047 -0.057223767042160034 -192.01551818847656 0.03047037310898304 0.9993588924407959 -0.018879126757383347 85.08660125732422 0.05777595192193985 0.017092913389205933 0.998183012008667 -1082.6700439453125
* 0.9982177019119263 -0.04162837564945221 -0.04274502024054527 -188.96746826171875 0.04225243255496025 0.9989926815032959 0.015213953331112862 85.66766357421875 0.04206155985593796 -0.0169950183480978 0.9989702105522156 -1079.4927978515625
* 0.9975476861000061 -0.03899611160159111 -0.05810859054327011 -187.1260528564453 0.039497118443250656 0.999184787273407 0.008528565056622028 85.529296875 0.05772155895829201 -0.01080489344894886 0.9982739686965942 -1076.95068359375
* 0.996913731098175 -0.03908737003803253 -0.06807290017604828 -185.17507934570313 0.04052302613854408 0.9989652037620544 0.02072344720363617 85.57426452636719 0.06718534231185913 -0.023420114070177078 0.9974653720855713 -1076.0916748046875
* 0.9971805214881897 -0.04275264963507652 -0.061659857630729675 -183.12109375 0.04288092628121376 0.9990801811218262 0.0017251204699277878 86.02157592773438 0.06152230128645897 -0.004366390407085419 0.9980959296226501 -1078.0499267578125
* 0.9974703788757324 -0.03429993987083435 -0.062250230461359024 -180.77955627441406 0.03318274766206741 0.9992896914482117 -0.017945269122719765 86.25382995605469 0.06281448155641556 0.01583205722272396 0.9978994131088257 -1079.4609375
* 0.9979953169822693 -0.038173262029886246 -0.05046616867184639 -178.47987365722656 0.038819026201963425 0.9991622567176819 0.013069933280348778 85.94426727294922 0.04991791769862175 -0.015004902146756649 0.9986403584480286 -1078.252685546875
* 0.9986523389816284 -0.03490901738405228 -0.03838638588786125 -178.4136962890625 0.037038881331682205 0.9976372122764587 0.057887788861989975 82.66831970214844 0.036267850548028946 -0.059233661741018295 0.9975848197937012 -1079.4775390625
* 0.9970525503158569 -0.0397733673453331 -0.06559652090072632 -178.78208923339844 0.04305644333362579 0.9978042244911194 0.050355881452560425 81.35221862792969 0.06344260275363922 -0.05303387716412544 0.996575117111206 -1075.2982177734375
* 0.998252809047699 -0.0359509103000164 -0.046877652406692505 -179.77716064453125 0.03781288117170334 0.998454213142395 0.04076898843050003 82.4489974975586 0.04533247649669647 -0.04247243329882622 0.9980684518814087 -1075.894775390625
* 0.9969205260276794 -0.03819819167256355 -0.06847624480724335 -180.49383544921875 0.04073258861899376 0.9984900951385498 0.036893367767333984 82.42964935302734 0.0669565424323082 -0.03957106173038483 0.9969706535339355 -1074.384521484375
* 0.9979233145713806 -0.03833745792508125 -0.051749490201473236 -183.04994201660156 0.04099230095744133 0.9977831244468689 0.05245261639356613 84.57928466796875 0.04961682856082916 -0.0544670969247818 0.9972817897796631 -1081.3062744140625
* 0.9981840252876282 -0.03752584382891655 -0.04710766300559044 -184.4070587158203 0.038443673402071 0.9990617036819458 0.020016126334667206 86.54434967041016 0.046305302530527115 -0.02179289609193802 0.9986892938613892 -1079.489013671875
* 0.9983314871788025 -0.03385255113244057 -0.04676519334316254 -186.38348388671875 0.03373710438609123 0.9994301795959473 -0.001983577385544777 86.95149993896484 0.046798668801784515 4.003681242465973E-4 0.9989039301872253 -1079.507568359375
* 0.9947992563247681 -0.03608698770403862 -0.0952410027384758 -187.63937377929688 0.041093166917562485 0.997814416885376 0.051774390041828156 85.55746459960938 0.09315738826990128 -0.055420976132154465 0.9941074252128601 -1072.39697265625
* 0.9981372952461243 -0.03594512119889259 -0.04928065836429596 -192.82704162597656 0.035055968910455704 0.9992318749427795 -0.017595697194337845 84.2813949584961 0.04986824840307236 0.015833158046007156 0.9986299276351929 -1084.5615234375
* 0.9966354370117188 -0.03358292207121849 -0.07475731521844864 -196.08563232421875 0.034654587507247925 0.9993043541908264 0.013886600732803345 81.02677917480469 0.07423190772533417 -0.01643272303044796 0.9971052408218384 -1080.4686279296875
* 0.9968242049217224 -0.03446991369128227 -0.07177731394767761 -200.9479217529297 0.03548045828938484 0.9992781281471252 0.01368737779557705 77.98908996582031 0.07124665379524231 -0.016192743554711342 0.9973268508911133 -1083.361083984375
* 0.9962134957313538 -0.04014229774475098 -0.07710940390825272 -204.028564453125 0.04122249782085419 0.9990636706352234 0.013246036134660244 75.29978942871094 0.07649841904640198 -0.01637665368616581 0.9969347715377808 -1076.6959228515625
* 0.9982513785362244 -0.032079946249723434 -0.049635306000709534 -208.35299682617188 0.03249300643801689 0.9994351863861084 0.00874478928744793 76.43187713623047 0.04931972175836563 -0.010344509035348892 0.9987290501594543 -1081.55615234375
* 0.9989094138145447 -0.03579876944422722 -0.029950715601444244 -211.61961364746094 0.03679319843649864 0.9986966252326965 0.035413939505815506 78.61376190185547 0.02863689325749874 -0.03647945076227188 0.9989235997200012 -1083.1361083984375
* 0.9988817572593689 -0.038041919469833374 -0.028046397492289543 -212.76454162597656 0.03837760165333748 0.9991708993911743 0.013692310079932213 79.47357177734375 0.0274952482432127 -0.01475551351904869 0.9995126128196716 -1078.9193115234375
* 0.999294102191925 -0.03602737933397293 -0.010578745976090431 -214.43038940429688 0.036073535680770874 0.9993007183074951 0.009982472285628319 81.31354522705078 0.010204711928963661 -0.010359218344092369 0.999893844127655 -1084.1881103515625
* 0.9994173049926758 -0.03408430516719818 0.0013838540762662888 -214.9572296142578 0.034023135900497437 0.9994218349456787 0.0011277822777628899 82.87494659423828 -0.0014284681528806686 -0.0010822424665093422 0.9999979734420776 -1084.219482421875
* 0.9987741708755493 -0.04288194701075554 -0.024697184562683105 -215.36109924316406 0.044202204793691635 0.9973192811012268 0.05833663046360016 84.95951843261719 0.022122368216514587 -0.059358861297369 0.997991144657135 -1082.064453125
* 0.9990628361701965 -0.04308415576815605 0.003985298797488213 -216.690673828125 0.04275360703468323 0.9976825714111328 0.05295640230178833 88.2373046875 -0.0062646325677633286 -0.05273846909403801 0.9985882639884949 -1087.10107421875
* 0.999311089515686 -0.03620929643511772 -0.008056411519646645 -216.39169311523438 0.03641798347234726 0.9986853003501892 0.03611300140619278 90.87745666503906 0.006731197703629732 -0.03638366609811783 0.9993147850036621 -1080.4334716796875
* 0.9989523887634277 -0.03796709328889847 -0.025520451366901398 -216.5552978515625 0.038532357662916183 0.9989593625068665 0.02445565164089203 91.94550323486328 0.02455836348235607 -0.025415536016225815 0.9993749260902405 -1078.1817626953125
* 0.9987564086914063 -0.03915390744805336 -0.030843455344438553 -216.367919921875 0.03972240164875984 0.9990114569664001 0.020020220428705215 92.50001525878906 0.030022062361240387 -0.021222632378339767 0.9993236064910889 -1075.022216796875
