#
#
#
#
#
#
#
#
#
#
#
#
#
#
#
#
#
#
#
#
#
#
#
#
#
#
#
#
#
#
#
#
#
#
#
#
#
#
#
#
#
#
#
#
#
#
#
#
#
#
#
#
#
#
#
#
#
#
#
#
#
#
#
#
#
#
#
#
#
#
#
#
#
#
#
#
#
#
#
#
#
#
#
#
#
#
#
#
#
#
#
#
#
#
#
#
#
#
#
#
#
#
#
#
#
#
#
#
#
#
#
#
#
#
#
#
#
#
#
#
#
#
#
#
#
#
#
#
#
#
#
#
#
#
#
#
#
#
#
#
#
#
#
#
#
#
#
#
#
#
#
#
#
#
#
#
#
#
#
#
#
#
#
#
#
#
#
#
#
#
#
#
#
#
#
#
#
#
#
#
#
#
#
#
#
#
#
#
#
#
#
#
#
#
#
#
#
#
#
#
#
#
#
#
#
#
#
#
#
#
#
#
#
#
#
#
#
#
#
#
#
#
#
#
#
#
#
#
#
#
#
#
#
#
#
#
#
#
#
#
#
#
#
#
#
#
#
#
#
#
#
#
#
#
#
#
#
#
#
#
#
#
#
#
#
#
#
#
#
#
#
#
#
#
#
#
#
#
#
#
#
#
#
#
#
#
#
#
#
#
#
#
#
#
#
#
#
#
#
#
#
#
#
#
#
#
#
#
#
#
#
#
#
#
#
#
#
#
#
#
#
#
#
#
#
#
#
#
#
#
#
#
#
#
#
#
#
#
#
#
#
#
#
#
#
#
#
#
#
#
#
#
#
#
#
#
#
#
#
#
#
#
#
#
#
#
#
#
#
#
#
#
#
#
#
#
#
#
#
#
#
#
#
#
#
#
#
#
#
#
#
#
#
#
#
#
#
#
#
#
#
#
#
#
#
#
#
#
#
#
#
#
#
#
#
#
#
#
#
#
#
#
#
#
#
#
#
#
#
#
#
#
#
#
#
#
#
#
#
#
#
#
#
#
#
#
#
#
#
#
#
#
#
#
#
#
#
#
#
#
#
#
#
#
#
#
#
#
#
#
#
#
#
#
#
#
#
#
#
#
#
#
#
#
#
#
#
#
#
#
#
#
#
#
#
#
#
#
#
#
#
#
#
#
#
#
#
#
#
#
#
#
#
#
#
#
#
#
#
#
#
#
#
#
#
#
#
#
#
#
#
#
#
#
#
#
#
#
#
#
#
#
#
#
#
#
#
#
#
#
#
#
#
#
#
#
#
#
#
#
#
#
#
#
#
#
#
#
#
#
#
#
#
#
#
#
#
#
#
#
#
#
#
#
#
#
#
#
#
#
#
#
#
#
#
#
#
#
#
#
#
#
#
#
#
#
#
#
#
#
#
#
#
#
#
#
#
#
#
#
#
#
#
#
#
#
#
#
#
#
#
#
#
#
#
#
#
*1 0.9970512986183167 -0.01409182883799076 -0.07543489336967468 -221.8162841796875
*2 0.011823859997093678 0.9994681477546692 -0.03038967028260231 25.82536506652832
*3 0.07582349330186844 0.02940838783979416 0.9966874718666077 -538.63134765625
*1 0.9948104023933411 -3.9371277671307325E-4 -0.1017465889453888 -195.14572143554688
*2 -0.002813673112541437 0.9995045065879822 -0.03134936839342117 28.551450729370117
*3 0.10170898586511612 0.031473223119974136 0.9943162202835083 -536.2319946289063
*1 0.9828950762748718 0.007795599289238453 -0.18400217592716217 -166.6104278564453
*2 -0.01937260851264 0.9979380965232849 -0.06118861213326454 25.28391456604004
*3 0.18314623832702637 0.06370683014392853 0.9810192584991455 -537.47119140625
*1 0.984538733959198 -0.009995986707508564 -0.17488203942775726 -136.62667846679688
*2 0.0031602922827005386 0.9992220401763916 -0.03930594399571419 21.722061157226563
*3 0.17513933777809143 0.03814579173922539 0.9838044047355652 -535.704833984375
*1 0.9988713264465332 2.9928708681836724E-4 -0.04749699681997299 -120.4867172241211
*2 -2.973000518977642E-4 0.9999997615814209 1.100038643926382E-4 31.209815979003906
*3 0.0474974624812603 -9.551388211548328E-5 0.9988712072372437 -551.7640991210938
*1 0.9985206127166748 0.0012956794817000628 0.054359931498765945 -113.18065643310547
*2 -0.001782638835720718 0.9999590516090393 0.008857812732458115 48.49774932861328
*3 -0.054345790296792984 -0.008941376581788063 0.9984820485115051 -551.3524780273438
*1 0.999683678150177 0.003551946021616459 -0.02489801123738289 -119.02333068847656
*2 -0.0036395506467670202 0.9999876618385315 -0.003358832560479641 62.550941467285156
*3 0.024886207655072212 0.003448626957833767 0.99968421459198 -554.6834106445313
*1 0.9997725486755371 -0.009677997790277004 -0.019004933536052704 -138.52882385253906
*2 0.011090327054262161 0.9970591068267822 0.07582830637693405 82.27135467529297
*3 0.018215615302324295 -0.07602159678936005 0.9969395995140076 -571.3543090820313
*1 0.9956006407737732 0.01689867675304413 -0.09216231107711792 -159.3274688720703
*2 -0.014191802591085434 0.9994497299194336 0.029978161677718163 104.18907165527344
*3 0.09261860698461533 -0.028538081794977188 0.9952925443649292 -568.4707641601563
*1 0.9892351627349854 0.02770356647670269 -0.14368866384029388 -176.2117919921875
*2 -0.031185802072286606 0.999271035194397 -0.022019125521183014 113.56876373291016
*3 0.14297431707382202 0.026263386011123657 0.9893778562545776 -553.4434814453125
*1 0.9960075616836548 0.017156405374407768 -0.08760610222816467 -197.01385498046875
*2 -0.018229596316814423 0.9997684359550476 -0.011432455852627754 124.87339782714844
*3 0.08739010244607925 0.012984075583517551 0.9960896372795105 -558.9221801757813
*1 0.9991132020950317 0.021008983254432678 -0.036493148654699326 -205.2115020751953
*2 -0.02228635735809803 0.9991430640220642 -0.034876443445682526 131.71534729003906
*3 0.03572959452867508 0.0356590636074543 0.9987252950668335 -548.580810546875
*1 0.9987964034080505 0.01899651437997818 -0.04522494599223137 -207.91880798339844
*2 -0.02086048759520054 0.998939573764801 -0.041042376309633255 133.19232177734375
*3 0.04439776390790939 0.041936639696359634 0.9981335401535034 -545.9121704101563
*1 0.9992619156837463 0.01746758446097374 -0.03421882539987564 -207.1560516357422
*2 -0.01895064488053322 0.9988771080970764 -0.04342058673501015 130.5707244873047
*3 0.033422376960515976 0.04403725266456604 0.9984709024429321 -548.0745239257813
*1 0.999057412147522 0.01346454955637455 -0.0412723682820797 -203.99586486816406
*2 -0.015012797899544239 0.9991888999938965 -0.037364572286605835 125.24652099609375
*3 0.040736228227615356 0.03794921934604645 0.9984492659568787 -550.8269653320313
*1 0.9997686147689819 0.015099470503628254 -0.015336982905864716 -201.8893280029297
*2 -0.015424235723912716 0.9996585249900818 -0.021091390401124954 116.8509521484375
*3 0.015013705007731915 0.021323323249816895 0.9996601343154907 -554.2255249023438
*1 0.9992398619651794 0.011659426614642143 -0.037206124514341354 -197.54281616210938
*2 -0.012536190450191498 0.9996488690376282 -0.023341763764619827 105.13090515136719
*3 0.036921340972185135 0.023790698498487473 0.9990351796150208 -550.3519897460938
*1 0.9985828995704651 0.0030289499554783106 -0.05313751474022865 -191.82969665527344
*2 -0.003951218910515308 0.9998440742492676 -0.017205437645316124 96.5218505859375
*3 0.05307755619287491 0.017391273751854897 0.9984391331672668 -545.0697021484375
*1 0.9977743625640869 0.010154873132705688 -0.06590776145458221 -186.9783477783203
*2 -0.011867084540426731 0.9996017813682556 -0.02559588849544525 90.91390991210938
*3 0.06562203913927078 0.026321306824684143 0.99749755859375 -543.83056640625
*1 0.9987097978591919 0.003801674349233508 -0.05064494535326958 -184.8300323486328
*2 -0.00505875563248992 0.9996830224990845 -0.02465965785086155 86.12425994873047
*3 0.050535593181848526 0.024884292855858803 0.9984124302864075 -547.3554077148438
*1 0.998760998249054 0.0026637185364961624 -0.04969951510429382 -184.70907592773438
*2 -0.003647002624347806 0.9998002648353577 -0.019647005945444107 78.69296264648438
*3 0.04963771998882294 0.01980416104197502 0.9985712170600891 -545.1790161132813
*1 0.995814323425293 1.5582202468067408E-4 -0.091402567923069 -187.64662170410156
*2 -0.0011874919291585684 0.9999364614486694 -0.01120168436318636 72.58575439453125
*3 0.09139548987150192 0.01126357913017273 0.9957512617111206 -540.2731323242188
*1 0.9961298704147339 0.00789845921099186 -0.08754152804613113 -193.77450561523438
*2 -0.010628939606249332 0.9994709491729736 -0.030736109241843224 70.47021484375
*3 0.0872529074549675 0.03154788166284561 0.9956868290901184 -541.5606689453125
*1 0.9965692162513733 0.008710164576768875 -0.08230800926685333 -199.2027130126953
*2 -0.010583085007965565 0.9996948838233948 -0.02231181226670742 68.36830139160156
*3 0.08208903670310974 0.023106593638658524 0.9963573813438416 -538.8665161132813
*1 0.9966649413108826 0.003644601907581091 -0.08152569830417633 -206.48757934570313
*2 -0.004812346771359444 0.9998887181282043 -0.014096797443926334 68.28911590576172
*3 0.0814657211303711 0.014442363753914833 0.9965717196464539 -541.1588745117188
*1 0.9985977411270142 0.00939935352653265 -0.052104853093624115 -212.5068359375
*2 -0.011085914447903633 0.9994221925735474 -0.03212051838636398 69.8895263671875
*3 0.05177328735589981 0.032653357833623886 0.9981250166893005 -543.8765258789063
*1 0.9992756843566895 0.00465870276093483 -0.03777673840522766 -214.04354858398438
*2 -0.004410173278301954 0.9999673366546631 0.006733745336532593 71.84677124023438
*3 0.03780733048915863 -0.006562020629644394 0.9992636442184448 -540.5130615234375
*1 0.9987316727638245 0.006342438980937004 -0.049954865127801895 -214.44711303710938
*2 -0.007788843475282192 0.999555766582489 -0.02875635027885437 73.3699951171875
*3 0.04975074529647827 0.02910921722650528 0.9983375072479248 -540.36279296875
*1 0.997942328453064 0.007437639404088259 -0.06369075179100037 -213.30789184570313
*2 -0.009472262114286423 0.9994535446166992 -0.03165889158844948 75.23303985595703
*3 0.06342093646526337 0.032197289168834686 0.9974675178527832 -543.39501953125
*1 0.997329831123352 0.007146983407437801 -0.07268225401639938 -207.91903686523438
*2 -0.008880037814378738 0.9996837973594666 -0.02351069636642933 77.18559265136719
*3 0.07249169796705246 0.024093586951494217 0.9970780611038208 -542.0729370117188
*1 0.9986954927444458 0.004652573727071285 -0.05085550993680954 -204.45712280273438
*2 -0.0051340688951313496 0.9999433159828186 -0.009286530315876007 79.75828552246094
*3 0.05080987885594368 0.009535754099488258 0.9986629486083984 -544.7797241210938
*1 0.9985541701316833 0.004526103381067514 -0.05357018858194351 -200.49884033203125
*2 -0.005138556472957134 0.9999231100082397 -0.011248795315623283 83.30510711669922
*3 0.053515613079071045 0.011508048512041569 0.9985008239746094 -545.8575439453125
*1 0.9975244402885437 0.011412190273404121 -0.06939326971769333 -195.25445556640625
*2 -0.013592107221484184 0.9994270205497742 -0.030983515083789825 87.08773803710938
*3 0.06900038570165634 0.031850263476371765 0.9971082210540771 -543.7094116210938
*1 0.9966011643409729 0.009756053797900677 -0.08180198073387146 -188.580810546875
*2 -0.0115307392552495 0.9997079372406006 -0.02121732383966446 89.87088775634766
*3 0.081571564078331 0.022088682278990746 0.9964228272438049 -543.2637329101563
*1 0.9953204393386841 0.00966622307896614 -0.09614861011505127 -179.1853485107422
*2 -0.014883686788380146 0.9984474778175354 -0.053668245673179626 90.76776123046875
*3 0.09548104554414749 0.05484840273857117 0.9939191937446594 -544.0717163085938
*1 0.9928027987480164 0.01274633314460516 -0.11908386647701263 -166.96473693847656
*2 -0.01805546134710312 0.998885989189148 -0.043588533997535706 89.22369384765625
*3 0.11839609593153 0.045425187796354294 0.9919270277023315 -543.1122436523438
*1 0.9921708106994629 0.014886065386235714 -0.12400221079587936 -154.26747131347656
*2 -0.019509056583046913 0.9991562962532043 -0.03612929955124855 86.68536376953125
*3 0.12336024641990662 0.03826585412025452 0.991624116897583 -538.36279296875
*1 0.9947717785835266 0.011870559304952621 -0.10143581032752991 -146.0300750732422
*2 -0.014786181040108204 0.9994978308677673 -0.02801338955760002 83.6084213256836
*3 0.10105280578136444 0.02936703711748123 0.9944477081298828 -537.386474609375
*1 0.9970141053199768 0.009152884595096111 -0.07668106257915497 -142.9766082763672
*2 -0.010263337753713131 0.9998480677604675 -0.014064517803490162 78.4898910522461
*3 0.07654116302728653 0.014809784479439259 0.9969565868377686 -538.8286743164063
*1 0.9950248599052429 0.010506455786526203 -0.09907586127519608 -139.2289581298828
*2 -0.011717346496880054 0.9998634457588196 -0.011620530858635902 71.7139663696289
*3 0.09894070774316788 0.01272387895733118 0.9950122237205505 -536.4313354492188
*1 0.9953802227973938 0.007918125949800014 -0.09569009393453598 -136.99822998046875
*2 -0.009028582833707333 0.9998967051506042 -0.011148878373205662 66.19078063964844
*3 0.09559240192174911 0.011961599811911583 0.9953488707542419 -536.1306762695313
*1 0.9962015748023987 0.009886248037219048 -0.0865209624171257 -135.81671142578125
*2 -0.010269749909639359 0.9999390840530396 -0.003957172390073538 63.24012756347656
*3 0.08647704124450684 0.0048309750854969025 0.9962422847747803 -535.9059448242188
*1 0.9925757050514221 0.012320101261138916 -0.12100766599178314 -135.16200256347656
*2 -0.016991620883345604 0.9991470575332642 -0.037627093493938446 61.53871536254883
*3 0.12044134736061096 0.03940413519740105 0.9919382929801941 -532.453857421875
*1 0.9975417256355286 0.0077739618718624115 -0.06965138763189316 -135.0622100830078
*2 -0.01001000590622425 0.9994446635246277 -0.03177303820848465 60.578956604003906
*3 0.06936617940664291 0.03239242359995842 0.9970653653144836 -535.1807250976563
*1 0.9955822229385376 0.005512382835149765 -0.09373865276575089 -133.84071350097656
*2 -0.006357584614306688 0.9999416470527649 -0.008691634982824326 60.59016418457031
*3 0.09368573874235153 0.009249470196664333 0.9955589175224304 -534.5618896484375
*1 0.9976939558982849 0.006078783422708511 -0.06761081516742706 -134.2808074951172
*2 -0.006154043599963188 0.9999803304672241 -8.651172975078225E-4 61.87266540527344
*3 0.06760469079017639 0.001279481453821063 0.9977113604545593 -535.3814086914063
*1 0.9949623346328735 0.009400886483490467 -0.09981498122215271 -137.08877563476563
*2 -0.012110906653106213 0.9995737671852112 -0.026552196592092514 62.923011779785156
*3 0.09952326864004135 0.02762755937874317 0.9946516752243042 -536.7946166992188
*1 0.9960113763809204 0.009903359226882458 -0.08868323266506195 -139.68984985351563
*2 -0.010763855651021004 0.9998994469642639 -0.009199675172567368 63.49071502685547
*3 0.08858366310596466 0.01011783629655838 0.9960173964500427 -537.0257568359375
*1 0.9946008920669556 0.008674315176904202 -0.10341736674308777 -141.47830200195313
*2 -0.009324107319116592 0.9999395608901978 -0.0057753571309149265 61.96379089355469
*3 0.10336146503686905 0.006708733271807432 0.9946212768554688 -533.5900268554688
*1 0.9955328702926636 0.003499916521832347 -0.09435734152793884 -143.1477813720703
*2 -0.0041303145699203014 0.9999703168869019 -0.006457899697124958 60.681800842285156
*3 0.09433238208293915 0.006819074507802725 0.9955174922943115 -533.4252319335938
*1 0.9947726130485535 0.005700867157429457 -0.10196229070425034 -145.65267944335938
*2 -0.007534617558121681 0.9998167157173157 -0.017581991851329803 59.95585250854492
*3 0.10184381157159805 0.018258627504110336 0.9946328997612 -536.0569458007813
*1 0.9981278777122498 0.0023073325864970684 -0.06112867593765259 -147.60379028320313
*2 -0.0024689515121281147 0.9999934434890747 -0.0025243060663342476 59.093387603759766
*3 0.06112290918827057 0.0026708049699664116 0.9981268048286438 -537.57958984375
*1 0.9952587485313416 0.003770847339183092 -0.09719639271497726 -148.5654296875
*2 -0.004355269018560648 0.9999735355377197 -0.005773468408733606 58.52309036254883
*3 0.09717249870300293 0.006169712170958519 0.9952484965324402 -535.0336303710938
*1 0.9972890615463257 0.004373959731310606 -0.07346261292695999 -149.85775756835938
*2 -0.005469290539622307 0.9998769760131836 -0.014678848907351494 58.62464904785156
*3 0.07338982820510864 0.015041142702102661 0.9971899390220642 -535.5450439453125
*1 0.9973128437995911 0.0025809076614677906 -0.07322375476360321 -150.35287475585938
*2 -0.002802385250106454 0.9999915957450867 -0.0028853127732872963 59.13747787475586
*3 0.07321614772081375 0.0030830614268779755 0.9973113536834717 -536.425048828125
*1 0.9968551993370056 0.00564809562638402 -0.0790516659617424 -150.2241973876953
*2 -0.006172965746372938 0.9999603629112244 -0.006362698972225189 60.14501190185547
*3 0.07901304215192795 0.006830976344645023 0.9968501925468445 -538.2930297851563
*1 0.9958593845367432 0.0049628871493041515 -0.0907784253358841 -148.25440979003906
*2 -0.006393929477781057 0.9998598694801331 -0.01545011531561613 60.43111038208008
*3 0.09068945795297623 0.015966871753335 0.9957512021064758 -536.312255859375
*1 0.9965119957923889 0.0034466704819351435 -0.08338594436645508 -145.7715301513672
*2 -0.005338292568922043 0.999733567237854 -0.022439822554588318 60.54880142211914
*3 0.0832868292927742 0.022806979715824127 0.996264636516571 -534.6543579101563
*1 0.996509313583374 0.005365211516618729 -0.0833163633942604 -143.73951721191406
*2 -0.006426302716135979 0.9999015927314758 -0.01243972685188055 60.56034851074219
*3 0.08324186503887177 0.012932009994983673 0.9964454770088196 -533.7664184570313
*1 0.9949967861175537 0.006670416798442602 -0.09969040006399155 -141.78207397460938
*2 -0.00921286828815937 0.9996436834335327 -0.025036873295903206 60.62250518798828
*3 0.09948831051588058 0.025830335915088654 0.9947034120559692 -534.8389282226563
*1 0.9946872591972351 0.005409830715507269 -0.10280699282884598 -139.29429626464844
*2 -0.0065711261704564095 0.9999183416366577 -0.010933548212051392 60.710113525390625
*3 0.10273988544940948 0.011551312170922756 0.9946411848068237 -532.8455200195313
*1 0.995647668838501 0.006780123338103294 -0.0929577425122261 -138.23431396484375
*2 -0.008315857499837875 0.9998353123664856 -0.016113396733999252 61.32714080810547
*3 0.09283361583948135 0.016816584393382072 0.995539665222168 -534.3274536132813
*1 0.9961404800415039 0.00977647490799427 -0.08723529428243637 -137.68865966796875
*2 -0.012573791667819023 0.9994230270385742 -0.031542595475912094 60.866886138916016
*3 0.08687703311443329 0.03251802921295166 0.9956881999969482 -535.2041015625
*1 0.9950498342514038 0.01148573774844408 -0.09871899336576462 -137.08731079101563
*2 -0.012655854225158691 0.9998567700386047 -0.011206762865185738 60.61251449584961
*3 0.09857658296823502 0.01240096427500248 0.99505215883255 -533.8550415039063
*1 0.9942284822463989 0.010468234308063984 -0.10677830874919891 -136.7543182373047
*2 -0.010340981185436249 0.9999446272850037 0.0017715534195303917 60.74367141723633
*3 0.10679138451814651 -6.56825490295887E-4 0.9942811727523804 -531.595703125
*1 0.9954229593276978 0.0031040071044117212 -0.09552431106567383 -136.9965057373047
*2 -0.0012905423063784838 0.9998170137405396 0.019069386646151543 60.56971740722656
*3 0.09556648135185242 -0.018858514726161957 0.9952442646026611 -531.6630249023438
*1 0.9961148500442505 0.006615482736378908 -0.0878230556845665 -138.0572509765625
*2 -0.007148217875510454 0.999957799911499 -0.00572113785892725 60.62675476074219
*3 0.08778197318315506 0.006326991133391857 0.996119499206543 -534.049560546875
*1 0.9937983155250549 0.009221996180713177 -0.11082133650779724 -138.62261962890625
*2 -0.010153115727007389 0.9999176263809204 -0.007815506309270859 60.59279251098633
*3 0.11074058711528778 0.008892523124814034 0.9938094615936279 -534.1001586914063
*1 0.9971790313720703 0.006581671070307493 -0.07478143274784088 -139.86419677734375
*2 -0.007315469440072775 0.999927818775177 -0.00950569100677967 60.545310974121094
*3 0.07471394538879395 0.010026238858699799 0.9971544742584229 -533.869384765625
*1 0.9960783123970032 0.010424417443573475 -0.08786869794130325 -141.56053161621094
*2 -0.012020379304885864 0.9997721910476685 -0.017621658742427826 62.033424377441406
*3 0.08766544610261917 0.018609069287776947 0.9959760308265686 -535.580322265625
*1 0.9949805736541748 0.010839011520147324 -0.09948838502168655 -142.93655395507813
*2 -0.012018594890832901 0.999864399433136 -0.011236509308218956 63.10554504394531
*3 0.09935355931520462 0.012376125901937485 0.9949751496315002 -536.01171875
*1 0.9977096915245056 0.011288712732493877 -0.06670600175857544 -144.37310791015625
*2 -0.012338669039309025 0.9998065233230591 -0.015306769870221615 64.30397033691406
*3 0.06652077287435532 0.016095077618956566 0.9976551532745361 -536.5498657226563
*1 0.9944747686386108 0.009484955109655857 -0.10455383360385895 -145.16213989257813
*2 -0.010450608097016811 0.9999076128005981 -0.008665109053254128 64.9786376953125
*3 0.10446241497993469 0.009710194543004036 0.9944813251495361 -534.343994140625
*1 0.9984039068222046 0.005686446093022823 -0.05620306730270386 -147.4289093017578
*2 -0.0062611838802695274 0.9999301433563232 -0.01000525988638401 65.7703857421875
*3 0.056142717599868774 0.01034149993211031 0.9983690977096558 -537.7317504882813
*1 0.9965610504150391 0.009726341813802719 -0.08229836076498032 -147.91644287109375
*2 -0.010630246251821518 0.9998879432678223 -0.010518107563257217 66.99767303466797
*3 0.08218728750944138 0.011357094161212444 0.9965521097183228 -537.0919189453125
*1 0.996268093585968 0.013445978984236717 -0.08526832610368729 -148.84201049804688
*2 -0.015704529359936714 0.9995425343513489 -0.02583942376077175 68.68142700195313
*3 0.08488232642412186 0.02708238735795021 0.9960228204727173 -537.7538452148438
*1 0.9948112368583679 0.008781026117503643 -0.1013660877943039 -148.42166137695313
*2 -0.010552278719842434 0.9998008608818054 -0.01692301593720913 70.97386169433594
*3 0.101197749376297 0.017905157059431076 0.9947052001953125 -535.71484375
*1 0.9962058067321777 0.012036515399813652 -0.08620214462280273 -148.88648986816406
*2 -0.014439115300774574 0.9995235204696655 -0.027269914746284485 73.2502212524414
*3 0.08583328872919083 0.02841142937541008 0.9959043264389038 -536.0538940429688
*1 0.9968697428703308 0.009588604792952538 -0.07848923653364182 -149.6951446533203
*2 -0.01120529230684042 0.9997339248657227 -0.020147083327174187 76.32605743408203
*3 0.07827561348676682 0.020963817834854126 0.9967113137245178 -539.4310302734375
*1 0.9972108602523804 0.012060743756592274 -0.07366730272769928 -149.174072265625
*2 -0.013749895617365837 0.9996536374092102 -0.022426851093769073 78.69119262695313
*3 0.0733717530965805 0.02337753027677536 0.9970306754112244 -539.411376953125
*1 0.9939292073249817 0.014965061098337173 -0.10900753736495972 -148.00706481933594
*2 -0.018038345500826836 0.9994659423828125 -0.02723589725792408 79.8336181640625
*3 0.10854216665029526 0.029037177562713623 0.9936677813529968 -533.9814453125
*1 0.9955336451530457 0.012622375972568989 -0.09356928616762161 -148.87452697753906
*2 -0.014184937812387943 0.9997706413269043 -0.016022345051169395 79.25299072265625
*3 0.0933460220694542 0.017278378829360008 0.9954838156700134 -536.5767211914063
*1 0.9970647096633911 0.012290452606976032 -0.07558199018239975 -149.09194946289063
*2 -0.014877068810164928 0.9993202686309814 -0.03371736407279968 76.19866943359375
*3 0.07511666417121887 0.03474314510822296 0.9965692758560181 -539.9512939453125
*1 0.9956102967262268 0.00953293964266777 -0.09311823546886444 -148.3692169189453
*2 -0.012520577758550644 0.9994242191314697 -0.031522177159786224 70.67634582519531
*3 0.09276455640792847 0.032550010830163956 0.9951558113098145 -537.8568725585938
*1 0.9959070682525635 0.005701169837266207 -0.09021284431219101 -148.66552734375
*2 -0.00600438890978694 0.9999768733978271 -0.003058014903217554 64.71429443359375
*3 0.0901937484741211 0.0035875015892088413 0.9959176182746887 -537.12939453125
*1 0.9947894811630249 0.007113196887075901 -0.1017107293009758 -148.39918518066406
*2 -0.009041758254170418 0.9997878074645996 -0.01848442666232586 59.084381103515625
*3 0.10155808925628662 0.019308077171444893 0.9946420788764954 -534.3055419921875
*1 0.995265007019043 0.008215175941586494 -0.09685992449522018 -148.6861114501953
*2 -0.008473694324493408 0.9999610781669617 -0.002227888675406575 58.57284927368164
*3 0.09683828800916672 0.003038432216271758 0.9952952861785889 -535.8679809570313
*1 0.9969639778137207 0.004800884053111076 -0.07772725820541382 -148.92379760742188
*2 -0.005439025349915028 0.999953031539917 -0.007962972857058048 62.625457763671875
*3 0.07768581807613373 0.008361898362636566 0.9969425797462463 -538.5419921875
*1 0.9959098696708679 0.007680024020373821 -0.09003450721502304 -149.2386932373047
*2 -0.009680276736617088 0.9997156858444214 -0.02176838181912899 66.82023620605469
*3 0.08984215557575226 0.022551245987415314 0.9957004189491272 -537.6080322265625
*1 0.9974547028541565 0.004270849749445915 -0.07118641585111618 -150.536376953125
*2 -0.003741031978279352 0.9999635219573975 0.007615173701196909 66.4332504272461
*3 0.07121678441762924 -0.007329125888645649 0.9974337220191956 -537.3226318359375
*1 0.9961684942245483 0.007572509348392487 -0.08713655173778534 -151.68113708496094
*2 -0.008717238903045654 0.9998804330825806 -0.012731248512864113 64.46648406982422
*3 0.08703015744686127 0.013442398980259895 0.9961147904396057 -539.3208618164063
*1 0.9975519180297852 0.008263002149760723 -0.06945239752531052 -151.146240234375
*2 -0.00909537635743618 0.9998904466629028 -0.011635808274149895 64.39864349365234
*3 0.06934908032417297 0.012239359319210052 0.9975171685218811 -539.2099609375
#
*1 0.995924174785614 0.00914692785590887 -0.08972354978322983 -149.4984130859375
*2 -0.011313038878142834 0.9996753931045532 -0.022852309048175812 71.0372314453125
*3 0.08948464691638947 0.023769965395331383 0.9957044124603271 -539.0526733398438
*1 0.9950745701789856 0.010700538754463196 -0.09854456782341003 -148.81292724609375
*2 -0.013735409826040268 0.999472975730896 -0.029430948197841644 70.30107116699219
*3 0.098176971077919 0.030635297298431396 0.9946971535682678 -536.457275390625
*1 0.9959068298339844 0.011670867912471294 -0.08962266892194748 -149.55303955078125
*2 -0.01435770932585001 0.999488890171051 -0.02858024463057518 66.57542419433594
*3 0.08924257755279541 0.029745789244771004 0.9955655336380005 -539.5220336914063
*1 0.9969215393066406 0.007123026065528393 -0.07807386666536331 -148.72341918945313
*2 -0.008432464674115181 0.9998444318771362 -0.0155238201841712 64.49347686767578
*3 0.0779503881931305 0.016130145639181137 0.9968266487121582 -539.8773803710938
*1 0.9968051910400391 0.00453632278367877 -0.07973484694957733 -148.81906127929688
*2 -0.00648325402289629 0.9997087717056274 -0.02326398715376854 67.38833618164063
*3 0.0796053409576416 0.023702364414930344 0.9965445399284363 -539.6948852539063
*1 0.9972016215324402 0.004557871725410223 -0.07461269944906235 -149.66567993164063
*2 -0.004284779075533152 0.9999797344207764 0.004792086314409971 70.42739868164063
*3 0.07463227212429047 -0.004463222809135914 0.9972010850906372 -539.2607421875
*1 0.997093915939331 0.006298111751675606 -0.07591371238231659 -148.944091796875
*2 -0.008346146903932095 0.9996343851089478 -0.025733651593327522 73.07279205322266
*3 0.07572314143180847 0.026288215070962906 0.9967822432518005 -536.0591430664063
*1 0.9975734949111938 0.003975273109972477 -0.06949993222951889 -147.22793579101563
*2 -0.004723669961094856 0.9999435544013977 -0.009562788531184196 73.84908294677734
*3 0.06945724040269852 0.009863639250397682 0.9975360631942749 -536.4684448242188
*1 0.9989312887191772 0.007518284488469362 -0.04559088125824928 -147.7269744873047
*2 -0.009210247546434402 0.9993305802345276 -0.03541578724980354 76.43964385986328
*3 0.045293357223272324 0.03579360991716385 0.9983322024345398 -540.648681640625
*1 0.997302770614624 0.004164346493780613 -0.07327060401439667 -147.96849060058594
*2 -0.00503135658800602 0.9999309182167053 -0.010661827400326729 76.59075164794922
*3 0.073220394551754 0.010997483506798744 0.9972550868988037 -538.1820678710938
*1 0.9963391423225403 0.011354731395840645 -0.08472377806901932 -149.6217803955078
*2 -0.013212805613875389 0.9997020363807678 -0.02054370939731598 77.80278778076172
*3 0.08446454256772995 0.021583713591098785 0.9961926341056824 -540.2608032226563
*1 0.9967352747917175 0.009041661396622658 -0.08022382110357285 -149.63063049316406
*2 -0.01144817192107439 0.9995234608650208 -0.028680743649601936 81.55357360839844
*3 0.0799255296587944 0.0295012965798378 0.996364176273346 -540.8609619140625
*1 0.9997428059577942 0.004057747777551413 -0.022286556661128998 -148.74139404296875
*2 -0.004590556491166353 0.9997768998146057 -0.02063911408185959 85.47431945800781
*3 0.022197052836418152 0.020731886848807335 0.9995386004447937 -542.9386596679688
*1 0.9958441257476807 0.01113133691251278 -0.09038452059030533 -145.81861877441406
*2 -0.01403827778995037 0.9994280338287354 -0.030784236267209053 86.62140655517578
*3 0.08998942375183105 0.0319209061563015 0.995431125164032 -539.591552734375
*1 0.9953625202178955 0.012621153146028519 -0.09535667300224304 -142.92758178710938
*2 -0.013971819542348385 0.999821662902832 -0.012747599743306637 85.83793640136719
*3 0.09517805278301239 0.014016550034284592 0.9953615665435791 -534.936767578125
*1 0.996347963809967 0.010431482456624508 -0.08473953604698181 -142.81817626953125
*2 -0.011745460331439972 0.9998312592506409 -0.014164400286972523 87.09477996826172
*3 0.08457675576210022 0.015103732235729694 0.9963024258613586 -539.0861206054688
*1 0.9965763092041016 0.011692511849105358 -0.08183948695659637 -143.2056121826172
*2 -0.01405574381351471 0.9995242953300476 -0.027469811961054802 88.03474426269531
*3 0.08147864788770676 0.028521835803985596 0.9962668418884277 -540.3358154296875
*1 0.9977404475212097 0.01008437480777502 -0.06641611456871033 -144.78854370117188
*2 -0.011172945611178875 0.9998263716697693 -0.014943618327379227 89.6468734741211
*3 0.06625314801931381 0.01564767211675644 0.9976800680160522 -540.7432861328125
*1 0.9981944561004639 0.0101418886333704 -0.05919073894619942 -146.8138427734375
*2 -0.010805332101881504 0.9998953342437744 -0.009670249186456203 95.16181182861328
*3 0.059085726737976074 0.010288119316101074 0.9981998801231384 -543.9091796875
*1 0.9991758465766907 0.009221606887876987 -0.03951464593410492 -147.68882751464844
*2 -0.00966478232294321 0.9999114871025085 -0.009197117760777473 97.8547592163086
*3 0.03942558169364929 0.009567189030349255 0.9991767406463623 -542.2125244140625
*1 0.998119056224823 0.0062726521864533424 -0.06097395718097687 -147.46031188964844
*2 -0.006701343692839146 0.9999620914459229 -0.005637038499116898 98.312255859375
*3 0.06093551963567734 0.00603080028668046 0.9981235265731812 -539.1188354492188
*1 0.9989218711853027 0.00981537438929081 -0.045360416173934937 -147.6221923828125
*2 -0.010994820855557919 0.9996467232704163 -0.024216046556830406 96.24124145507813
*3 0.0451059527695179 0.024684425443410873 0.9986772537231445 -539.1796875
*1 0.9981960654258728 0.00780502799898386 -0.059519074857234955 -146.835205078125
*2 -0.00883724819868803 0.9998353123664856 -0.01587667502462864 93.77477264404297
*3 0.059384603053331375 0.0163697749376297 0.998100996017456 -539.1803588867188
*1 0.9983430504798889 0.006673612166196108 -0.0571441575884819 -147.19847106933594
*2 -0.006301741115748882 0.9999489188194275 0.007954871281981468 94.5621109008789
*3 0.057193558663129807 -0.007585832849144936 0.9983343482017517 -538.6180419921875
*1 0.9986628890037537 0.006206237245351076 -0.05131087824702263 -149.91348266601563
*2 -0.006057539489120245 0.9999721050262451 0.004467466846108437 100.86559295654297
*3 0.05133640393614769 -0.004154925234615803 0.9986729025840759 -543.4354248046875
*1 0.9970266819000244 0.013144465163350105 -0.0759194865822792 -149.9844970703125
*2 -0.014192952774465084 0.9998236894607544 -0.012328537181019783 105.03306579589844
*3 0.07574331760406494 0.013365163467824459 0.9970378875732422 -539.896484375
*1 0.9987183809280396 0.009939227253198624 -0.049614161252975464 -151.19171142578125
*2 -0.010945243760943413 0.9997679591178894 -0.018576698377728462 108.44302368164063
*3 0.04941725358366966 0.019091695547103882 0.9985958337783813 -542.3074340820313
*1 0.9971801042556763 0.0060930438339710236 -0.07478879392147064 -149.92898559570313
*2 -0.007163209840655327 0.9998892545700073 -0.013076972216367722 110.2339096069336
*3 0.07470007240772247 0.013571593910455704 0.997113823890686 -539.753173828125
*1 0.9975442290306091 0.013392210938036442 -0.06873691827058792 -150.0743408203125
*2 -0.016080740839242935 0.9991621971130371 -0.03764563426375389 111.22421264648438
*3 0.06817445904016495 0.038654301315546036 0.9969244599342346 -541.6972045898438
*1 0.9965687394142151 0.013310541398823261 -0.08168362081050873 -149.2417755126953
*2 -0.015925897285342216 0.999406635761261 -0.030556581914424896 111.10894012451172
*3 0.08122772723436356 0.031748391687870026 0.9961899518966675 -539.3973388671875
*1 0.9977585077285767 0.008577806875109673 -0.06635478883981705 -148.7379913330078
*2 -0.009026587009429932 0.9999452829360962 -0.005370395723730326 114.05146026611328
*3 0.06630434095859528 0.005953083746135235 0.9977817535400391 -541.0574951171875
*1 0.9996791481971741 0.008036354556679726 -0.02399379387497902 -149.0470428466797
*2 -0.00844991859048605 0.9998647570610046 -0.014140063896775246 119.27106475830078
*3 0.023876145482063293 0.014334043487906456 0.9996122121810913 -544.00341796875
*1 0.9989649653434753 0.010101787745952606 -0.04433544725179672 -148.2935333251953
*2 -0.010472867637872696 0.9999244213104248 -0.00650391960516572 122.10726928710938
*3 0.044265639036893845 0.006957283243536949 0.9989956617355347 -540.8250732421875
*1 0.998420000076294 0.008837699890136719 -0.0554799810051918 -148.9231414794922
*2 -0.010443273931741714 0.999570369720459 -0.027401065453886986 125.00676727294922
*3 0.05521323159337044 0.027932951226830482 0.9980838298797607 -542.0842895507813
*1 0.9984086751937866 0.008974178694188595 -0.05566130578517914 -148.0696258544922
*2 -0.010270699858665466 0.999711275100708 -0.021740533411502838 126.53915405273438
*3 0.05544937774538994 0.02227340266108513 0.9982131123542786 -539.7091064453125
*1 0.9995169639587402 0.003838254138827324 -0.03081863559782505 -148.25592041015625
*2 -0.004159197211265564 0.9999597668647766 -0.007996841333806515 128.83050537109375
*3 0.030785920098423958 0.008116930723190308 0.9994931817054749 -541.4519653320313
*1 0.9995083212852478 0.009622633457183838 -0.02982012927532196 -148.2888946533203
*2 -0.01053361315280199 0.999550461769104 -0.028084607794880867 131.49012756347656
*3 0.02953573316335678 0.02838069200515747 0.999160885810852 -541.9530029296875
*1 0.9990067481994629 0.006465734913945198 -0.04407369717955589 -147.65391540527344
*2 -0.007234672550112009 0.9998517036437988 -0.015657756477594376 133.14007568359375
*3 0.043965160846710205 0.015956833958625793 0.9989057779312134 -539.8406372070313
*1 0.999584972858429 0.010540444403886795 -0.02678416669368744 -147.69215393066406
*2 -0.011590130627155304 0.9992637634277344 -0.03658793494105339 134.21188354492188
*3 0.026378046721220016 0.03687896206974983 0.998971700668335 -542.5548706054688
*1 0.9992677569389343 0.004794876091182232 -0.037941962480545044 -147.4740447998047
*2 -0.005829728674143553 0.9996637105941772 -0.025288943201303482 135.5202178955078
*3 0.03780718892812729 0.025487404316663742 0.9989601373672485 -541.9912109375
*1 0.9991065263748169 0.007624759804457426 -0.041551485657691956 -147.7327117919922
*2 -0.008751041255891323 0.9996438026428223 -0.025233609601855278 135.95716857910156
*3 0.04134354367852211 0.02557048574090004 0.9988178610801697 -539.6552124023438
*1 0.9980968236923218 0.010830197483301163 -0.060695111751556396 -149.2794952392578
*2 -0.012653537094593048 0.9995132684707642 -0.028533365577459335 137.0594024658203
*3 0.06035583093762398 0.029242880642414093 0.9977485537528992 -541.0048217773438
*1 0.9990672469139099 0.011241771280765533 -0.04167261719703674 -151.0186767578125
*2 -0.013470878824591637 0.9985653758049011 -0.05183195695281029 139.49252319335938
*3 0.0410294383764267 0.0523407980799675 0.9977861642837524 -545.4298095703125
*1 0.9982467293739319 0.009031036868691444 -0.05848243832588196 -149.9870147705078
*2 -0.010725433938205242 0.9995653033256531 -0.02747567743062973 139.79571533203125
*3 0.058208175003528595 0.028050554916262627 0.9979104399681091 -540.6510009765625
*1 0.9985628128051758 0.010484138503670692 -0.052542202174663544 -150.899169921875
*2 -0.012023377232253551 0.9995450973510742 -0.02767404168844223 140.23025512695313
*3 0.0522274523973465 0.028261806815862656 0.9982354044914246 -541.581787109375
*1 0.9986051321029663 0.010862834751605988 -0.05165201798081398 -150.9784698486328
*2 -0.011864624917507172 0.9997730851173401 -0.01771528087556362 140.47572326660156
*3 0.051447149366140366 0.018299205228686333 0.9985082149505615 -540.2530517578125
*1 0.9985977411270142 0.010826979763805866 -0.05180177465081215 -151.46267700195313
*2 -0.0122659457847476 0.9995837807655334 -0.026130346581339836 141.40965270996094
*3 0.05149659141898155 0.026724914088845253 0.998315691947937 -541.2933959960938
*1 0.9984340667724609 0.009355276823043823 -0.055135760456323624 -151.46981811523438
*2 -0.01088638138025999 0.9995976686477661 -0.026210714131593704 141.46444702148438
*3 0.05486764758825302 0.026765722781419754 0.998134970664978 -541.0476684570313
*1 0.9991210699081421 0.010210818611085415 -0.04063106328248978 -150.81338500976563
*2 -0.011224836111068726 0.9996727705001831 -0.023007318377494812 141.58834838867188
*3 0.040382109582424164 0.023438993841409683 0.9989094138145447 -540.5999755859375
*1 0.9980893135070801 0.01501627080142498 -0.05991896241903305 -150.57608032226563
*2 -0.018046312034130096 0.9986301064491272 -0.0491240993142128 142.43165588378906
*3 0.05909852683544159 0.05010738596320152 0.9969938397407532 -540.3287353515625
*1 0.9989665150642395 0.005605816841125488 -0.04508236050605774 -151.0047607421875
*2 -0.006881390232592821 0.9996236562728882 -0.026571519672870636 143.6927947998047
*3 0.04491569846868515 0.026850108057260513 0.9986299276351929 -541.7316284179688
*1 0.9987135529518127 0.008459522388875484 -0.04997624456882477 -151.38914489746094
*2 -0.010129102505743504 0.9994437098503113 -0.031787123531103134 145.70233154296875
*3 0.049678828567266464 0.03224825859069824 0.9982445240020752 -544.38330078125
#
#
#
*1 0.9982945919036865 0.011920703575015068 -0.05714016780257225 -153.27818298339844
*2 -0.013180742040276527 0.9996856451034546 -0.021361716091632843 144.98927307128906
*3 0.056865524500608444 0.02207910269498825 0.9981377720832825 -540.430419921875
#
#
#
#
#
#
#
#
#
#
#
#
#
#
#
#
#
#
#
#
#
#
#
#
#
#
#
#
#
#
#
#
#
#
#
#
#
#
#
#
#
#
#
#
#
#
#
#
#
#
#
#
#
#
#
#
#
#
#
#
#
#
#
#
#
#
#
#
#
*1 0.9983984231948853 0.004958698060363531 -0.056359149515628815 -168.23458862304688
*2 -0.006453155539929867 0.9996353983879089 -0.026213986799120903 138.56053161621094
*3 0.056208156049251556 0.026536747813224792 0.9980664253234863 -528.3448486328125
*1 0.9987442493438721 0.0032574955839663744 -0.04999680444598198 -167.9982452392578
*2 -0.00409130472689867 0.9998568296432495 -0.016413614153862 133.19598388671875
*3 0.0499357245862484 0.016598600894212723 0.9986146092414856 -528.412109375
*1 0.9989038109779358 2.7087650960311294E-4 -0.04681393504142761 -168.74029541015625
*2 -0.001609672443009913 0.9995957612991333 -0.02838137559592724 128.87115478515625
*3 0.04678688198328018 0.02842666581273079 0.998500406742096 -529.4987182617188
*1 0.9978746771812439 0.004939054138958454 -0.06497810035943985 -167.79380798339844
*2 -0.006804610602557659 0.9995736479759216 -0.028389621526002884 124.38385772705078
*3 0.06480972468852997 0.028772475197911263 0.9974828362464905 -526.8010864257813
*1 0.9981524348258972 0.006388398818671703 -0.06042572483420372 -165.51492309570313
*2 -0.008396508172154427 0.9994233846664429 -0.03289666026830673 120.00845336914063
*3 0.06018025800585747 0.03334427997469902 0.9976304769515991 -528.7664794921875
*1 0.9991471171379089 -7.015964947640896E-4 -0.0412914901971817 -161.0363311767578
*2 -0.0015234318561851978 0.9985599517822266 -0.0536249615252018 113.627685546875
*3 0.041269198060035706 0.053643159568309784 0.9977070093154907 -529.4159545898438
*1 0.9984228610992432 -0.003694122890010476 -0.05602308735251427 -155.49147033691406
*2 0.0028479553293436766 0.9998830556869507 -0.015025201253592968 106.09912872314453
*3 0.05607159063220024 0.014842988923192024 0.9983164668083191 -528.268310546875
*1 0.9986647963523865 -0.002325541339814663 -0.05161193758249283 -149.1755828857422
*2 3.375374944880605E-4 0.9992651343345642 -0.03832961618900299 96.95016479492188
*3 0.05166269838809967 0.03826205059885979 0.9979314208030701 -529.0625
*1 0.9957548975944519 0.006589285098016262 -0.09181242436170578 -139.4773406982422
*2 -0.008866325952112675 0.9996649622917175 -0.024322671815752983 90.29595184326172
*3 0.09162091463804245 0.025034472346305847 0.9954793453216553 -523.5381469726563
*1 0.9967145919799805 0.007058425806462765 -0.08069115877151489 -132.097412109375
*2 -0.010187465697526932 0.999213457107544 -0.03832654282450676 89.65965270996094
*3 0.0803566724061966 0.03902366757392883 0.9960021376609802 -523.716796875
*1 0.9972325563430786 0.0058260029181838036 -0.07412295788526535 -128.61569213867188
