#
#
#
#
#
#
#
#
#
#
#
#
#
#
#
#
#
#
#
#
#
#
#
#
#
#
#
#
#
#
#
#
#
#
#
#
#
#
#
#
#
#
#
#
#
#
#
#
#
#
#
#
#
#
#
#
#
#
#
#
#
#
#
#
#
#
#
#
#
#
#
#
#
#
#
#
#
#
#
#
#
#
#
#
#
#
#
#
#
#
#
#
#
#
#
#
#
#
#
#
#
#
#
#
#
#
#
#
#
#
#
#
#
#
#
#
#
#
#
#
#
#
#
#
#
#
#
#
#
#
#
#
#
#
#
#
#
#
#
#
#
#
#
#
#
#
#
#
#
#
#
#
#
#
#
#
#
#
#
#
#
#
#
#
#
#
#
#
#
#
#
#
#
#
#
#
#
#
#
#
#
#
#
#
#
#
#
#
#
#
#
#
#
#
#
#
#
#
#
#
#
#
#
#
#
#
#
#
#
#
#
#
#
#
#
#
#
#
#
#
#
#
#
#
#
#
#
#
#
#
#
#
#
#
#
#
#
#
#
#
#
#
#
#
#
#
#
#
#
#
#
#
#
#
#
#
#
#
#
#
#
#
#
#
#
#
#
#
#
#
#
#
#
#
#
#
#
#
#
#
#
#
#
#
#
#
#
#
#
#
#
#
#
#
#
#
#
#
#
#
#
#
#
#
#
#
#
#
#
#
#
#
#
#
#
#
#
#
#
#
#
#
#
#
#
#
#
#
#
#
#
#
#
#
#
#
#
#
#
#
#
#
#
#
#
#
#
#
#
#
#
#
#
#
#
#
#
#
#
#
#
#
#
#
#
#
#
#
#
#
#
#
#
#
#
#
#
#
#
#
#
#
#
#
#
#
#
#
#
#
#
#
#
#
#
#
#
#
#
#
#
#
#
#
#
#
#
#
#
#
#
#
#
#
#
#
#
#
#
#
#
#
#
#
#
#
#
#
#
#
#
#
#
#
#
#
#
#
#
#
#
#
#
#
#
#
#
#
#
#
#
#
#
#
#
#
#
#
#
#
#
#
#
#
#
#
#
#
#
#
#
#
#
#
#
#
#
#
#
#
#
#
#
#
#
#
#
#
#
#
#
#
#
#
#
#
#
#
#
#
#
#
#
#
#
#
#
#
#
#
#
#
#
#
#
#
#
#
#
#
#
#
#
#
#
#
#
#
#
#
#
#
#
#
#
#
#
#
#
#
#
#
#
#
#
#
#
#
#
#
#
#
#
#
#
#
#
#
#
#
#
#
#
#
#
#
#
#
#
#
#
#
#
#
#
#
#
#
#
#
#
#
#
#
#
#
#
#
#
#
#
#
#
#
#
#
#
#
#
#
#
#
#
#
#
#
#
#
#
#
#
#
#
#
#
#
#
#
#
#
#
#
#
#
#
#
#
#
#
#
#
#
#
#
#
#
#
#
#
#
#
#
#
#
#
#
#
#
#
#
#
#
#
#
#
#
#
#
#
#
#
#
#
#
#
#
#
#
#
#
#
#
#
#
#
#
#
#
#
#
#
#
#
#
#
#
#
#
#
#
#
#
#
#
#
#
#
#
#
#
#
#
#
#
#
#
#
#
#
#
#
#
#
#
#
#
#
#
#
#
#
#
#
#
#
#
#
#
#
#
#
#
#
#
#
#
#
#
#
#
#
#
#
#
#
#
#
#
#
#
#
#
#
#
#
#
#
#
#
#
#
#
#
#
#
#
#
#
#
#
#
#
#
#
#
#
#
#
#
#
#
#
#
#
#
#
#
#
#
#
#
#
#
#
#
#
#
#
#
#
#
#
#
#
#
#
#
#
#
#
#
#
#
#
#
*1 0.355476051568985 0.6500332951545715 -0.6715905070304871 231.3197784423828
*1 0.355476051568985 0.6500332951545715 -0.6715905070304871 231.3197784423828
*2 -0.12200820446014404 0.7446662783622742 0.6561903357505798 128.6849822998047
*1 0.355476051568985 0.6500332951545715 -0.6715905070304871 231.3197784423828
*2 -0.12200820446014404 0.7446662783622742 0.6561903357505798 128.6849822998047
*3 0.9266706109046936 -0.1513541340827942 0.3440539836883545 -1592.3551025390625
#
#
#
#
#
#
#
#
#
#
#
#
#
#
#
#
#
*1 0.8780176043510437 0.09756124019622803 -0.46878287196159363 -5.987421989440918
*1 0.8780176043510437 0.09756124019622803 -0.46878287196159363 -5.987421989440918
*2 0.47615212202072144 -0.07919497787952423 0.8756533861160278 -1.9921846389770508
*1 0.8780176043510437 0.09756124019622803 -0.46878287196159363 -5.987421989440918
*2 0.47615212202072144 -0.07919497787952423 0.8756533861160278 -1.9921846389770508
*3 0.04692218452692032 -0.9921129941940308 -0.11604633182287216 6.9120283126831055
#
#
#
#
#
#
#
#
#
#
#
#
#
#
#
#
#
#
#
#
#
#
#
#
#
#
#
#
#
#
#
#
#
#
#
#
#
#
#
#
#
#
#
#
#
#
#
#
#
#
#
#
#
#
#
#
#
#
#
#
#
#
#
#
#
#
#
#
#
#
#
#
#
#
#
#
#
#
#
*1 -0.29782187938690186 0.8500272631645203 -0.4344690144062042 228.3522491455078
*1 -0.29782187938690186 0.8500272631645203 -0.4344690144062042 228.3522491455078
*2 -0.4742274582386017 0.2632535696029663 0.8401226997375488 112.31640625
*1 -0.29782187938690186 0.8500272631645203 -0.4344690144062042 228.3522491455078
*2 -0.4742274582386017 0.2632535696029663 0.8401226997375488 112.31640625
*3 0.8284983038902283 0.4562451243400574 0.32470136880874634 -1399.393798828125
#
#
#
#
#
#
#
#
#
#
#
#
#
#
#
#
#
#
#
#
#
#
#
#
#
#
#
#
#
#
#
#
#
#
#
#
#
#
#
#
#
#
#
#
#
#
#
#
#
#
#
#
#
#
#
#
#
#
#
#
#
#
#
#
#
#
#
#
#
#
#
#
#
*1 0.5800147652626038 0.004102961625903845 0.8145979046821594 -256.189697265625
*1 0.5800147652626038 0.004102961625903845 0.8145979046821594 -256.189697265625
*2 -0.09540840983390808 0.99344402551651 0.06294844299554825 68.13723754882813
*1 0.5800147652626038 0.004102961625903845 0.8145979046821594 -256.189697265625
*2 -0.09540840983390808 0.99344402551651 0.06294844299554825 68.13723754882813
*3 -0.8090012073516846 -0.11423898488283157 0.5766014456748962 -682.027587890625
*1 0.589756429195404 -0.015153194777667522 0.8074413537979126 -250.94216918945313
*1 0.589756429195404 -0.015153194777667522 0.8074413537979126 -250.94216918945313
*2 -0.11983315646648407 0.9871095418930054 0.10607047379016876 67.19801330566406
*1 0.589756429195404 -0.015153194777667522 0.8074413537979126 -250.94216918945313
*2 -0.11983315646648407 0.9871095418930054 0.10607047379016876 67.19801330566406
*3 -0.7986422777175903 -0.15932239592075348 0.5803357362747192 -686.2591552734375
*1 0.6002893447875977 -0.01785094290971756 0.7995859980583191 -244.80201721191406
*1 0.6002893447875977 -0.01785094290971756 0.7995859980583191 -244.80201721191406
*2 -0.13606610894203186 0.9828925728797913 0.1241142600774765 65.6294937133789
*1 0.6002893447875977 -0.01785094290971756 0.7995859980583191 -244.80201721191406
*2 -0.13606610894203186 0.9828925728797913 0.1241142600774765 65.6294937133789
*3 -0.7881245613098145 -0.18330945074558258 0.5875881910324097 -689.17138671875
*1 0.6156058311462402 -0.011377719230949879 0.7879744172096252 -239.16026306152344
*1 0.6156058311462402 -0.011377719230949879 0.7879744172096252 -239.16026306152344
*2 -0.14749163389205933 0.9805592894554138 0.12940603494644165 64.21533203125
*1 0.6156058311462402 -0.011377719230949879 0.7879744172096252 -239.16026306152344
*2 -0.14749163389205933 0.9805592894554138 0.12940603494644165 64.21533203125
*3 -0.7741298079490662 -0.19589121639728546 0.6019571423530579 -694.7398681640625
*1 0.6260490417480469 0.0015293423784896731 0.7797845602035522 -233.19752502441406
*1 0.6260490417480469 0.0015293423784896731 0.7797845602035522 -233.19752502441406
*2 -0.14739423990249634 0.9821991324424744 0.11642865836620331 63.87104415893555
*1 0.6260490417480469 0.0015293423784896731 0.7797845602035522 -233.19752502441406
*2 -0.14739423990249634 0.9821991324424744 0.11642865836620331 63.87104415893555
*3 -0.7657276391983032 -0.18783432245254517 0.615127682685852 -700.0440673828125
*1 0.6360771059989929 -5.789341912532109E-7 0.7716279029846191 -225.8645477294922
*1 0.6360771059989929 -5.789341912532109E-7 0.7716279029846191 -225.8645477294922
*2 -0.15737496316432953 0.9789758324623108 0.12974971532821655 63.41279983520508
*1 0.6360771059989929 -5.789341912532109E-7 0.7716279029846191 -225.8645477294922
*2 -0.15737496316432953 0.9789758324623108 0.12974971532821655 63.41279983520508
*3 -0.7554071545600891 -0.20397426187992096 0.6227014660835266 -700.70068359375
*1 0.6436658501625061 0.013930064626038074 0.7651823163032532 -219.7659454345703
*1 0.6436658501625061 0.013930064626038074 0.7651823163032532 -219.7659454345703
*2 -0.1591183990240097 0.9804162979125977 0.11602092534303665 62.65869140625
*1 0.6436658501625061 0.013930064626038074 0.7651823163032532 -219.7659454345703
*2 -0.1591183990240097 0.9804162979125977 0.11602092534303665 62.65869140625
*3 -0.7485830783843994 -0.1964418888092041 0.6332746148109436 -705.4411010742188
*1 0.6474955081939697 0.01726546511054039 0.761876106262207 -213.23484802246094
*1 0.6474955081939697 0.01726546511054039 0.761876106262207 -213.23484802246094
*2 -0.16526006162166595 0.9791293740272522 0.11828090995550156 61.496490478515625
*1 0.6474955081939697 0.01726546511054039 0.761876106262207 -213.23484802246094
*2 -0.16526006162166595 0.9791293740272522 0.11828090995550156 61.496490478515625
*3 -0.7439351677894592 -0.20250266790390015 0.6368327140808105 -706.9754028320313
*1 0.6558616757392883 0.03274516388773918 0.7541730999946594 -209.38671875
*1 0.6558616757392883 0.03274516388773918 0.7541730999946594 -209.38671875
*2 -0.16322559118270874 0.9815713763237 0.09934995323419571 60.82118606567383
*1 0.6558616757392883 0.03274516388773918 0.7541730999946594 -209.38671875
*2 -0.16322559118270874 0.9815713763237 0.09934995323419571 60.82118606567383
*3 -0.7370237112045288 -0.18826888501644135 0.649117648601532 -713.3621826171875
*1 0.6530107259750366 0.04179485887289047 0.7561971545219421 -206.40335083007813
*1 0.6530107259750366 0.04179485887289047 0.7561971545219421 -206.40335083007813
*2 -0.15998505055904388 0.9835522174835205 0.08381395041942596 59.773231506347656
*1 0.6530107259750366 0.04179485887289047 0.7561971545219421 -206.40335083007813
*2 -0.15998505055904388 0.9835522174835205 0.08381395041942596 59.773231506347656
*3 -0.7402586340904236 -0.17572034895420074 0.6489546895027161 -716.2052001953125
*1 0.6533270478248596 0.04812023416161537 0.7555477023124695 -205.8260955810547
*1 0.6533270478248596 0.04812023416161537 0.7555477023124695 -205.8260955810547
*2 -0.15717965364456177 0.9848501086235046 0.07321029156446457 58.20168685913086
*1 0.6533270478248596 0.04812023416161537 0.7555477023124695 -205.8260955810547
*2 -0.15717965364456177 0.9848501086235046 0.07321029156446457 58.20168685913086
*3 -0.740580677986145 -0.1665956974029541 0.6509908437728882 -717.8726196289063
*1 0.6579058766365051 0.049400221556425095 0.7514806985855103 -207.2760009765625
*1 0.6579058766365051 0.049400221556425095 0.7514806985855103 -207.2760009765625
*2 -0.15611961483955383 0.9851121306419373 0.07194143533706665 55.84834289550781
*1 0.6579058766365051 0.049400221556425095 0.7514806985855103 -207.2760009765625
*2 -0.15611961483955383 0.9851121306419373 0.07194143533706665 55.84834289550781
*3 -0.736741304397583 -0.1646602749824524 0.655821681022644 -718.83154296875
*1 0.6581315398216248 0.04835985228419304 0.7513507008552551 -210.4626922607422
*1 0.6581315398216248 0.04835985228419304 0.7513507008552551 -210.4626922607422
*2 -0.1555231213569641 0.985140323638916 0.07284052670001984 53.661415100097656
*1 0.6581315398216248 0.04835985228419304 0.7513507008552551 -210.4626922607422
*2 -0.1555231213569641 0.985140323638916 0.07284052670001984 53.661415100097656
*3 -0.7366659045219421 -0.1647997498512268 0.6558714509010315 -721.2415771484375
*1 0.6700620651245117 0.04543532431125641 0.7409156560897827 -214.9956512451172
*1 0.6700620651245117 0.04543532431125641 0.7409156560897827 -214.9956512451172
*2 -0.1510808914899826 0.9855763912200928 0.07621512562036514 53.33396530151367
*1 0.6700620651245117 0.04543532431125641 0.7409156560897827 -214.9956512451172
*2 -0.1510808914899826 0.9855763912200928 0.07621512562036514 53.33396530151367
*3 -0.7267686128616333 -0.16301576793193817 0.6672601103782654 -727.0707397460938
*1 0.6738913655281067 0.04575374349951744 0.7374147772789001 -218.5180206298828
*1 0.6738913655281067 0.04575374349951744 0.7374147772789001 -218.5180206298828
*2 -0.14898043870925903 0.9859899878501892 0.07499081641435623 55.76029586791992
*1 0.6738913655281067 0.04575374349951744 0.7374147772789001 -218.5180206298828
*2 -0.14898043870925903 0.9859899878501892 0.07499081641435623 55.76029586791992
*3 -0.7236549854278564 -0.160404771566391 0.6712650060653687 -730.400390625
*1 0.6701028347015381 0.04676417261362076 0.7407960891723633 -220.59068298339844
*1 0.6701028347015381 0.04676417261362076 0.7407960891723633 -220.59068298339844
*2 -0.1402500569820404 0.9880093336105347 0.06451701372861862 59.99601745605469
*1 0.6701028347015381 0.04676417261362076 0.7407960891723633 -220.59068298339844
*2 -0.1402500569820404 0.9880093336105347 0.06451701372861862 59.99601745605469
*3 -0.728898823261261 -0.14713844656944275 0.6686249375343323 -729.6202392578125
*1 0.6734813451766968 0.053795184940099716 0.7372464537620544 -223.92599487304688
*1 0.6734813451766968 0.053795184940099716 0.7372464537620544 -223.92599487304688
*2 -0.13740065693855286 0.9890742301940918 0.05336720868945122 65.72205352783203
*1 0.6734813451766968 0.053795184940099716 0.7372464537620544 -223.92599487304688
*2 -0.13740065693855286 0.9890742301940918 0.05336720868945122 65.72205352783203
*3 -0.7263231873512268 -0.13724872469902039 0.6735131740570068 -733.4385986328125
*1 0.6722655892372131 0.051682062447071075 0.7385061383247375 -226.27655029296875
*1 0.6722655892372131 0.051682062447071075 0.7385061383247375 -226.27655029296875
*2 -0.12890683114528656 0.9904893636703491 0.04804907366633415 70.22127532958984
*1 0.6722655892372131 0.051682062447071075 0.7385061383247375 -226.27655029296875
*2 -0.12890683114528656 0.9904893636703491 0.04804907366633415 70.22127532958984
*3 -0.7290019989013672 -0.1275089532136917 0.6725327372550964 -735.1788330078125
*1 0.6764262914657593 0.056735094636678696 0.7343241572380066 -229.20303344726563
*1 0.6764262914657593 0.056735094636678696 0.7343241572380066 -229.20303344726563
*2 -0.12632276117801666 0.9911878108978271 0.039803095161914825 73.61971282958984
*1 0.6764262914657593 0.056735094636678696 0.7343241572380066 -229.20303344726563
*2 -0.12632276117801666 0.9911878108978271 0.039803095161914825 73.61971282958984
*3 -0.725597620010376 -0.11969446390867233 0.6776311993598938 -738.1895141601563
*1 0.6808156967163086 0.057481225579977036 0.7301981449127197 -234.3712921142578
*1 0.6808156967163086 0.057481225579977036 0.7301981449127197 -234.3712921142578
*2 -0.11775599420070648 0.9925345778465271 0.0316811203956604 76.96324920654297
*1 0.6808156967163086 0.057481225579977036 0.7301981449127197 -234.3712921142578
*2 -0.11775599420070648 0.9925345778465271 0.0316811203956604 76.96324920654297
*3 -0.722928524017334 -0.10756293684244156 0.6825007200241089 -744.2774047851563
*1 0.6857344508171082 0.06445378065109253 0.7249948382377625 -241.36354064941406
*1 0.6857344508171082 0.06445378065109253 0.7249948382377625 -241.36354064941406
*2 -0.11546311527490616 0.99308842420578 0.02094382978975773 81.83831787109375
*1 0.6857344508171082 0.06445378065109253 0.7249948382377625 -241.36354064941406
*2 -0.11546311527490616 0.99308842420578 0.02094382978975773 81.83831787109375
*3 -0.7186368703842163 -0.09808077663183212 0.6884359121322632 -748.9639282226563
*1 0.6565835475921631 0.06389901041984558 0.7515440583229065 -244.63665771484375
*1 0.6565835475921631 0.06389901041984558 0.7515440583229065 -244.63665771484375
*2 -0.10530636459589005 0.9944091439247131 0.007472731173038483 81.81837463378906
*1 0.6565835475921631 0.06389901041984558 0.7515440583229065 -244.63665771484375
*2 -0.10530636459589005 0.9944091439247131 0.007472731173038483 81.81837463378906
*3 -0.7468677163124084 -0.0840575248003006 0.6596406102180481 -740.7487182617188
*1 0.6269536018371582 0.06030130386352539 0.7767215371131897 -247.4109344482422
*1 0.6269536018371582 0.06030130386352539 0.7767215371131897 -247.4109344482422
*2 -0.10032860189676285 0.9949447512626648 0.0037598498165607452 75.24283599853516
*1 0.6269536018371582 0.06030130386352539 0.7767215371131897 -247.4109344482422
*2 -0.10032860189676285 0.9949447512626648 0.0037598498165607452 75.24283599853516
*3 -0.7725711464881897 -0.08029331266880035 0.629832923412323 -730.5806884765625
*1 0.6241242289543152 0.06174692511558533 0.7788835167884827 -256.6380615234375
*1 0.6241242289543152 0.06174692511558533 0.7788835167884827 -256.6380615234375
*2 -0.11462321877479553 0.9933197498321533 0.013121522963047028 66.73274993896484
*1 0.6241242289543152 0.06174692511558533 0.7788835167884827 -256.6380615234375
*2 -0.11462321877479553 0.9933197498321533 0.013121522963047028 66.73274993896484
*3 -0.772873044013977 -0.09747631847858429 0.6270313858985901 -734.1663818359375
*1 0.6153781414031982 0.05396352335810661 0.7863847017288208 -266.6543273925781
*1 0.6153781414031982 0.05396352335810661 0.7863847017288208 -266.6543273925781
*2 -0.11610366404056549 0.9929742813110352 0.02273532934486866 59.160709381103516
*1 0.6153781414031982 0.05396352335810661 0.7863847017288208 -266.6543273925781
*2 -0.11610366404056549 0.9929742813110352 0.02273532934486866 59.160709381103516
*3 -0.7796357274055481 -0.10530167073011398 0.6173187494277954 -735.5887451171875
*1 0.5985012054443359 0.0490434356033802 0.7996211647987366 -277.1104736328125
*1 0.5985012054443359 0.0490434356033802 0.7996211647987366 -277.1104736328125
*2 -0.11226091533899307 0.9934073686599731 0.0231154914945364 50.80182647705078
*1 0.5985012054443359 0.0490434356033802 0.7996211647987366 -277.1104736328125
*2 -0.11226091533899307 0.9934073686599731 0.0231154914945364 50.80182647705078
*3 -0.7932186722755432 -0.10360954701900482 0.6000598669052124 -738.6347045898438
*1 0.5794733762741089 0.02273181453347206 0.8146759867668152 -282.8009033203125
*1 0.5794733762741089 0.02273181453347206 0.8146759867668152 -282.8009033203125
*2 -0.12214460968971252 0.9907394051551819 0.059255119413137436 40.345001220703125
*1 0.5794733762741089 0.02273181453347206 0.8146759867668152 -282.8009033203125
*2 -0.12214460968971252 0.9907394051551819 0.059255119413137436 40.345001220703125
*3 -0.805787205696106 -0.1338537037372589 0.576882004737854 -735.28125
*1 0.5965688824653625 0.00628983648493886 0.8025391697883606 -291.98443603515625
*1 0.5965688824653625 0.00628983648493886 0.8025391697883606 -291.98443603515625
*2 -0.12132767587900162 0.989179253578186 0.08245579898357391 33.87288284301758
*1 0.5965688824653625 0.00628983648493886 0.8025391697883606 -291.98443603515625
*2 -0.12132767587900162 0.989179253578186 0.08245579898357391 33.87288284301758
*3 -0.7933390140533447 -0.1465693861246109 0.5908749103546143 -748.4255981445313
*1 0.6094560027122498 0.0021930490620434284 0.7928187847137451 -299.327880859375
*1 0.6094560027122498 0.0021930490620434284 0.7928187847137451 -299.327880859375
*2 -0.1178661584854126 0.9891298413276672 0.08788955956697464 32.035396575927734
*1 0.6094560027122498 0.0021930490620434284 0.7928187847137451 -299.327880859375
*2 -0.1178661584854126 0.9891298413276672 0.08788955956697464 32.035396575927734
*3 -0.7840105891227722 -0.1470199078321457 0.6030879020690918 -759.5899047851563
*1 0.6067987084388733 -0.004738764371722937 0.7948433756828308 -302.162353515625
*1 0.6067987084388733 -0.004738764371722937 0.7948433756828308 -302.162353515625
*2 -0.11457885056734085 0.9890123605728149 0.09338747709989548 32.41633987426758
*1 0.6067987084388733 -0.004738764371722937 0.7948433756828308 -302.162353515625
*2 -0.11457885056734085 0.9890123605728149 0.09338747709989548 32.41633987426758
*3 -0.7865551710128784 -0.1477481573820114 0.5995866060256958 -763.2667236328125
*1 0.60867840051651 -0.01634931191802025 0.7932505011558533 -301.9864807128906
*1 0.60867840051651 -0.01634931191802025 0.7932505011558533 -301.9864807128906
*2 -0.10835781693458557 0.9887024760246277 0.10354243963956833 34.38090515136719
*1 0.60867840051651 -0.01634931191802025 0.7932505011558533 -301.9864807128906
*2 -0.10835781693458557 0.9887024760246277 0.10354243963956833 34.38090515136719
*3 -0.7859842777252197 -0.14898744225502014 0.6000282764434814 -765.5242919921875
*1 0.6147416830062866 -0.01735023222863674 0.7885395884513855 -301.13372802734375
*1 0.6147416830062866 -0.01735023222863674 0.7885395884513855 -301.13372802734375
*2 -0.10158982127904892 0.9896841049194336 0.1009945273399353 37.01788330078125
*1 0.6147416830062866 -0.01735023222863674 0.7885395884513855 -301.13372802734375
*2 -0.10158982127904892 0.9896841049194336 0.1009945273399353 37.01788330078125
*3 -0.7821601629257202 -0.14220164716243744 0.6066355109214783 -770.0557861328125
*1 0.6130297780036926 -0.01464732177555561 0.7899259924888611 -300.78509521484375
*1 0.6130297780036926 -0.01464732177555561 0.7899259924888611 -300.78509521484375
*2 -0.09985753893852234 0.9903690218925476 0.09587901085615158 39.573429107666016
*1 0.6130297780036926 -0.01464732177555561 0.7899259924888611 -300.78509521484375
*2 -0.09985753893852234 0.9903690218925476 0.09587901085615158 39.573429107666016
*3 -0.783725380897522 -0.137665256857872 0.6056610941886902 -773.738525390625
*1 0.6071839928627014 -0.010081671178340912 0.7944993376731873 -302.6969299316406
*1 0.6071839928627014 -0.010081671178340912 0.7944993376731873 -302.6969299316406
*2 -0.09837068617343903 0.9912686944007874 0.08777627348899841 40.731632232666016
*1 0.6071839928627014 -0.010081671178340912 0.7944993376731873 -302.6969299316406
*2 -0.09837068617343903 0.9912686944007874 0.08777627348899841 40.731632232666016
*3 -0.7884500026702881 -0.1314603090286255 0.6008887887001038 -772.601318359375
*1 0.6051492094993591 -0.010966013185679913 0.7960385084152222 -307.76373291015625
*1 0.6051492094993591 -0.010966013185679913 0.7960385084152222 -307.76373291015625
*2 -0.08854507654905319 0.9927701950073242 0.08100757747888565 40.84981918334961
*1 0.6051492094993591 -0.010966013185679913 0.7960385084152222 -307.76373291015625
*2 -0.08854507654905319 0.9927701950073242 0.08100757747888565 40.84981918334961
*3 -0.7911745309829712 -0.11951549351215363 0.5998013019561768 -775.3212280273438
*1 0.594652533531189 -0.012330136261880398 0.8038902282714844 -311.7076721191406
*1 0.594652533531189 -0.012330136261880398 0.8038902282714844 -311.7076721191406
*2 -0.07642079144716263 0.9944844841957092 0.07180255651473999 42.40687942504883
*1 0.594652533531189 -0.012330136261880398 0.8038902282714844 -311.7076721191406
*2 -0.07642079144716263 0.9944844841957092 0.07180255651473999 42.40687942504883
*3 -0.8003446459770203 -0.10413998365402222 0.5904285907745361 -778.13916015625
*1 0.5976501703262329 -0.010984695516526699 0.8016837239265442 -314.8958740234375
*1 0.5976501703262329 -0.010984695516526699 0.8016837239265442 -314.8958740234375
*2 -0.08623900264501572 0.9932202696800232 0.07791902869939804 47.154029846191406
*1 0.5976501703262329 -0.010984695516526699 0.8016837239265442 -314.8958740234375
*2 -0.08623900264501572 0.9932202696800232 0.07791902869939804 47.154029846191406
*3 -0.7971073389053345 -0.11571323126554489 0.5926491618156433 -780.4866333007813
*1 0.5965522527694702 -0.010060415603220463 0.8025131225585938 -317.7198791503906
*1 0.5965522527694702 -0.010060415603220463 0.8025131225585938 -317.7198791503906
*2 -0.07782285660505295 0.9944804906845093 0.0703362300992012 54.113136291503906
*1 0.5965522527694702 -0.010060415603220463 0.8025131225585938 -317.7198791503906
*2 -0.07782285660505295 0.9944804906845093 0.0703362300992012 54.113136291503906
*3 -0.7987942695617676 -0.10442161560058594 0.5924749970436096 -779.4238891601563
*1 0.5901262164115906 -0.009591450914740562 0.8072559833526611 -321.916748046875
*1 0.5901262164115906 -0.009591450914740562 0.8072559833526611 -321.916748046875
*2 -0.06264752894639969 0.9963665008544922 0.057654596865177155 60.703392028808594
*1 0.5901262164115906 -0.009591450914740562 0.8072559833526611 -321.916748046875
*2 -0.06264752894639969 0.9963665008544922 0.057654596865177155 60.703392028808594
*3 -0.8048788905143738 -0.08460456877946854 0.587379515171051 -780.8177490234375
*1 0.5790134072303772 -0.018091976642608643 0.815119206905365 -323.48248291015625
*1 0.5790134072303772 -0.018091976642608643 0.815119206905365 -323.48248291015625
*2 -0.05912381038069725 0.9961861968040466 0.06412793695926666 66.88015747070313
*1 0.5790134072303772 -0.018091976642608643 0.815119206905365 -323.48248291015625
*2 -0.05912381038069725 0.9961861968040466 0.06412793695926666 66.88015747070313
*3 -0.8131738901138306 -0.08533235639333725 0.5757336616516113 -779.6033935546875
*1 0.5798348188400269 -0.01744440197944641 0.8145492076873779 -323.73626708984375
*1 0.5798348188400269 -0.01744440197944641 0.8145492076873779 -323.73626708984375
*2 -0.051784127950668335 0.9969565868377686 0.05823222175240517 73.31645202636719
*1 0.5798348188400269 -0.01744440197944641 0.8145492076873779 -323.73626708984375
*2 -0.051784127950668335 0.9969565868377686 0.05823222175240517 73.31645202636719
*3 -0.8130892515182495 -0.07595425099134445 0.5771650075912476 -779.6432495117188
*1 0.5848101377487183 -0.013869068585336208 0.8110535740852356 -322.83056640625
*1 0.5848101377487183 -0.013869068585336208 0.8110535740852356 -322.83056640625
*2 -0.04762183502316475 0.9975388646125793 0.051414769142866135 79.0301742553711
*1 0.5848101377487183 -0.013869068585336208 0.8110535740852356 -322.83056640625
*2 -0.04762183502316475 0.9975388646125793 0.051414769142866135 79.0301742553711
*3 -0.8097737431526184 -0.06870020180940628 0.5827085971832275 -780.3778076171875
*1 0.5886188745498657 -0.014201476238667965 0.8082878589630127 -322.04595947265625
*1 0.5886188745498657 -0.014201476238667965 0.8082878589630127 -322.04595947265625
*2 -0.04574337601661682 0.9976552128791809 0.05085941404104233 84.3305892944336
*1 0.5886188745498657 -0.014201476238667965 0.8082878589630127 -322.04595947265625
*2 -0.04574337601661682 0.9976552128791809 0.05085941404104233 84.3305892944336
*3 -0.8071180582046509 -0.06691908836364746 0.5865873694419861 -784.5216064453125
*1 0.5882498025894165 -0.021480632945895195 0.8083958625793457 -319.25848388671875
*1 0.5882498025894165 -0.021480632945895195 0.8083958625793457 -319.25848388671875
*2 -0.03867516666650772 0.9977524876594543 0.05467427521944046 89.05622100830078
*1 0.5882498025894165 -0.021480632945895195 0.8083958625793457 -319.25848388671875
*2 -0.03867516666650772 0.9977524876594543 0.05467427521944046 89.05622100830078
*3 -0.8077566623687744 -0.063435398042202 0.5860951542854309 -784.2496337890625
*1 0.5896937251091003 -0.010261913761496544 0.8075636625289917 -318.0474853515625
*1 0.5896937251091003 -0.010261913761496544 0.8075636625289917 -318.0474853515625
*2 -0.028572291135787964 0.9990251064300537 0.03357785940170288 92.69815826416016
*1 0.5896937251091003 -0.010261913761496544 0.8075636625289917 -318.0474853515625
*2 -0.028572291135787964 0.9990251064300537 0.03357785940170288 92.69815826416016
*3 -0.8071243166923523 -0.04288302734494209 0.5888240933418274 -785.458251953125
*1 0.5937438607215881 -0.018675997853279114 0.8044393062591553 -318.5393981933594
*1 0.5937438607215881 -0.018675997853279114 0.8044393062591553 -318.5393981933594
*2 -0.021486569195985794 0.9990028738975525 0.03907109797000885 96.85064697265625
*1 0.5937438607215881 -0.018675997853279114 0.8044393062591553 -318.5393981933594
*2 -0.021486569195985794 0.9990028738975525 0.03907109797000885 96.85064697265625
*3 -0.8043702840805054 -0.040491268038749695 0.5927489399909973 -787.8483276367188
*1 0.5916714072227478 -0.014439352788031101 0.8060518503189087 -318.9909362792969
*1 0.5916714072227478 -0.014439352788031101 0.8060518503189087 -318.9909362792969
*2 -0.017148789018392563 0.999384880065918 0.03050963021814823 98.925048828125
*1 0.5916714072227478 -0.014439352788031101 0.8060518503189087 -318.9909362792969
*2 -0.017148789018392563 0.999384880065918 0.03050963021814823 98.925048828125
*3 -0.8059999942779541 -0.031882885843515396 0.5910583138465881 -785.6392211914063
*1 0.5913304090499878 -0.004578519146889448 0.8064182996749878 -322.1441955566406
*1 0.5913304090499878 -0.004578519146889448 0.8064182996749878 -322.1441955566406
*2 -0.009436722844839096 0.9998734593391418 0.012615764513611794 99.53327178955078
*1 0.5913304090499878 -0.004578519146889448 0.8064182996749878 -322.1441955566406
*2 -0.009436722844839096 0.9998734593391418 0.012615764513611794 99.53327178955078
*3 -0.8063775897026062 -0.015078428201377392 0.5912109613418579 -786.6351928710938
*1 0.5861385464668274 -0.020733248442411423 0.8099474310874939 -322.9258728027344
*1 0.5861385464668274 -0.020733248442411423 0.8099474310874939 -322.9258728027344
*2 -0.008711149916052818 0.9994503855705261 0.03190724924206734 99.11161804199219
*1 0.5861385464668274 -0.020733248442411423 0.8099474310874939 -322.9258728027344
*2 -0.008711149916052818 0.9994503855705261 0.03190724924206734 99.11161804199219
*3 -0.8101673126220703 -0.02576598711311817 0.5856342911720276 -782.0940551757813
*1 0.5880717039108276 -0.022386584430933 0.8085008263587952 -325.62274169921875
*1 0.5880717039108276 -0.022386584430933 0.8085008263587952 -325.62274169921875
*2 -0.007947658188641071 0.9994055032730103 0.033472418785095215 98.68663787841797
*1 0.5880717039108276 -0.022386584430933 0.8085008263587952 -325.62274169921875
*2 -0.007947658188641071 0.9994055032730103 0.033472418785095215 98.68663787841797
*3 -0.8087731003761292 -0.026118231937289238 0.5875427722930908 -783.1521606445313
*1 0.5748647451400757 -0.015933573246002197 0.8180951476097107 -326.1203308105469
*1 0.5748647451400757 -0.015933573246002197 0.8180951476097107 -326.1203308105469
*2 -0.008304717019200325 0.9996421933174133 0.025323910638689995 96.3096923828125
*1 0.5748647451400757 -0.015933573246002197 0.8180951476097107 -326.1203308105469
*2 -0.008304717019200325 0.9996421933174133 0.025323910638689995 96.3096923828125
*3 -0.8182096481323242 -0.021360240876674652 0.5745254158973694 -780.4956665039063
*1 0.5819889307022095 -0.01464717648923397 0.8130665421485901 -328.3821716308594
*1 0.5819889307022095 -0.01464717648923397 0.8130665421485901 -328.3821716308594
*2 -0.008910383097827435 0.9996598362922668 0.024405544623732567 94.46821594238281
*1 0.5819889307022095 -0.01464717648923397 0.8130665421485901 -328.3821716308594
*2 -0.008910383097827435 0.9996598362922668 0.024405544623732567 94.46821594238281
*3 -0.8131511211395264 -0.021456848829984665 0.581659197807312 -783.3126831054688
*1 0.57829749584198 -0.018859241157770157 0.8156096339225769 -329.39422607421875
*1 0.57829749584198 -0.018859241157770157 0.8156096339225769 -329.39422607421875
*2 -0.0074114142917096615 0.9995669722557068 0.028386708348989487 92.24811553955078
*1 0.57829749584198 -0.018859241157770157 0.8156096339225769 -329.39422607421875
*2 -0.0074114142917096615 0.9995669722557068 0.028386708348989487 92.24811553955078
*3 -0.8157954812049866 -0.02246914803981781 0.57790607213974 -782.6395874023438
*1 0.5720335841178894 -0.02341795340180397 0.819897472858429 -327.93756103515625
*1 0.5720335841178894 -0.02341795340180397 0.819897472858429 -327.93756103515625
*2 -0.008461320772767067 0.9993674755096436 0.03446612507104874 87.95124053955078
*1 0.5720335841178894 -0.02341795340180397 0.819897472858429 -327.93756103515625
*2 -0.008461320772767067 0.9993674755096436 0.03446612507104874 87.95124053955078
*3 -0.8201895952224731 -0.026661550626158714 0.5714722871780396 -776.160400390625
*1 0.5647685527801514 -0.02553672529757023 0.8248557448387146 -327.0325622558594
*1 0.5647685527801514 -0.02553672529757023 0.8248557448387146 -327.0325622558594
*2 -0.009639699943363667 0.9992455244064331 0.037554483860731125 82.07791137695313
*1 0.5647685527801514 -0.02553672529757023 0.8248557448387146 -327.0325622558594
*2 -0.009639699943363667 0.9992455244064331 0.037554483860731125 82.07791137695313
*3 -0.8251960277557373 -0.029169296845793724 0.5640949010848999 -771.580810546875
*1 0.5710495114326477 -0.048734329640865326 0.8194692730903625 -328.930419921875
*1 0.5710495114326477 -0.048734329640865326 0.8194692730903625 -328.930419921875
*2 -0.01752791553735733 0.997281014919281 0.07154203951358795 76.61534881591797
*1 0.5710495114326477 -0.048734329640865326 0.8194692730903625 -328.930419921875
*2 -0.01752791553735733 0.997281014919281 0.07154203951358795 76.61534881591797
*3 -0.8207312822341919 -0.05522596463561058 0.5686410069465637 -773.6342163085938
*1 0.583267867565155 -0.04105350002646446 0.8112432956695557 -331.27935791015625
*1 0.583267867565155 -0.04105350002646446 0.8112432956695557 -331.27935791015625
*2 -0.003750353818759322 0.9985716342926025 0.05324875935912132 71.82489013671875
*1 0.583267867565155 -0.04105350002646446 0.8112432956695557 -331.27935791015625
*2 -0.003750353818759322 0.9985716342926025 0.05324875935912132 71.82489013671875
*3 -0.8122743964195251 -0.034109048545360565 0.5822794437408447 -776.6830444335938
*1 0.5752272605895996 -0.047752052545547485 0.8166001439094543 -329.37762451171875
*1 0.5752272605895996 -0.047752052545547485 0.8166001439094543 -329.37762451171875
*2 -0.013447427190840244 0.9976037740707397 0.06782795488834381 65.3133316040039
*1 0.5752272605895996 -0.047752052545547485 0.8166001439094543 -329.37762451171875
*2 -0.013447427190840244 0.9976037740707397 0.06782795488834381 65.3133316040039
*3 -0.8178859949111938 -0.05000597983598709 0.573205292224884 -771.8818359375
*1 0.5733611583709717 -0.046805232763290405 0.8179662227630615 -328.4456481933594
*1 0.5733611583709717 -0.046805232763290405 0.8179662227630615 -328.4456481933594
*2 -0.012604046612977982 0.9977409839630127 0.06594590097665787 59.01919937133789
*1 0.5733611583709717 -0.046805232763290405 0.8179662227630615 -328.4456481933594
*2 -0.012604046612977982 0.9977409839630127 0.06594590097665787 59.01919937133789
*3 -0.8192086815834045 -0.04812880977988243 0.571474552154541 -770.5149536132813
*1 0.589282214641571 -0.051999278366565704 0.8062536716461182 -330.4280090332031
*1 0.589282214641571 -0.051999278366565704 0.8062536716461182 -330.4280090332031
*2 -0.012950210832059383 0.997186541557312 0.07379769533872604 53.346195220947266
*1 0.589282214641571 -0.051999278366565704 0.8062536716461182 -330.4280090332031
*2 -0.012950210832059383 0.997186541557312 0.07379769533872604 53.346195220947266
*3 -0.8078264594078064 -0.05393713340163231 0.5869494676589966 -777.2945556640625
*1 0.5984590649604797 -0.06557775288820267 0.7984666228294373 -330.61029052734375
*1 0.5984590649604797 -0.06557775288820267 0.7984666228294373 -330.61029052734375
*2 -0.026316285133361816 0.9944928884506226 0.10142087191343307 49.15076446533203
*1 0.5984590649604797 -0.06557775288820267 0.7984666228294373 -330.61029052734375
*2 -0.026316285133361816 0.9944928884506226 0.10142087191343307 49.15076446533203
*3 -0.8007238507270813 -0.08171721547842026 0.5934358835220337 -780.0834350585938
*1 0.6121991276741028 -0.05310683324933052 0.7889198660850525 -331.94708251953125
*1 0.6121991276741028 -0.05310683324933052 0.7889198660850525 -331.94708251953125
*2 -0.01845843717455864 0.9965060949325562 0.08142387121915817 47.28409957885742
*1 0.6121991276741028 -0.05310683324933052 0.7889198660850525 -331.94708251953125
*2 -0.01845843717455864 0.9965060949325562 0.08142387121915817 47.28409957885742
*3 -0.7904912233352661 -0.06441817432641983 0.6090785264968872 -786.27392578125
*1 0.6120350360870361 -0.06736738234758377 0.7879577279090881 -330.5942687988281
*1 0.6120350360870361 -0.06736738234758377 0.7879577279090881 -330.5942687988281
*2 -0.022770551964640617 0.994446337223053 0.10272759944200516 46.39219665527344
*1 0.6120350360870361 -0.06736738234758377 0.7879577279090881 -330.5942687988281
*2 -0.022770551964640617 0.994446337223053 0.10272759944200516 46.39219665527344
*3 -0.7905057668685913 -0.08082342892885208 0.6071004867553711 -785.1279296875
*1 0.6201900839805603 -0.06542915850877762 0.7817198038101196 -330.6250305175781
*1 0.6201900839805603 -0.06542915850877762 0.7817198038101196 -330.6250305175781
*2 -0.020637383684515953 0.9948053956031799 0.0996568575501442 45.39870834350586
*1 0.6201900839805603 -0.06542915850877762 0.7817198038101196 -330.6250305175781
*2 -0.020637383684515953 0.9948053956031799 0.0996568575501442 45.39870834350586
*3 -0.7841830849647522 -0.07794715464115143 0.6156165599822998 -786.6015625
*1 0.6228035092353821 -0.06538895517587662 0.779642641544342 -330.0697937011719
*1 0.6228035092353821 -0.06538895517587662 0.779642641544342 -330.0697937011719
*2 -0.01706988736987114 0.995124101638794 0.09711713343858719 43.57888412475586
*1 0.6228035092353821 -0.06538895517587662 0.779642641544342 -330.0697937011719
*2 -0.01706988736987114 0.995124101638794 0.09711713343858719 43.57888412475586
*3 -0.7821952104568481 -0.07380161434412003 0.6186490654945374 -785.953857421875
*1 0.6315636038780212 -0.06675276905298233 0.7724468111991882 -330.87152099609375
*1 0.6315636038780212 -0.06675276905298233 0.7724468111991882 -330.87152099609375
*2 -0.017412658780813217 0.9948098659515381 0.10022547841072083 41.985870361328125
*1 0.6315636038780212 -0.06675276905298233 0.7724468111991882 -330.87152099609375
*2 -0.017412658780813217 0.9948098659515381 0.10022547841072083 41.985870361328125
*3 -0.7751316428184509 -0.07675741612911224 0.6271218657493591 -788.2980346679688
*1 0.6315706968307495 -0.06906422227621078 0.7722377181053162 -330.00701904296875
*1 0.6315706968307495 -0.06906422227621078 0.7722377181053162 -330.00701904296875
*2 -0.015888316556811333 0.9946580529212952 0.10197018831968307 41.128082275390625
*1 0.6315706968307495 -0.06906422227621078 0.7722377181053162 -330.00701904296875
*2 -0.015888316556811333 0.9946580529212952 0.10197018831968307 41.128082275390625
*3 -0.7751586437225342 -0.07667923718690872 0.6270980834960938 -787.6736450195313
*1 0.6426896452903748 -0.07389187067747116 0.7625566124916077 -330.2994689941406
*1 0.6426896452903748 -0.07389187067747116 0.7625566124916077 -330.2994689941406
*2 -0.021117068827152252 0.9932464957237244 0.11406352370977402 41.95737838745117
*1 0.6426896452903748 -0.07389187067747116 0.7625566124916077 -330.2994689941406
*2 -0.021117068827152252 0.9932464957237244 0.11406352370977402 41.95737838745117
*3 -0.7658386826515198 -0.0894186794757843 0.6367872953414917 -790.8143310546875
*1 0.650415301322937 -0.0689481571316719 0.7564446926116943 -329.7334899902344
*1 0.650415301322937 -0.0689481571316719 0.7564446926116943 -329.7334899902344
*2 -0.014972074888646603 0.9945099949836731 0.10354100167751312 44.47014617919922
*1 0.650415301322937 -0.0689481571316719 0.7564446926116943 -329.7334899902344
*2 -0.014972074888646603 0.9945099949836731 0.10354100167751312 44.47014617919922
*3 -0.7594343423843384 -0.07867848873138428 0.6458108425140381 -793.6084594726563
*1 0.6490169167518616 -0.07508359849452972 0.7570614218711853 -326.6606750488281
*1 0.6490169167518616 -0.07508359849452972 0.7570614218711853 -326.6606750488281
*2 -0.01092072669416666 0.9940912127494812 0.1079740822315216 46.09941482543945
*1 0.6490169167518616 -0.07508359849452972 0.7570614218711853 -326.6606750488281
*2 -0.01092072669416666 0.9940912127494812 0.1079740822315216 46.09941482543945
*3 -0.7606988549232483 -0.0783529281616211 0.6443606019020081 -790.6591186523438
*1 0.6473539471626282 -0.06847725808620453 0.75910884141922 -324.805908203125
*1 0.6473539471626282 -0.06847725808620453 0.75910884141922 -324.805908203125
*2 -0.014407621696591377 0.9946740865707397 0.10203374922275543 46.051692962646484
*1 0.6473539471626282 -0.06847725808620453 0.75910884141922 -324.805908203125
*2 -0.014407621696591377 0.9946740865707397 0.10203374922275543 46.051692962646484
*3 -0.7620564103126526 -0.07699718326330185 0.6429182291030884 -789.680908203125
*1 0.6476527452468872 -0.06818804889917374 0.7588799595832825 -323.1892395019531
*1 0.6476527452468872 -0.06818804889917374 0.7588799595832825 -323.1892395019531
*2 -0.013991013169288635 0.9947507381439209 0.10134243965148926 44.576576232910156
*1 0.6476527452468872 -0.06818804889917374 0.7588799595832825 -323.1892395019531
*2 -0.013991013169288635 0.9947507381439209 0.10134243965148926 44.576576232910156
*3 -0.7618102431297302 -0.07626048475503922 0.6432976126670837 -787.3859252929688
*1 0.6576579213142395 -0.06226349622011185 0.7507409453392029 -323.9148254394531
*1 0.6576579213142395 -0.06226349622011185 0.7507409453392029 -323.9148254394531
*2 -0.015140598639845848 0.9952803254127502 0.09582838416099548 43.755218505859375
*1 0.6576579213142395 -0.06226349622011185 0.7507409453392029 -323.9148254394531
*2 -0.015140598639845848 0.9952803254127502 0.09582838416099548 43.755218505859375
*3 -0.7531676888465881 -0.0743972510099411 0.6536098122596741 -789.63134765625
*1 0.6532579660415649 -0.062026236206293106 0.75459223985672 -323.414306640625
*1 0.6532579660415649 -0.062026236206293106 0.75459223985672 -323.414306640625
*2 -0.013503997586667538 0.9955214858055115 0.09354109317064285 44.072452545166016
*1 0.6532579660415649 -0.062026236206293106 0.75459223985672 -323.414306640625
*2 -0.013503997586667538 0.9955214858055115 0.09354109317064285 44.072452545166016
*3 -0.7570182085037231 -0.07130476087331772 0.6494932174682617 -788.8170776367188
*1 0.6529068946838379 -0.07030857354402542 0.7541697025299072 -321.84783935546875
*1 0.6529068946838379 -0.07030857354402542 0.7541697025299072 -321.84783935546875
*2 -0.010535879991948605 0.9947388172149658 0.10187752544879913 44.96881866455078
*1 0.6529068946838379 -0.07030857354402542 0.7541697025299072 -321.84783935546875
*2 -0.010535879991948605 0.9947388172149658 0.10187752544879913 44.96881866455078
*3 -0.7573681473731995 -0.0744706392288208 0.6487294435501099 -786.183837890625
