#
#
#
#
#
#
#
#
#
#
#
#
#
#
#
#
#
#
#
#
#
#
#
#
#
#
#
#
#
#
#
#
#
#
#
#
#
#
#
#
#
#
#
#
#
#
#
#
#
#
#
#
#
#
#
#
#
#
#
#
#
#
#
#
#
#
#
#
#
#
#
#
#
#
#
#
#
#
#
#
#
#
#
#
#
#
#
#
#
#
#
#
#
#
#
#
#
#
#
#
#
#
#
#
#
#
#
#
#
#
#
#
#
#
#
#
#
#
#
#
#
#
#
#
#
#
#
#
#
#
#
#
#
#
#
#
#
#
#
#
#
#
#
#
#
#
#
#
#
#
#
#
#
#
#
#
#
#
#
#
#
#
#
#
#
#
#
#
#
#
#
#
#
#
#
#
#
#
#
#
#
#
#
#
#
#
#
#
#
#
#
#
#
#
#
#
#
#
#
#
#
#
#
#
#
#
#
#
#
#
#
#
#
#
#
#
#
#
#
#
#
#
#
#
#
#
#
#
#
#
#
#
#
#
#
#
#
#
#
#
#
#
#
#
#
#
#
#
#
#
#
#
#
#
#
#
#
#
#
#
#
#
#
#
#
#
#
#
#
#
#
#
#
#
#
#
#
#
#
#
#
#
#
#
#
#
#
#
#
#
#
#
#
#
#
#
#
#
#
#
#
#
#
#
#
#
#
#
#
#
#
#
#
#
#
#
#
#
#
#
#
#
#
#
#
#
#
#
#
#
#
#
#
#
#
#
#
#
#
#
#
#
#
#
#
#
#
#
#
#
#
#
#
#
#
#
#
#
#
#
#
#
#
#
#
#
#
#
#
#
#
#
#
#
#
#
#
#
#
#
#
#
#
#
#
#
#
#
#
#
#
#
#
#
#
#
#
#
#
#
#
#
#
#
#
#
#
#
#
#
#
#
#
#
#
#
#
#
#
#
#
#
* 0.8926486372947693 0.02548028528690338 0.4500342011451721 -497.419677734375 0.021663980558514595 0.9948233366012573 -0.09929105639457703 36.3809814453125 -0.4502338767051697 0.09837861359119415 0.8874737024307251 -2220.82373046875
* 0.9456402659416199 0.03565256670117378 0.3232566714286804 -463.19110107421875 0.008480770513415337 0.9909330606460571 -0.13409391045570374 25.55362892150879 -0.325106143951416 0.12954306602478027 0.9367619752883911 -2075.017578125
* 0.9665024280548096 0.05928368493914604 0.24972006678581238 -480.1841125488281 0.004459177143871784 0.9689357280731201 -0.2472752332687378 36.08391571044922 -0.2566218674182892 0.24010244011878967 0.9362127780914307 -2117.44580078125
* 0.9633886218070984 0.014985386282205582 0.26769280433654785 -485.5151672363281 0.00857914425432682 0.9962039589881897 -0.08663386106491089 46.38262176513672 -0.2679746150970459 0.08575570583343506 0.9596009254455566 -2113.27197265625
* 0.9365321397781372 0.03321027383208275 0.3490075469017029 -484.5186462402344 0.00800288189202547 0.9932199716567993 -0.11597961187362671 43.44153594970703 -0.35049259662628174 0.11140870302915573 0.9299147129058838 -2068.18701171875
* 0.961193859577179 0.020560285076498985 0.27510976791381836 -483.3348693847656 0.01338158268481493 0.9925721287727356 -0.12092465162277222 42.8107795715332 -0.27555233240127563 0.11991042643785477 0.9537770748138428 -2051.124267578125
* 0.9833731055259705 0.004336154088377953 0.18154987692832947 -479.8218994140625 0.013528616167604923 0.9951896667480469 -0.09703490883111954 46.888946533203125 -0.1810973584651947 0.09787467867136002 0.978581964969635 -2043.7828369140625
* 0.9316616654396057 0.0713019073009491 0.3562646806240082 -463.4964904785156 0.025370217859745026 0.9653968214988708 -0.2595507502555847 47.96477127075195 -0.3624429702758789 0.2508487105369568 0.8976125717163086 -1993.29443359375
* 0.9437062740325928 0.019263166934251785 0.3302263021469116 -468.04937744140625 0.011608060449361801 0.9957607984542847 -0.0912519097328186 51.868385314941406 -0.33058398962020874 0.08994533121585846 0.9394798278808594 -2043.7003173828125
* 0.9131193161010742 -0.008404534310102463 0.407608300447464 -447.4397277832031 0.0262466911226511 0.9989261627197266 -0.03819483518600464 52.78664016723633 -0.406849205493927 0.04557197913527489 0.912356972694397 -1988.3253173828125
* 0.9502728581428528 -0.06346937268972397 0.30488574504852295 -444.46875 0.02187313325703144 0.9901961088180542 0.13796639442443848 67.44374084472656 -0.31065312027931213 -0.12443924695253372 0.942341685295105 -2006.3494873046875
* 0.8366351127624512 -0.07921572774648666 0.5420043468475342 -428.9339904785156 0.012638483196496964 0.9920161366462708 0.12548193335533142 81.77114868164063 -0.5476162433624268 -0.09813486784696579 0.8309537768363953 -1972.448974609375
* 0.913979709148407 0.003725644201040268 0.4057452976703644 -420.2352294921875 0.03668101504445076 0.9951061010360718 -0.09175911545753479 83.66328430175781 -0.40410101413726807 0.09874613583087921 0.9093677997589111 -1961.650390625
* 0.8903210163116455 0.03960854560136795 0.4536096453666687 -405.6388854980469 0.042730603367090225 0.9845466017723083 -0.1698334813117981 81.11280822753906 -0.45332613587379456 0.17058616876602173 0.8748679757118225 -1917.074462890625
* 0.891974687576294 0.017514877021312714 0.4517481327056885 -404.5444030761719 0.0560004785656929 0.987274169921875 -0.14884549379348755 78.14300537109375 -0.44860580563545227 0.15806140005588531 0.8796405792236328 -1922.3856201171875
* 0.9062609672546387 0.018619047477841377 0.42231082916259766 -403.1884460449219 0.03702419996261597 0.9916954040527344 -0.12316922098398209 74.13941955566406 -0.4210966229438782 0.1272561103105545 0.8980432748794556 -1916.001708984375
* 0.9112066030502319 -0.0034627525601536036 0.4119375944137573 -401.84197998046875 0.04595096781849861 0.9945798516273499 -0.09327752888202667 70.01986694335938 -0.40938153862953186 0.10392103344202042 0.9064245820045471 -1908.176025390625
* 0.91243976354599 0.003589391941204667 0.4091978073120117 -400.8157653808594 0.04070676863193512 0.9942067265510559 -0.09948426485061646 69.69263458251953 -0.407183974981308 0.10742750763893127 0.9070054292678833 -1902.6495361328125
* 0.8577622175216675 0.025772111490368843 0.5134023427963257 -386.88214111328125 0.0744219571352005 0.9819954037666321 -0.17363014817237854 68.52495574951172 -0.5086331963539124 0.1871386170387268 0.8403986692428589 -1850.5247802734375
* 0.8970643877983093 -0.008905850350856781 0.441812664270401 -388.2373962402344 0.04328900948166847 0.9967599511146545 -0.06779733300209045 65.60578918457031 -0.4397771656513214 0.07994125783443451 0.8945412039756775 -1854.599365234375
* 0.8800852298736572 0.02780092880129814 0.47400352358818054 -385.14935302734375 0.05035324767231941 0.9871917366981506 -0.1513863503932953 59.14649963378906 -0.4721407890319824 0.15709739923477173 0.8674110770225525 -1837.356201171875
* 0.894213080406189 -0.012470055371522903 0.4474702477455139 -384.6667175292969 0.0376761294901371 0.9981623291969299 -0.04746907949447632 49.47209548950195 -0.4460557997226715 0.059303537011146545 0.8930373787879944 -1818.896728515625
* 0.8845835328102112 -0.0032511986792087555 0.4663727879524231 -384.2398376464844 0.06508995592594147 0.9910507798194885 -0.11654425412416458 41.147911071777344 -0.46182000637054443 0.13344627618789673 0.8768767714500427 -1806.906005859375
* 0.911640465259552 -0.013614585623145103 0.41076570749282837 -394.2973327636719 0.03900297358632088 0.9978071451187134 -0.05348454415798187 43.34272766113281 -0.40913668274879456 0.06477686762809753 0.9101701378822327 -1839.7220458984375
* 0.8602670431137085 0.013511545956134796 0.5096668004989624 -385.0813293457031 0.04815863072872162 0.9930267333984375 -0.10760803520679474 50.80155563354492 -0.5075663924217224 0.11711347848176956 0.8536153435707092 -1784.083251953125
* 0.8726612329483032 -0.012498409487307072 0.488168329000473 -391.73486328125 0.05420095846056938 0.9959754347801208 -0.0713864415884018 56.00554275512695 -0.4853111803531647 0.08875243365764618 0.8698242902755737 -1810.2420654296875
* 0.8760755062103271 -0.02164778672158718 0.4816899001598358 -391.8675537109375 0.04096255451440811 0.9987221956253052 -0.029611986130475998 58.794376373291016 -0.48043307662010193 0.045670755207538605 0.875840425491333 -1801.9715576171875
* 0.8940911293029785 0.014133879914879799 0.4476643204689026 -395.9065246582031 0.042315058410167694 0.9923666715621948 -0.11583925783634186 60.01428985595703 -0.44588422775268555 0.12251076847314835 0.8866659998893738 -1810.962158203125
* 0.895698606967926 -0.033315710723400116 0.4434140920639038 -400.426025390625 0.05063832551240921 0.9983450174331665 -0.02727404236793518 64.72059631347656 -0.4417714774608612 0.04688023775815964 0.8959009051322937 -1813.536376953125
* 0.8709376454353333 0.011610476300120354 0.4912586510181427 -399.34051513671875 0.05062541738152504 0.9922820329666138 -0.11319911479949951 68.5706787109375 -0.48878124356269836 0.12345648556947708 0.8636258244514465 -1793.0045166015625
* 0.8616342544555664 0.013353722169995308 0.5073561668395996 -400.085205078125 0.018539708107709885 0.9981590509414673 -0.05775268375873566 66.95740509033203 -0.5071930289268494 0.059165000915527344 0.8597981333732605 -1775.2462158203125
* 0.8710087537765503 0.002545524388551712 0.49126309156417847 -403.4639892578125 0.05455790087580681 0.9933004379272461 -0.10187295824289322 63.0813102722168 -0.48823103308677673 0.11553149670362473 0.8650323152542114 -1770.5191650390625
* 0.8848658204078674 0.015567786060273647 0.46558815240859985 -403.7364501953125 0.05708722025156021 0.9882858991622925 -0.14153602719306946 62.278785705566406 -0.46233755350112915 0.15181641280651093 0.8736096620559692 -1766.4473876953125
* 0.8776830434799194 0.001339395996183157 0.4792419672012329 -408.2046813964844 0.04635867476463318 0.9950698614120483 -0.08767709136009216 64.13755798339844 -0.4769965410232544 0.09916670620441437 0.873291552066803 -1779.934326171875
* 0.8614532947540283 0.002314835786819458 0.50783371925354 -405.48065185546875 0.03847675770521164 0.9968183636665344 -0.06980815529823303 61.40550994873047 -0.5063793659210205 0.07967329025268555 0.8586209416389465 -1766.216552734375
* 0.8778373003005981 -0.007099203299731016 0.478908509016037 -405.90020751953125 0.03154674172401428 0.998576283454895 -0.04301723837852478 56.92815017700195 -0.47792118787765503 0.052867237478494644 0.8768090605735779 -1766.8165283203125
* 0.8670554757118225 0.023645436391234398 0.4976523816585541 -399.9532165527344 0.05053740367293358 0.9895474314689636 -0.13506317138671875 52.66395950317383 -0.495644211769104 0.14225418865680695 0.8567953705787659 -1737.6259765625
* 0.8879325985908508 -0.0688396692276001 0.4547955095767975 -406.22186279296875 0.014128345996141434 0.9923522472381592 0.12262804806232452 54.55082702636719 -0.459758996963501 -0.10246241092681885 0.882111668586731 -1761.0048828125
* 0.8642811179161072 0.0013812838587909937 0.5030093789100647 -401.9298095703125 0.05119030177593231 0.9945634007453918 -0.09068239480257034 59.42672348022461 -0.5004000067710876 0.10412125289440155 0.8595093488693237 -1737.5216064453125
* 0.8738166689872742 0.03797962889075279 0.484772264957428 -402.3547668457031 0.04708333685994148 0.9856528639793396 -0.16208530962467194 62.52480697631836 -0.4839731454849243 0.1644543558359146 0.8594896197319031 -1737.5325927734375
* 0.8755090236663818 -0.024489350616931915 0.4825829267501831 -398.38824462890625 0.043357864022254944 0.99866783618927 -0.027976538985967636 59.34470748901367 -0.4812549352645874 0.04541459679603577 0.8754021525382996 -1715.8984375
* 0.8402783870697021 0.01820703037083149 0.541851282119751 -394.72467041015625 0.04728236049413681 0.9931674003601074 -0.10669073462486267 50.83641052246094 -0.5400914549827576 0.11526685953140259 0.8336740732192993 -1704.4073486328125
* 0.8571835160255432 -0.006854779552668333 0.5149674415588379 -391.5368957519531 0.03691241890192032 0.9981577396392822 -0.048150770366191864 41.29484939575195 -0.5136886835098267 0.06027980521321297 0.8558550477027893 -1694.2630615234375
* 0.84614497423172 -0.0027497699484229088 0.5329475998878479 -389.4195861816406 0.03979811817407608 0.9975208640098572 -0.05803489685058594 30.976709365844727 -0.5314667820930481 0.07031328976154327 0.844154417514801 -1693.5660400390625
* 0.8614976406097412 -8.677144069224596E-5 0.5077635049819946 -391.6242370605469 0.034113623201847076 0.9977506995201111 -0.05770355463027954 23.939090728759766 -0.506616473197937 0.06703018397092819 0.859560489654541 -1712.065185546875
* 0.8726186752319336 0.006618007086217403 0.4883592426776886 -385.467041015625 0.034943077713251114 0.9965001344680786 -0.07593663781881332 14.884937286376953 -0.48715269565582275 0.08332552015781403 0.8693310618400574 -1690.969970703125
* 0.8614353537559509 0.00410041306167841 0.5078524351119995 -385.208740234375 0.03773870691657066 0.9966862797737122 -0.07205600291490555 1.8798160552978516 -0.5064650774002075 0.08123432099819183 0.8584237694740295 -1681.2530517578125
* 0.8295360207557678 0.010909964330494404 0.5583482384681702 -382.39617919921875 0.020777728408575058 0.9985141158103943 -0.05037565529346466 -15.826419830322266 -0.558068037033081 0.05338671803474426 0.8280743956565857 -1646.893798828125
* 0.794522762298584 0.006404698360711336 0.6072019934654236 -381.3305358886719 0.0167354978621006 0.9993336796760559 -0.032435160130262375 -42.40562438964844 -0.6070048809051514 0.03592943027615547 0.7938839197158813 -1625.337890625
* 0.7887012958526611 -0.013006895780563354 0.6146403551101685 -377.3804016113281 -0.027271084487438202 0.998051643371582 0.05611862987279892 -74.25544738769531 -0.6141722798347473 -0.06102539971470833 0.7868074178695679 -1606.059326171875
* 0.8056294918060303 -0.012028875760734081 0.5922991633415222 -381.1866149902344 -0.04082467779517174 0.9962896108627319 0.07576624304056168 -105.77383422851563 -0.5910123586654663 -0.08522253483533859 0.8021466135978699 -1623.6656494140625
* 0.7838370203971863 -0.019900720566511154 0.6206490993499756 -378.7715148925781 -0.05571287125349045 0.9932013750076294 0.1022118553519249 -149.49935913085938 -0.6184629797935486 -0.11469808965921402 0.7773966193199158 -1615.416259765625
* 0.784888505935669 -0.012774882838129997 0.6195068359375 -374.4769287109375 -0.0951511338353157 0.985444188117981 0.14087726175785065 -195.3281707763672 -0.612288236618042 -0.16952209174633026 0.7722454071044922 -1592.640869140625
* 0.8514922261238098 -0.03504618629813194 0.5231966972351074 -387.03125 -0.07722730189561844 0.9785016775131226 0.19123521447181702 -237.00238037109375 -0.5186502933502197 -0.20324261486530304 0.8304768800735474 -1637.1962890625
* 0.9196081757545471 -0.020409299060702324 0.39230865240097046 -402.0634765625 -0.04714177921414375 0.9856986403465271 0.16179049015045166 -252.28482055664063 -0.39000004529953003 -0.16728036105632782 0.9054914116859436 -1690.920654296875
* 0.8917430639266968 -0.05327478051185608 0.44939741492271423 -398.4883117675781 -0.058134183287620544 0.9713320136070251 0.23051020503044128 -239.4202880859375 -0.4487941265106201 -0.23168334364891052 0.8630782961845398 -1675.604736328125
* 0.8847997188568115 -0.01612565666437149 0.46569448709487915 -395.2516174316406 -0.0361071415245533 0.9940231442451477 0.10302743315696716 -219.0632781982422 -0.46457213163375854 -0.10797606408596039 0.8789262771606445 -1673.895751953125
* 0.9032529592514038 -0.0014206295600160956 0.4291081428527832 -394.9989929199219 -0.028282085433602333 0.9976229071617126 0.06284096091985703 -188.75631713867188 -0.42817723751068115 -0.06889999657869339 0.9010629653930664 -1694.966796875
* 0.9246537089347839 -0.04234452173113823 0.3784498870372772 -393.6974182128906 -0.03285251185297966 0.9812224507331848 0.1900622546672821 -145.66090393066406 -0.379391610622406 -0.18817707896232605 0.905896782875061 -1713.908203125
* 0.9237689971923828 -0.006373843178153038 0.3828997015953064 -382.54071044921875 -0.014017578214406967 0.998628556728363 0.05044804885983467 -105.9772720336914 -0.3826962113380432 -0.05197236314415932 0.9224098324775696 -1694.251220703125
* 0.9138197898864746 -0.01845061033964157 0.4057031273841858 -371.5821838378906 -6.692198803648353E-4 0.9988977313041687 0.04694131761789322 -75.97869873046875 -0.4061220586299896 -0.04317012429237366 0.912797212600708 -1675.0621337890625
* 0.9338230490684509 -0.005132755264639854 0.3577013909816742 -372.67425537109375 0.013736422173678875 0.9996746182441711 -0.02150920033454895 -51.13798522949219 -0.35747483372688293 0.02499641478061676 0.933586835861206 -1689.7578125
* 0.8995192646980286 0.019216760993003845 0.4364606440067291 -369.22772216796875 0.024850614368915558 0.9951649308204651 -0.09502573311328888 -29.317243576049805 -0.43617647886276245 0.09632065892219543 0.8946897983551025 -1663.76220703125
* 0.9273450970649719 -0.003857746720314026 0.3741903305053711 -378.47686767578125 0.0037138862535357475 0.999992847442627 0.0011120140552520752 -21.66567611694336 -0.37419214844703674 3.5562366247177124E-4 0.9273497462272644 -1669.1800537109375
* 0.8590814471244812 0.014618044719099998 0.5116320252418518 -380.4729309082031 0.017420386895537376 0.9981786608695984 -0.05776510387659073 -22.054031372070313 -0.5115442276000977 0.058534737676382065 0.8572593331336975 -1635.0966796875
* 0.8676964044570923 0.011710378341376781 0.49695858359336853 -388.8265075683594 0.017252525314688683 0.9984114766120911 -0.05364483594894409 -25.811662673950195 -0.49679702520370483 0.055118221789598465 0.8661131858825684 -1641.06982421875
* 0.8807513117790222 -4.1070953011512756E-4 0.4735810160636902 -396.0102233886719 0.00679528433829546 0.9999081492424011 -0.011765241622924805 -28.371004104614258 -0.47353240847587585 0.013577483594417572 0.8806702494621277 -1656.590576171875
* 0.8982886672019958 -0.010423170402646065 0.4392843246459961 -395.585693359375 0.01004561223089695 0.9999448657035828 0.003189760260283947 -32.370052337646484 -0.43929323554039 0.0015447227051481605 0.8983408808708191 -1658.284912109375
* 0.883682131767273 -0.00436790194362402 0.4680691659450531 -391.80596923828125 -0.0017237486317753792 0.999919593334198 0.012590639293193817 -36.72109603881836 -0.468086302280426 -0.011935755610466003 0.883600652217865 -1653.4730224609375
* 0.8996143341064453 0.02236003428697586 0.436114639043808 -390.1169738769531 -0.008459223434329033 0.9993936419487 -0.03378460928797722 -37.641815185546875 -0.4366055428981781 0.02670101821422577 0.8992552161216736 -1662.13671875
* 0.8935703635215759 -0.0041296109557151794 0.4489063024520874 -387.01226806640625 -6.944877095520496E-4 0.9999440312385559 0.010586664080619812 -35.364261627197266 -0.44892480969429016 -0.009774463251233101 0.8935145139694214 -1662.0279541015625
* 0.856968879699707 0.010027050971984863 0.5152725577354431 -378.2890319824219 -0.004041844513267279 0.9999110698699951 -0.012731092981994152 -33.527957916259766 -0.5153540968894958 0.008824674412608147 0.8569302558898926 -1632.617919921875
* 0.8763531446456909 -0.004823597148060799 0.48164695501327515 -380.66595458984375 -0.004013978876173496 0.9998421669006348 0.017321720719337463 -31.724334716796875 -0.4816543161869049 -0.017116010189056396 0.8761925101280212 -1644.5946044921875
* 0.8632026314735413 0.0303049273788929 0.5039490461349487 -381.4646911621094 0.01255780179053545 0.9965996742248535 -0.08143553137779236 -28.712533950805664 -0.504703164100647 0.07662082463502884 0.8598843216896057 -1646.1900634765625
* 0.8743342757225037 0.008773164823651314 0.48524683713912964 -382.2431640625 0.014036805368959904 0.9989616274833679 -0.043347954750061035 -27.167707443237305 -0.4851231276988983 0.0447089821100235 0.8733004927635193 -1641.6754150390625
* 0.8495433926582336 0.019660446792840958 0.5271540880203247 -383.40802001953125 0.0038992518093436956 0.9990442991256714 -0.04353903606534004 -27.15755271911621 -0.5275059342384338 0.039040882140398026 0.8486521244049072 -1640.134033203125
* 0.8836610913276672 0.0020701815374195576 0.4681246280670166 -386.0122375488281 0.004750646185129881 0.9998993277549744 -0.013384154997766018 -27.47875213623047 -0.4681050479412079 0.014048098586499691 0.8835594654083252 -1647.7733154296875
* 0.8989261388778687 -0.00465850904583931 0.43807750940322876 -393.06671142578125 -0.0029160939157009125 0.9998577833175659 0.016621887683868408 -28.39698600769043 -0.43809252977371216 -0.016222093254327774 0.8987818360328674 -1668.37939453125
* 0.8629975318908691 -0.03297173231840134 0.504132866859436 -388.8548583984375 -2.974495873786509E-4 0.9978345036506653 0.06577534973621368 -29.72797966003418 -0.5052096843719482 -0.056916553527116776 0.8611159920692444 -1648.20751953125
* 0.8650936484336853 0.001616884022951126 0.5016095042228699 -391.4239501953125 3.480341692920774E-4 0.9999927878379822 -0.0038186386227607727 -29.862030029296875 -0.5016118884086609 0.003475222736597061 0.8650841116905212 -1657.8594970703125
* 0.8750932812690735 -0.01351502537727356 0.4837675392627716 -391.455810546875 -0.01161800604313612 0.9987351894378662 0.048922762274742126 -27.945331573486328 -0.48381662368774414 -0.048435065895318985 0.8738264441490173 -1660.2003173828125
* 0.8949242234230042 0.0018106502247974277 0.44621652364730835 -391.88037109375 0.0035908627323806286 0.9999304413795471 -0.011253781616687775 -25.834125518798828 -0.4462057948112488 0.011670741252601147 0.8948526382446289 -1663.418701171875
* 0.8701607584953308 0.004209370352327824 0.49275174736976624 -386.11407470703125 0.019726470112800598 0.9988648295402527 -0.04336325824260712 -24.153587341308594 -0.4923747479915619 0.04745032265782356 0.8690872192382813 -1648.322509765625
* 0.8887461423873901 0.0011408885475248098 0.45840030908584595 -388.21014404296875 4.962520906701684E-4 0.9999942183494568 -0.0034456015564501286 -23.342844009399414 -0.45840147137641907 0.0032869228161871433 0.8887374401092529 -1657.555908203125
* 0.865459680557251 -0.003447215771302581 0.5009685754776001 -388.54010009765625 0.004133524373173714 0.9999916553497314 -2.550374483689666E-4 -23.271156311035156 -0.5009632706642151 0.0022886788938194513 0.8654637336730957 -1656.0635986328125
* 0.8898048996925354 0.006273502949625254 0.45630010962486267 -390.5196838378906 0.009745942428708076 0.9994165897369385 -0.032740313559770584 -23.540307998657227 -0.4562392234802246 0.03357666730880737 0.889221727848053 -1657.516357421875
* 0.8759709000587463 4.114503972232342E-4 0.4823657274246216 -392.4360046386719 0.004904961213469505 0.9999405741691589 -0.009755263105034828 -23.317529678344727 -0.48234090209007263 0.010908478870987892 0.8759139180183411 -1657.2451171875
* 0.8688777685165405 0.014976589009165764 0.4948018789291382 -389.3731384277344 0.020032145082950592 0.9976602792739868 -0.06536883115768433 -22.174930572509766 -0.49462300539016724 0.06670647859573364 0.8665421605110168 -1643.2264404296875
* 0.885581374168396 -0.00509905070066452 0.46445831656455994 -394.4089050292969 0.0027565474156290293 0.9999800324440002 0.005727551877498627 -21.113740921020508 -0.4644780457019806 -0.003794696182012558 0.8855748176574707 -1662.645263671875
* 0.8739471435546875 0.010692775249481201 0.48590531945228577 -393.28582763671875 0.01363046932965517 0.9988259077072144 -0.04649081081151962 -19.509078979492188 -0.48583173751831055 0.047250691801309586 0.8727725744247437 -1650.0723876953125
* 0.8989562392234802 -0.007750067859888077 0.4379720091819763 -398.81011962890625 -0.005231996066868305 0.9995822310447693 0.02843238040804863 -19.174402236938477 -0.43800926208496094 -0.02785366028547287 0.8985372185707092 -1670.6414794921875
* 0.8669714331626892 0.012188248336315155 0.4982106387615204 -396.7025146484375 0.02025902085006237 0.9980131387710571 -0.05966474115848541 -19.92556381225586 -0.49794766306877136 0.06181791424751282 0.8649992942810059 -1653.7977294921875
* 0.8702413439750671 0.011125809513032436 0.4925018846988678 -397.5413818359375 0.01503512542694807 0.9986798167228699 -0.04912249371409416 -19.766864776611328 -0.4923979341983795 0.0501503124833107 0.8689225316047668 -1648.9998779296875
* 0.8702413439750671 0.011125809513032436 0.4925018846988678 -397.5413818359375 0.01503512542694807 0.9986798167228699 -0.04912249371409416 -19.766864776611328 -0.4923979341983795 0.0501503124833107 0.8689225316047668 -1648.9998779296875
* 0.86939936876297 -7.29153398424387E-4 0.4941115379333496 -397.6802062988281 0.012889673002064228 0.9996923208236694 -0.021199582144618034 -19.533254623413086 -0.49394381046295166 0.024796979501843452 0.8691385388374329 -1645.8538818359375
* 0.872061550617218 0.001886381534859538 0.4893946647644043 -400.56982421875 0.010099111124873161 0.9997105002403259 -0.021844321861863136 -19.47831153869629 -0.48929399251937866 0.023989183828234673 0.8717873096466064 -1652.292236328125
* 0.8839879631996155 0.010318407788872719 0.4673978388309479 -405.0143737792969 0.008397670462727547 0.9992449879646301 -0.03793703764677048 -19.56818962097168 -0.4674362540245056 0.03745804727077484 0.8832312822341919 -1661.2156982421875
* 0.8713210225105286 0.0057810707949101925 0.49068135023117065 -405.4839782714844 0.009126602672040462 0.9995670318603516 -0.027978258207440376 -19.457618713378906 -0.49063044786453247 0.028853436931967735 0.8708882927894592 -1653.6815185546875
* 0.8707119226455688 -9.220493957400322E-4 0.4917944669723511 -407.4941711425781 0.0014702058397233486 0.9999988079071045 -7.233079522848129E-4 -18.94298553466797 -0.4917930066585541 0.0013500470668077469 0.8707094788551331 -1652.6766357421875
* 0.8720867037773132 0.04771916940808296 0.48702114820480347 -409.8230895996094 0.011807859875261784 0.9928929805755615 -0.11842431128025055 -19.221660614013672 -0.4892108738422394 0.10902385413646698 0.8653228878974915 -1654.7105712890625
* 0.8744167685508728 -0.011940807104110718 0.48503047227859497 -410.7601318359375 -0.010783646255731583 0.998971700668335 0.044039078056812286 -18.226680755615234 -0.48505741357803345 -0.04374153912067413 0.8733859658241272 -1656.70068359375
* 0.8520431518554688 0.035195693373680115 0.5222888588905334 -403.56536865234375 0.007343711331486702 0.9968357682228088 -0.07914993166923523 -17.679298400878906 -0.5234217047691345 0.07127171754837036 0.8490860462188721 -1625.9315185546875
* 0.8580594062805176 0.005375197157263756 0.5135242938995361 -411.44256591796875 0.00930885411798954 0.999618411064148 -0.026013046503067017 -17.37346076965332 -0.5134679079055786 0.02709822729229927 0.8576791286468506 -1651.2491455078125
* 0.8708641529083252 0.0018339997623115778 0.4915224313735962 -412.1365051269531 0.004647338297218084 0.99991774559021 -0.01196011621505022 -16.34075927734375 -0.4915037751197815 0.012697108089923859 0.8707812428474426 -1653.109619140625
* 0.8444154262542725 0.01765725016593933 0.5353997349739075 -406.79827880859375 0.011778542771935463 0.998603343963623 -0.05150582268834114 -15.776167869567871 -0.5355611443519592 0.049795642495155334 0.8430253863334656 -1637.136962890625
* 0.8826425075531006 0.0013164691627025604 0.470045268535614 -414.3074035644531 -4.847743548452854E-4 0.9999982714653015 -0.0018854252994060516 -14.665504455566406 -0.4700467884540558 0.0014335475862026215 0.8826387524604797 -1670.3756103515625
* 0.842586874961853 0.03608943894505501 0.5373518466949463 -403.8924255371094 0.013550888746976852 0.9960163235664368 -0.08813797682523727 -13.006681442260742 -0.5383917093276978 0.08154251426458359 0.8387385606765747 -1626.2154541015625
* 0.8780801296234131 0.007845230400562286 0.47845155000686646 -415.1603088378906 0.005792368669062853 0.999618411064148 -0.02701641246676445 -12.317671775817871 -0.4784807562828064 0.026491139084100723 0.8776967525482178 -1665.3062744140625
* 0.8720831871032715 -0.010271629318594933 0.4892520010471344 -413.9794616699219 -0.0026963348500430584 0.999663770198822 0.025798488408327103 -11.71098518371582 -0.4893522262573242 -0.023820258677005768 0.871759295463562 -1651.7708740234375
* 0.8595094680786133 0.012918446213006973 0.5109585523605347 -415.6488037109375 0.01549011841416359 0.9985634684562683 -0.05129856988787651 -10.573444366455078 -0.5108869075775146 0.052003536373376846 0.8580719232559204 -1649.09423828125
* 0.8451435565948486 0.020564140751957893 0.5341454744338989 -413.79058837890625 0.013577479869127274 0.9981119632720947 -0.059904795140028 -8.832192420959473 -0.5343684554100037 0.057877589017152786 0.8432660698890686 -1631.05078125
* 0.8580663800239563 0.00988252367824316 0.5134454369544983 -423.0820617675781 0.012432490475475788 0.9991223812103271 -0.04000306874513626 -8.09505558013916 -0.5133898258209229 0.040705837309360504 0.8571878671646118 -1651.843505859375
* 0.8677718639373779 0.0017836503684520721 0.496961385011673 -430.1395263671875 0.003317202441394329 0.9999507069587708 -0.009376510977745056 -7.699909210205078 -0.4969532787799835 0.009782418608665466 0.8677204251289368 -1661.451416015625
* 0.8566067218780518 0.003016569884493947 0.5159627795219421 -432.2225646972656 0.005602092947810888 0.9998698234558105 -0.015141792595386505 -7.233333587646484 -0.5159409046173096 0.01585824228823185 0.8564755916595459 -1651.9898681640625
* 0.8628371953964233 0.027355097234249115 0.5047429800033569 -435.65185546875 0.01885777711868286 0.9960981011390686 -0.0862165242433548 -5.6797380447387695 -0.5051316618919373 0.08390617370605469 0.8589520454406738 -1649.3291015625
* 0.8344844579696655 0.006103816442191601 0.5509992241859436 -434.05462646484375 0.011793753132224083 0.9995119571685791 -0.028929606080055237 -2.1724042892456055 -0.5509064793586731 0.030636826530098915 0.8340026140213013 -1633.3262939453125
* 0.8377652168273926 0.009196985512971878 0.545954704284668 -438.5290832519531 0.013091674074530602 0.9992326498031616 -0.03691760078072548 -1.5726598501205444 -0.5458748936653137 0.03807289898395538 0.8369994163513184 -1641.848876953125
* 0.8350775837898254 -0.012488782405853271 0.5499919652938843 -439.8642578125 -0.007492947857826948 0.9993913173675537 0.034074507653713226 -0.014649629592895508 -0.550082266330719 -0.03257857263088226 0.8344728946685791 -1638.26416015625
* 0.8505533933639526 0.02209627628326416 0.525425910949707 -447.2729797363281 0.008332797326147556 0.9984255433082581 -0.05547237768769264 1.5756747722625732 -0.5258240699768066 0.05155758559703827 0.8490275740623474 -1650.21533203125
* 0.8136321306228638 0.03392380475997925 0.580390989780426 -444.77984619140625 0.03661913424730301 0.9933242201805115 -0.10939094424247742 3.4573450088500977 -0.5802268981933594 0.11025436222553253 0.8069558143615723 -1623.014892578125
* 0.8356029987335205 0.024602122604846954 0.5487843155860901 -453.481201171875 0.026877423748373985 0.9959697723388672 -0.08557005226612091 5.066969871520996 -0.5486773252487183 0.08624951541423798 0.8315715193748474 -1632.754150390625
* 0.84656822681427 0.0223812498152256 0.5318112373352051 -457.5938415527344 0.0244392529129982 0.9964281320571899 -0.08083409070968628 6.183661937713623 -0.5317203998565674 0.08142567425966263 0.8429948091506958 -1626.055419921875
* 0.8436266183853149 0.022443193942308426 0.5364627242088318 -462.4568176269531 0.026831885799765587 0.9961161017417908 -0.0838637575507164 5.923316478729248 -0.5362609028816223 0.08514102548360825 0.839745283126831 -1628.074462890625
* 0.8083472847938538 1.881532371044159E-4 0.5887075066566467 -463.5914001464844 0.012067175470292568 0.9997848868370056 -0.016884811222553253 5.004053115844727 -0.5885833501815796 0.020750030875205994 0.8081682920455933 -1626.74658203125
* 0.8109554052352905 5.559807177633047E-4 0.585109293460846 -464.2967834472656 0.003521648934110999 0.9999769926071167 -0.005827114451676607 4.609750270843506 -0.5850984454154968 0.006783317308872938 0.8109319806098938 -1629.60595703125
* 0.8448050618171692 0.011708492413163185 0.53494793176651 -461.71331787109375 0.012578689493238926 0.9990500211715698 -0.04172654449939728 4.026370048522949 -0.5349279642105103 0.041976869106292725 0.8438524007797241 -1624.736572265625
* 0.7958819270133972 0.019635042175650597 0.6051349639892578 -458.9176025390625 0.018769491463899612 0.9981938004493713 -0.05707072466611862 3.1660749912261963 -0.6051620841026306 0.05677671730518341 0.7940731644630432 -1618.5028076171875
* 0.8207134008407593 0.011228187009692192 0.5712314248085022 -463.22564697265625 0.016153406351804733 0.9989514350891113 -0.04283963143825531 2.5287013053894043 -0.5711131691932678 0.044383518397808075 0.819668710231781 -1634.6541748046875
* 0.8207134008407593 0.011228187009692192 0.5712314248085022 -463.22564697265625 0.016153406351804733 0.9989514350891113 -0.04283963143825531 2.5287013053894043 -0.5711131691932678 0.044383518397808075 0.819668710231781 -1634.6541748046875
* 0.8327924609184265 0.036317773163318634 0.5523945093154907 -462.7081298828125 0.016683071851730347 0.9957464337348938 -0.09061358869075775 2.5919761657714844 -0.5533354878425598 0.08467493951320648 0.8286415934562683 -1629.5943603515625
* 0.8532700538635254 0.023401755839586258 0.5209458470344543 -464.8718566894531 0.00981130637228489 0.9980955719947815 -0.06090172380208969 2.5069243907928467 -0.5213788151741028 0.05707385390996933 0.8514127731323242 -1634.813720703125
* 0.8223017454147339 0.005609571933746338 0.5690257549285889 -467.8876647949219 0.005804549437016249 0.9998167753219604 -0.01824042946100235 3.0705227851867676 -0.5690235495567322 0.018299277871847153 0.8221157789230347 -1642.666015625
* 0.8086848855018616 0.007528661284595728 0.5881955027580261 -462.8208312988281 0.001741295214742422 0.9998831748962402 -0.015188130550086498 4.460939407348633 -0.5882408022880554 0.013303841464221478 0.8085745573043823 -1625.1934814453125
* 0.824213445186615 0.014756993390619755 0.5660885572433472 -464.88031005859375 0.01421346515417099 0.9988065361976624 -0.04672756791114807 4.830840587615967 -0.5661023259162903 0.046556681394577026 0.823017418384552 -1633.0638427734375
* 0.8706308007240295 0.018067460507154465 0.4916069805622101 -470.8384704589844 -0.00963938795030117 0.999760091304779 -0.019666992127895355 6.062961578369141 -0.49184444546699524 0.012381082400679588 0.8705934286117554 -1656.3092041015625
* 0.8547317981719971 2.714162692427635E-4 0.519071638584137 -463.3780212402344 8.601017761975527E-4 0.9999977350234985 -0.001934632658958435 6.826326847076416 -0.5190710425376892 0.002097255550324917 0.8547268509864807 -1630.640625
* 0.8249700665473938 -0.011867915280163288 0.5650534629821777 -469.9352722167969 -0.010222922079265118 0.9993023872375488 0.03591804578900337 8.643457412719727 -0.5650854706764221 -0.03541049733757973 0.8242704272270203 -1649.591552734375
* 0.8479174375534058 1.3391301035881042E-4 0.5301300287246704 -464.8078308105469 -4.159073578193784E-4 0.9999997615814209 4.1710585355758667E-4 10.656820297241211 -0.5301299095153809 -5.769394338130951E-4 0.8479145765304565 -1627.664306640625
* 0.8372460603713989 0.04726768657565117 0.5447811484336853 -464.9462585449219 0.02290262095630169 0.9923523664474487 -0.12129446119070053 12.946919441223145 -0.5463482737541199 0.11402715742588043 0.8297581672668457 -1626.861572265625
* 0.8312700986862183 0.02938452549278736 0.5550931096076965 -465.0108947753906 0.013652807101607323 0.9972216486930847 -0.07323035597801208 14.822277069091797 -0.5557026863098145 0.06844983994960785 0.8285567760467529 -1630.053955078125
* 0.8574554920196533 0.01014457643032074 0.5144598484039307 -463.7911071777344 0.009238733910024166 0.9993410706520081 -0.035099491477012634 17.969554901123047 -0.5144771337509155 0.03484635055065155 0.8567941188812256 -1631.771728515625
* 0.8462015986442566 0.03336883336305618 0.5318186283111572 -469.3008117675781 0.020694386214017868 0.9952268600463867 -0.09536853432655334 23.452281951904297 -0.5324627161026001 0.09170366078615189 0.8414695858955383 -1654.003173828125
* 0.8453583121299744 0.03563803806900978 0.5330111384391785 -464.1507568359375 0.01023274939507246 0.9965092539787292 -0.08285298198461533 31.180036544799805 -0.5341033935546875 0.07549165934324265 0.8420402407646179 -1631.9197998046875
* 0.846286952495575 0.02261028252542019 0.5322487950325012 -466.2973937988281 0.011302105151116848 0.9981123805046082 -0.060366541147232056 38.3952522277832 -0.5326091647148132 0.05710003897547722 0.8444313406944275 -1633.77392578125
* 0.82180255651474 0.060033880174160004 0.5666021704673767 -464.56524658203125 0.027028139680624008 0.9892073273658752 -0.14400818943977356 46.71247482299805 -0.5691326260566711 0.13365741074085236 0.8113082051277161 -1617.57373046875
* 0.816809892654419 0.037489451467990875 0.575688898563385 -471.758056640625 0.018840014934539795 0.9956211447715759 -0.09156264364719391 55.149410247802734 -0.5766008496284485 0.08563228696584702 0.8125243782997131 -1632.0384521484375
* 0.8017858266830444 0.05318138003349304 0.5952417850494385 -470.9009704589844 0.03952851891517639 0.9891325235366821 -0.14161376655101776 61.78394317626953 -0.5963044166564941 0.13706985116004944 0.7909678816795349 -1622.2122802734375
* 0.8199433088302612 0.021248269826173782 0.5720515251159668 -474.3087158203125 0.025163153186440468 0.9970074892044067 -0.07309590280056 67.04539489746094 -0.571893036365509 0.07432618737220764 0.8169523477554321 -1632.25390625
* 0.811346173286438 0.028922710567712784 0.5838513374328613 -471.7520446777344 0.03043094463646412 0.9953317046165466 -0.09159065037965775 71.0877456665039 -0.583774983882904 0.0920758992433548 0.8066758513450623 -1623.509033203125
* 0.8140180706977844 0.03033405728638172 0.5800482034683228 -473.08905029296875 0.028953008353710175 0.9952752590179443 -0.09267611056566238 75.8357162475586 -0.5801191329956055 0.09223119914531708 0.8092912435531616 -1628.582763671875
* 0.8434398770332336 0.03338629752397537 0.5361865758895874 -473.7939453125 0.033046409487724304 0.9929532408714294 -0.11380606889724731 81.02069854736328 -0.5362082123756409 0.1137046068906784 0.8363905549049377 -1627.914794921875
* 0.8440573811531067 0.036371778696775436 0.5350192785263062 -475.719970703125 0.029447264969348907 0.9930486679077148 -0.11396171897649765 86.82691955566406 -0.5354455709457397 0.11194209009408951 0.8371165990829468 -1626.77099609375
* 0.8302097320556641 0.004165373742580414 0.5574368238449097 -474.7206726074219 0.005071945954114199 0.9998743534088135 -0.015020936727523804 84.81771087646484 -0.5574295520782471 0.015295073390007019 0.8300816416740417 -1615.9681396484375
* 0.7917417287826538 0.05804488807916641 0.6080931425094604 -471.3338317871094 0.028713395819067955 0.9908390045166016 -0.13196055591106415 77.95520782470703 -0.6101821660995483 0.12193608283996582 0.7828196287155151 -1599.1759033203125
* 0.828125536441803 0.05114870145916939 0.5582054257392883 -482.74517822265625 0.022465499117970467 0.9920000433921814 -0.12422189861536026 77.7892837524414 -0.5600939393043518 0.11540870368480682 0.8203492164611816 -1627.2562255859375
* 0.8307780027389526 0.035025861114263535 0.5555020570755005 -487.3395690917969 0.03313830494880676 0.9931356906890869 -0.11217525601387024 77.53903198242188 -0.5556182861328125 0.1115981861948967 0.8239122629165649 -1621.01806640625
* 0.8082188963890076 0.026288576424121857 0.5882964134216309 -486.27301025390625 0.02125442959368229 0.9970502853393555 -0.07374992966651917 75.25828552246094 -0.5885000824928284 0.07210712134838104 0.8052736520767212 -1602.831298828125
* 0.789438784122467 0.029134495183825493 0.6131387948989868 -481.6840515136719 0.033837638795375824 0.9952890872955322 -0.09085632860660553 72.91439056396484 -0.612897515296936 0.09246976673603058 0.784731388092041 -1588.0694580078125
* 0.8165452480316162 0.012618478387594223 0.5771448612213135 -490.1060791015625 0.019840067252516747 0.9985573291778564 -0.049897581338882446 77.77710723876953 -0.5769420862197876 0.052191417664289474 0.8151142597198486 -1617.515380859375
* 0.8002932071685791 0.052424926310777664 0.5973139405250549 -479.1400451660156 0.035184528678655624 0.990348756313324 -0.13405755162239075 81.21493530273438 -0.5985773205757141 0.12829852104187012 0.7907225489616394 -1583.9136962890625
* 0.8106850981712341 0.0315563902258873 0.5846328139305115 -486.7486877441406 0.02652606926858425 0.9955418109893799 -0.09051413089036942 86.21833038330078 -0.5848830342292786 0.08888351917266846 0.8062313795089722 -1604.6746826171875
* 0.7895028591156006 0.02854922227561474 0.6130837798118591 -482.958984375 0.03486437350511551 0.9952186942100525 -0.09123675525188446 92.2066650390625 -0.6127575039863586 0.09340351819992065 0.7847301959991455 -1585.4488525390625
* 0.7897040247917175 0.039036981761455536 0.6122460961341858 -480.8961181640625 0.038420114666223526 0.9928680658340454 -0.11285758018493652 98.04959106445313 -0.6122854948043823 0.11264363676309586 0.7825697064399719 -1578.3892822265625
* 0.8141002655029297 0.02909434214234352 0.5799964666366577 -483.5729064941406 0.028660176321864128 0.9955146312713623 -0.09016191959381104 102.76695251464844 -0.5800184607505798 0.09002067893743515 0.8096123933792114 -1592.73974609375
