#
#
#
#
#
#
#
#
#
#
#
#
#
#
#
#
#
#
#
#
#
#
#
#
#
#
#
#
#
#
#
#
#
#
#
#
#
#
#
#
#
#
#
#
#
#
#
#
#
#
#
#
#
#
#
#
#
#
#
#
#
#
#
#
#
#
#
#
#
#
#
#
#
#
#
#
#
#
#
#
#
#
#
#
#
#
#
#
#
#
#
#
#
#
#
#
#
#
#
#
#
#
#
#
#
#
#
#
#
#
#
#
#
#
#
#
#
#
#
#
#
#
#
#
#
#
#
#
#
#
#
#
#
#
#
#
#
#
#
#
#
#
#
#
#
#
#
#
#
#
#
#
#
#
#
#
#
#
#
#
#
#
#
#
#
#
#
#
#
#
#
#
#
#
#
#
#
#
#
#
#
#
#
#
#
#
#
#
#
#
#
#
#
#
#
#
#
#
#
#
#
#
#
#
#
#
#
#
#
#
#
#
#
#
#
#
#
#
#
#
#
#
#
#
#
#
#
#
#
#
#
#
#
#
#
#
#
#
#
#
#
#
#
#
#
#
#
#
#
#
#
#
#
#
#
#
#
#
#
#
#
#
#
#
#
#
#
#
#
#
#
#
#
#
#
#
#
#
#
#
#
#
#
#
#
#
#
#
#
#
#
#
#
#
#
#
#
#
#
#
#
#
#
#
#
#
#
#
#
#
#
#
#
#
#
#
#
#
#
#
#
#
#
#
#
#
#
#
#
#
#
#
#
#
#
#
#
#
#
#
#
#
#
#
#
#
#
#
#
#
#
#
#
#
#
#
#
#
#
#
#
#
#
#
#
#
#
#
#
#
#
#
#
#
#
#
#
#
#
#
#
#
#
#
#
#
#
#
#
#
#
#
#
#
#
#
#
#
#
#
#
#
#
#
#
#
#
#
#
#
#
#
#
#
#
#
#
#
#
#
#
#
#
#
#
#
#
#
#
#
#
#
#
#
#
#
#
#
#
#
#
#
#
#
#
#
#
#
#
#
#
#
#
#
#
#
#
#
#
#
#
#
#
#
#
#
#
#
#
#
#
#
#
#
#
#
#
#
#
#
#
#
#
#
#
#
#
#
#
#
#
#
#
#
#
#
#
#
#
#
#
#
#
#
#
#
#
#
#
#
#
#
#
#
#
#
#
#
#
#
#
#
#
#
#
#
#
#
#
#
#
#
#
#
#
#
#
#
#
#
#
#
#
#
#
#
#
#
#
#
#
#
#
#
#
#
#
#
#
#
#
#
#
#
#
#
#
#
#
#
#
#
#
#
#
#
#
#
#
#
#
#
#
#
#
#
#
#
#
#
#
#
#
#
#
#
#
#
#
#
#
#
#
#
#
#
#
#
#
#
#
#
#
#
#
#
#
#
#
#
#
#
#
#
#
#
#
#
#
#
#
#
#
#
#
#
#
#
#
#
#
#
#
#
#
#
#
#
#
#
#
#
#
#
#
#
#
#
#
#
#
#
#
#
#
#
#
#
#
#
#
#
#
#
#
#
#
#
#
#
#
#
#
#
#
#
#
#
#
#
#
#
#
#
#
#
#
#
#
#
#
#
#
#
#
#
#
#
#
#
#
#
#
#
#
#
#
#
#
#
#
#
#
#
#
#
#
#
#
#
#
#
#
#
#
#
#
#
#
#
#
#
#
#
#
#
#
#
#
#
#
#
#
#
#
#
#
#
#
#
#
#
#
#
#
#
#
#
#
#
#
#
#
#
#
#
#
#
#
#
#
#
#
#
#
#
#
#
#
#
#
* 0.801513671875 -0.28818994760513306 0.5239417552947998 263.2991943359375 0.10726673156023026 0.931282639503479 0.3481447696685791 347.7639465332031 -0.5882726907730103 -0.2228427231311798 0.7773531675338745 -2643.378662109375
#
#
#
#
#
#
#
#
#
#
#
#
#
#
#
#
#
#
#
#
#
* 0.9983372688293457 0.04787701368331909 0.03207952901721001 -71.752197265625 -0.049376726150512695 0.9976626038551331 0.04725034907460213 66.58985137939453 -0.029742030426859856 -0.04875622317194939 0.9983677864074707 -321.134521484375
#
#
#
#
#
#
#
#
#
#
#
#
#
#
#
#
#
#
#
#
#
#
#
#
#
#
#
#
#
#
#
#
#
#
#
#
#
#
#
#
#
#
#
#
#
#
#
#
#
#
#
#
#
#
#
#
#
#
#
#
#
#
#
#
#
#
#
#
#
#
#
#
#
#
#
#
#
#
#
#
#
#
#
#
#
#
#
#
#
#
#
#
#
#
#
#
#
#
#
#
#
#
#
#
#
#
#
#
#
#
#
#
#
#
#
#
#
#
#
#
#
#
#
#
#
#
#
#
#
#
#
#
#
#
#
#
#
#
#
#
#
#
#
#
#
#
#
#
#
#
#
#
#
#
#
#
#
#
#
#
#
#
#
#
#
#
#
#
#
#
#
#
#
#
#
#
#
#
#
#
#
#
#
#
#
#
#
#
#
#
#
#
#
#
#
#
#
#
#
#
#
#
#
#
#
#
#
#
#
* 0.9941940903663635 0.02483932115137577 -0.10497333854436874 -77.75440216064453 -0.02291158400475979 0.9996550679206848 0.010827125050127506 6.550349235534668 0.10520000755786896 -0.008306469768285751 0.9944161176681519 -301.44036865234375
* 0.9943886995315552 0.026595143601298332 -0.10267471522092819 -78.07655334472656 -0.024611489847302437 0.9996054172515869 0.011644837446510792 4.588634967803955 0.10293775796890259 -0.00899984035640955 0.9946467876434326 -301.9873962402344
* 0.9955387711524963 0.025309402495622635 -0.09121502190828323 -78.22134399414063 -0.023781104013323784 0.9996629953384399 0.007786204107105732 2.1398489475250244 0.09137531369924545 -0.005529606249183416 0.9958008527755737 -302.1789855957031
* 0.9947657585144043 0.026229463517665863 -0.09905128926038742 -78.36045837402344 -0.024323560297489166 0.9996176958084106 0.011181379668414593 0.8567118048667908 0.09930060803890228 -0.008660892024636269 0.9950194954872131 -301.828369140625
* 0.9954655766487122 0.02597922459244728 -0.09182243049144745 -78.55050659179688 -0.024256940931081772 0.9996330738067627 0.009878556244075298 0.7598085403442383 0.0920393094420433 -0.007553752977401018 0.9957263469696045 -302.3258972167969
* 0.9951122999191284 0.02615337446331978 -0.09552781283855438 -78.36991882324219 -0.02423802576959133 0.9996150732040405 0.011599394492805004 0.800586462020874 0.09578832238912582 -0.009174611419439316 0.9953591227531433 -302.1463317871094
* 0.9956725239753723 0.025560103356838226 -0.08967086672782898 -78.07649993896484 -0.024332281202077866 0.9996696710586548 0.004561366513371468 0.8271265029907227 0.08975177258253098 -0.0023070774041116238 0.9959611892700195 -302.6387634277344
* 0.9941359162330627 0.028491362929344177 -0.10459412634372711 -77.40155792236328 -0.027088871225714684 0.9995907545089722 0.006061593536287546 1.126032829284668 0.10471775382757187 -0.0031400653533637524 0.994496762752533 -301.4989929199219
* 0.9952225089073181 0.02927303873002529 -0.09345196187496185 -77.14082336425781 -0.02851756475865841 0.999569296836853 -3.913308319170028E-4 1.7753796577453613 0.0933939665555954 0.0031070925761014223 0.9956241250038147 -301.9866638183594
* 0.995788037776947 0.02677329257130623 -0.08801913261413574 -77.21820831298828 -0.025777120143175125 0.9996417760848999 0.0020386534743010998 2.4749045372009277 0.08803606778383255 2.914358919952065E-4 0.9961169362068176 -302.4527893066406
* 0.9942183494567871 0.025694113224744797 -0.10453586280345917 -77.4531021118164 -0.023731479421257973 0.9996312856674194 0.011236969381570816 3.0422937870025635 0.10477996617555618 -0.008638537488877773 0.9944575428962708 -301.17340087890625
* 0.9958493709564209 0.026648130267858505 -0.08736079186201096 -78.30694580078125 -0.02480992302298546 0.9996007680892944 0.01161672081798315 3.9022061824798584 0.08762942254543304 -0.009348421357572079 0.996108889579773 -302.40997314453125
* 0.9943927526473999 0.027547607198357582 -0.10238225013017654 -78.16454315185547 -0.02505565993487835 0.9995235800743103 0.016639748588204384 4.775798797607422 0.10278572887182236 -0.013928508386015892 0.9946056008338928 -301.0124206542969
* 0.9952904582023621 0.029972704127430916 -0.09250134974718094 -77.68596649169922 -0.029395360499620438 0.9995412230491638 -0.0023099728859961033 5.588550567626953 0.09238336235284805 0.005070783663541079 0.9957102537155151 -301.781494140625
* 0.9948590993881226 0.027362847700715065 -0.09779850393533707 -76.3263931274414 -0.026781732216477394 0.9996150732040405 -0.0021210468839854 6.81333065032959 0.09769663214683533 0.004781969357281923 0.9952044486999512 -300.66357421875
* 0.9957387447357178 0.03029020130634308 -0.08743468672037125 -75.19515991210938 -0.02876303531229496 0.9995283484458923 0.0082315094769001 8.637398719787598 0.08763652294874191 -0.005628893151879311 0.9961363673210144 -301.4807434082031
* 0.9948578476905823 0.030491702258586884 -0.096882663667202 -73.48773956298828 -0.029676493257284164 0.9995354413986206 3.914990811608732E-4 10.356675148010254 0.09684325009584427 0.0025382644962519407 0.9952961802482605 -300.4419860839844
* 0.9949686527252197 0.030746880918741226 -0.09565672278404236 -72.11285400390625 -0.030812915414571762 0.9994622468948364 -0.008815611712634563 11.674418449401855 0.09532783925533295 0.011771277524530888 0.9953761696815491 -300.47808837890625
* 0.9946189522743225 0.03172794356942177 -0.09891773015260696 -70.4651107788086 -0.031831055879592896 0.9994309544563293 -0.008750694803893566 12.398391723632813 0.09857732802629471 0.011904808692634106 0.995058000087738 -299.6802673339844
* 0.9947165250778198 0.03038286603987217 -0.09835711121559143 -69.19466400146484 -0.029550207778811455 0.9995389580726624 6.004918832331896E-4 13.082219123840332 0.09832366555929184 0.0023617574479430914 0.9951515197753906 -299.4957580566406
* 0.9944213628768921 0.03121863305568695 -0.10104324668645859 -68.18193054199219 -0.03055664151906967 0.9995083808898926 -9.759182576090097E-4 13.740138053894043 0.10095670819282532 0.004110604524612427 0.9948821067810059 -298.8694152832031
* 0.9951393604278564 0.0324615016579628 -0.0932849645614624 -67.69144439697266 -0.031769268214702606 0.999470591545105 -9.246128611266613E-4 14.922846794128418 0.09319911897182465 0.00393629027530551 0.995639443397522 -299.2710266113281
* 0.9951165318489075 0.032404690980911255 -0.09354783594608307 -67.7666244506836 -0.031628288328647614 0.9994754791259766 -1.9703438738361E-5 16.534208297729492 0.09349169582128525 0.0030309471767395735 0.9956151843070984 -300.10943603515625
* 0.9949237108230591 0.0344611294567585 -0.09485459327697754 -68.37810516357422 -0.03363025188446045 0.9994098544120789 6.911339005455375E-4 17.96735954284668 0.09481590241193771 0.002554948441684246 0.9954912662506104 -300.2286682128906
* 0.9948886036872864 0.034957386553287506 -0.09504122287034988 -69.54222869873047 -0.03545503318309784 0.999259352684021 -0.013236524537205696 19.35382652282715 0.09450149536132813 0.016591070219874382 0.9953861832618713 -300.1698303222656
* 0.9954379796981812 0.03372666612267494 -0.08957628905773163 -71.59622955322266 -0.033455852419137955 0.9993994832038879 -0.00572129525244236 21.27068328857422 0.08932305127382278 0.008744608610868454 0.9959640502929688 -301.0948791503906
* 0.9950066208839417 0.03159654513001442 -0.09498216211795807 -73.98080444335938 -0.030205216258764267 0.9994987845420837 0.006428990047425032 23.752466201782227 0.09513135999441147 -0.003475294914096594 0.9954583644866943 -301.4386291503906
* 0.9960464835166931 0.031529203057289124 -0.08340038359165192 -77.26012420654297 -0.030833685770630836 0.9994993209838867 -0.0013672516215592623 26.887493133544922 0.08330921083688736 0.00398598937317729 0.9965155124664307 -302.8679504394531
* 0.9957908987998962 0.031682439148426056 -0.086342953145504 -81.01106262207031 -0.03156568482518196 0.9994460344314575 -0.007917327806353569 30.63553810119629 0.08603791892528534 0.01066205371171236 0.9962345361709595 -303.90911865234375
* 0.9961103200912476 0.03035452775657177 -0.08307386189699173 -85.4472885131836 -0.030029116198420525 0.999507486820221 -0.005878773983567953 34.82130432128906 0.08284822106361389 0.00840314757078886 0.9965264797210693 -304.6749267578125
* 0.9960642457008362 0.031449735164642334 -0.0832190066576004 -89.3171615600586 -0.03087051585316658 0.999495267868042 -0.002773171989247203 38.66938018798828 0.08308346569538116 0.005383886396884918 0.9965277314186096 -303.7094421386719
* 0.9961985945701599 0.030251089483499527 -0.08204706013202667 -92.26992797851563 -0.030089857056736946 0.9994909763336182 -0.007988288067281246 41.522789001464844 0.08175737410783768 0.010479292832314968 0.9965968728065491 -302.5240478515625
* 0.9969571232795715 0.03283340483903885 -0.07111135125160217 -93.8022232055664 -0.033098816871643066 0.9993074536323547 -0.015512083657085896 43.09288024902344 0.07054641097784042 0.017871111631393433 0.9973480701446533 -301.8398132324219
* 0.996525764465332 0.029576975852251053 -0.07822976261377335 -93.8552474975586 -0.02987643890082836 0.9994252920150757 -0.014423144049942493 43.95601272583008 0.07775195688009262 0.01676280051469803 0.996831476688385 -300.9947204589844
* 0.9971768260002136 0.026793375611305237 -0.07056111842393875 -92.9330062866211 -0.027454422786831856 0.999367892742157 -0.02148672379553318 44.36958694458008 0.06993471831083298 0.023415789008140564 0.9972764849662781 -301.0382995605469
* 0.99666827917099 0.030502215027809143 -0.07602827996015549 -92.02298736572266 -0.03099701926112175 0.9993427395820618 -0.01745712198317051 44.50282287597656 0.07543953508138657 0.019808124750852585 0.9969534277915955 -300.95391845703125
* 0.9966453909873962 0.028363831341266632 -0.07714803516864777 -91.44444274902344 -0.028669385239481926 0.9994553923606873 -0.0147828608751297 44.41476821899414 0.07668056339025497 0.01699760928750038 0.9969106316566467 -300.812255859375
* 0.9965821504592896 0.029506776481866837 -0.07753542065620422 -91.46510314941406 -0.029895560815930367 0.999405026435852 -0.01573219709098339 44.594173431396484 0.0770188719034195 0.018048929050564766 0.9968660473823547 -300.9222106933594
* 0.9964552521705627 0.02689226157963276 -0.080075703561306 -91.33342742919922 -0.02711852639913559 0.9995205998420715 -0.013220992870628834 45.235042572021484 0.07967568933963776 0.01539822481572628 0.996701717376709 -300.6385192871094
* 0.9965870976448059 0.028976544737815857 -0.07767103612422943 -91.03754425048828 -0.0299065038561821 0.9992702007293701 -0.022720178589224815 45.7438850402832 0.07694977521896362 0.025018000975251198 0.9967208504676819 -301.2198486328125
* 0.9964828491210938 0.028911910951137543 -0.07902112603187561 -89.86530303955078 -0.030187075957655907 0.9991636872291565 -0.026686890050768852 45.7124137878418 0.07817721366882324 0.029030917212367058 0.9965164661407471 -301.0993347167969
* 0.9965865015983582 0.028470614925026894 -0.07786628603935242 -88.48455810546875 -0.02919437550008297 0.9993491172790527 -0.02001226507127285 45.3787956237793 0.07723964750766754 0.022269729524850845 0.9967635869979858 -301.1844787597656
* 0.996478259563446 0.03041665069758892 -0.07851337641477585 -86.61539459228516 -0.030800579115748405 0.999382495880127 -0.015409830957651138 44.81405258178711 0.07798989117145538 0.017826350405812263 0.9967945218086243 -300.62493896484375
* 0.9959887862205505 0.031681645661592484 -0.08403126895427704 -85.12596893310547 -0.03260882571339607 0.9992303848266602 -0.020663859322667122 44.4107780456543 0.08330553770065308 0.023373620584607124 0.9962497353553772 -300.2679443359375
* 0.9960729479789734 0.03039475716650486 -0.08350781351327896 -83.805419921875 -0.031444910913705826 0.9992315769195557 -0.022341417148709297 44.40127182006836 0.08275827020406723 0.02493206597864628 0.9962575435638428 -300.4347839355469
* 0.9964413046836853 0.026952020823955536 -0.08023173362016678 -82.59811401367188 -0.02839238941669464 0.9991695284843445 -0.02838469296693802 44.56462097167969 0.07939395308494568 0.030614133924245834 0.9963729381561279 -300.8560485839844
* 0.9960562586784363 0.03181704133749008 -0.08317740261554718 -81.45101165771484 -0.03249193727970123 0.9992882013320923 -0.017853932455182076 44.76976013183594 0.08254379034042358 0.020538637414574623 0.996375560760498 -300.7899475097656
* 0.9957876205444336 0.03219626471400261 -0.08619323372840881 -80.75244903564453 -0.03387206420302391 0.9989871382713318 -0.028788143768906593 44.322418212890625 0.0851726233959198 0.031638868153095245 0.9958635568618774 -300.7171325683594
* 0.9959551095962524 0.0316128209233284 -0.08445616811513901 -80.78638458251953 -0.03256308659911156 0.9992284774780273 -0.020822029560804367 43.6668815612793 0.0837264135479927 0.023540465161204338 0.9962104558944702 -300.7002258300781
* 0.9960711002349854 0.031152652576565742 -0.08325063437223434 -81.26091003417969 -0.031784627586603165 0.9993199110031128 -0.017343707382678986 42.45484161376953 0.0826473981142044 0.019974185153841972 0.9963783621788025 -300.9249572753906
* 0.9959251880645752 0.0308099165558815 -0.08510322123765945 -81.57891082763672 -0.031123118475079536 0.9994044899940491 -0.013164335861802101 41.37654495239258 0.08464065939188004 0.015811925753951073 0.9962857961654663 -300.5766296386719
* 0.9957693815231323 0.02997623011469841 -0.0871986374258995 -81.95852661132813 -0.03002435900270939 0.9994770288467407 -0.009775185957551003 40.471717834472656 0.0868537575006485 0.012404490262269974 0.9961435198783875 -300.5049133300781
* 0.9959564208984375 0.03090101294219494 -0.08470439910888672 -82.62422180175781 -0.03267718479037285 0.9989732503890991 -0.03059311769902706 39.417781829833984 0.08366569131612778 0.033289749175310135 0.9959373474121094 -300.72564697265625
* 0.995361328125 0.030750658363103867 -0.09148367494344711 -83.50896453857422 -0.03105149418115616 0.9994223713874817 -0.011916175484657288 38.638282775878906 0.09105808287858963 0.01475415751338005 0.9957359433174133 -300.3589172363281
* 0.9957442283630371 0.02662612870335579 -0.08856356143951416 -84.6397933959961 -0.02656382881104946 0.9995867609977722 -0.0084824925288558 37.770503997802734 0.08829505741596222 0.010851566679775715 0.9960349798202515 -300.2672424316406
* 0.996170699596405 0.02470584586262703 -0.08421715348958969 -85.67800903320313 -0.024567870423197746 0.9996399879455566 -0.008221959695219994 36.720855712890625 0.08397778123617172 0.010312100872397423 0.996414065361023 -300.308349609375
* 0.9955994486808777 0.02660130150616169 -0.0901842936873436 -86.7504653930664 -0.02674833871424198 0.9995615482330322 -0.010607199743390083 35.464134216308594 0.08985653519630432 0.01302535180002451 0.9958693385124207 -300.1195983886719
* 0.9961408376693726 0.023543549701571465 -0.08490044623613358 -88.24104309082031 -0.023358216509222984 0.99967360496521 -0.007630516309291124 34.483306884765625 0.0846872553229332 0.009636756032705307 0.996360719203949 -300.3663635253906
* 0.995658278465271 0.02244744263589382 -0.09066291898488998 -89.6939697265625 -0.022168973460793495 0.9997116327285767 -0.006037076469510794 33.500179290771484 0.09049545973539352 0.008073357865214348 0.9958639144897461 -299.74578857421875
* 0.995848536491394 0.022554518654942513 -0.08852145075798035 -91.17310333251953 -0.022564930841326714 0.999675989151001 -0.009485050104558468 32.41807174682617 0.08827303349971771 0.011495719663798809 0.996029794216156 -300.1234130859375
* 0.9958258271217346 0.021710015833377838 -0.08898671716451645 -91.6938705444336 -0.02065536193549633 0.9997592568397522 0.0024729291908442974 31.43126678466797 0.08901327848434448 -5.719217006117105E-4 0.9960300922393799 -299.37615966796875
* 0.9964094161987305 0.017821909859776497 -0.08312513679265976 -92.10807800292969 -0.01748390682041645 0.999803364276886 -0.006235391832888126 30.52873992919922 0.08299216628074646 0.007718971930444241 0.9965201616287231 -300.00384521484375
* 0.996436357498169 0.01797455921769142 -0.08276894688606262 -92.14517974853516 -0.018182996660470963 0.999727725982666 -0.012856402434408665 29.793495178222656 0.08250977098941803 0.014368152245879173 0.9964865446090698 -299.8849792480469
* 0.9967707395553589 0.01842411421239376 -0.07853575050830841 -92.51456451416016 -0.01902345009148121 0.9996217489242554 -0.018596382811665535 29.49306869506836 0.07815784215927124 0.02008289285004139 0.996738612651825 -300.41082763671875
* 0.9971765875816345 0.019633570685982704 -0.07288739085197449 -93.08470916748047 -0.01994849555194378 0.9996453523635864 -0.016205033287405968 29.543607711791992 0.07253777980804443 0.017665814608335495 0.9972091317176819 -300.75592041015625
* 0.9963127970695496 0.020027892664074898 -0.08377909660339355 -93.43055725097656 -0.019044026732444763 0.9997930526733398 0.0016035037115216255 30.010581970214844 0.08378827571868896 5.053449422121048E-5 0.9964835047721863 -299.8001708984375
* 0.9960691332817078 0.020375637337565422 -0.08654699474573135 -93.36083984375 -0.02041591703891754 0.9997153282165527 -0.01018408965319395 30.519947052001953 0.08630917221307755 0.011963564902544022 0.9961965084075928 -299.5722351074219
* 0.9965458512306213 0.021602243185043335 -0.08055494725704193 -92.9960708618164 -0.021607255563139915 0.9996861219406128 -0.010585797019302845 30.965728759765625 0.08029528707265854 0.012342368252575397 0.9966947436332703 -300.020263671875
* 0.9968428611755371 0.01936204358935356 -0.0773860439658165 -92.68587493896484 -0.02034747786819935 0.9994836449623108 -0.02386457845568657 31.3869686126709 0.07687840610742569 0.02541634440422058 0.9967164397239685 -300.3434143066406
* 0.9963761568069458 0.021167952567338943 -0.08273860067129135 -92.46998596191406 -0.022016797214746475 0.9995233416557312 -0.02048305608332157 32.09619140625 0.08225984126329422 0.022282976657152176 0.9963617324829102 -300.12664794921875
* 0.9971433281898499 0.020852908492088318 -0.07300403714179993 -92.55110168457031 -0.02165321633219719 0.9994810223579407 -0.02280494198203087 33.602779388427734 0.07248491793870926 0.024373069405555725 0.9970716238021851 -300.5082092285156
* 0.9973258376121521 0.021622320637106895 -0.07023399323225021 -92.43529510498047 -0.022358788177371025 0.9994648098945618 -0.02283545956015587 35.57117462158203 0.06969694048166275 0.02439722791314125 0.9972698092460632 -300.86181640625
* 0.9970266819000244 0.02184455655515194 -0.07429630309343338 -92.06974792480469 -0.022044599056243896 0.9996311664581299 -0.014242427423596382 37.446746826171875 0.0739520713686943 0.015890447422862053 0.9971351623535156 -300.23162841796875
* 0.9969056248664856 0.024221142753958702 -0.07517781853675842 -91.81564331054688 -0.02438119240105152 0.9995880126953125 -0.013437244109809399 38.97101974487305 0.074815534055233 0.015281105414032936 0.9970803260803223 -300.1143798828125
* 0.9968000054359436 0.02230745367705822 -0.07714427262544632 -91.56173706054688 -0.021526817232370377 0.9997434616088867 -9.309895685873926E-4 40.30061721801758 0.07709799706935883 0.0026412722654640675 0.9970200061798096 -299.5417175292969
* 0.9966339468955994 0.023425420746207237 -0.078937828540802 -91.22979736328125 -0.02314154990017414 0.9996825456619263 -0.007110447622835636 41.40410232543945 0.07874039560556412 0.008965810760855675 0.996854841709137 -299.20599365234375
* 0.9970843195915222 0.02510969713330269 -0.07246800512075424 -91.19863891601563 -0.025140197947621346 0.9995852708816528 -0.012187659740447998 42.747886657714844 0.07212603837251663 0.014026502147316933 0.9972969889640808 -300.5018005371094
* 0.9969515800476074 0.027270913124084473 -0.0735066831111908 -91.09772491455078 -0.028497746214270592 0.999169647693634 -0.028271961957216263 44.4423828125 0.07266857475042343 0.030332958325743675 0.996894896030426 -300.5960998535156
* 0.997183084487915 0.026795467361807823 -0.0704793855547905 -91.01007080078125 -0.027863603085279465 0.999213695526123 -0.02733137272298336 45.924312591552734 0.06968558579683304 0.0292705986648798 0.9971396327018738 -300.558837890625
* 0.9967155456542969 0.029576655477285385 -0.07578110694885254 -90.77147674560547 -0.03081812709569931 0.9991230964660645 -0.027470970526337624 46.35228729248047 0.0748959481716156 0.02976854518055916 0.9967471361160278 -300.0779724121094
* 0.9966542720794678 0.02770247682929039 -0.07728003710508347 -90.4386978149414 -0.028927084058523178 0.9991997480392456 -0.026728542521595955 46.59505081176758 0.07647163420915604 0.028926996514201164 0.9966523051261902 -299.8050537109375
* 0.9964040517807007 0.026811880990862846 -0.08074145764112473 -89.8919906616211 -0.027313224971294403 0.9994662404060364 -0.016509532928466797 47.00634002685547 0.08024965226650238 0.018707936629652977 0.9965994358062744 -299.2943115234375
* 0.9965653419494629 0.02485477365553379 -0.07936524599790573 -89.55393981933594 -0.025323325768113136 0.9995189309120178 -0.01649456098675728 47.507347106933594 0.07891115546226501 0.01850016973912716 0.9967101216316223 -299.2196350097656
* 0.9967182874679565 0.02506469562649727 -0.07735375314950943 -89.32638549804688 -0.02528540790081024 0.9995613694190979 -0.013758789747953415 48.439727783203125 0.07696902751922607 0.015722041949629784 0.9969096779823303 -299.4187316894531
* 0.9975986480712891 0.026958351954817772 -0.06426016986370087 -89.16889190673828 -0.02793324925005436 0.9991727471351624 -0.028721889480948448 49.62022018432617 0.06342671066522598 0.030500303953886032 0.9975204467773438 -300.7369689941406
* 0.997170090675354 0.02769342251121998 -0.07031398266553879 -88.17182922363281 -0.02857285924255848 0.9992629289627075 -0.024668749421834946 51.101139068603516 0.06957294791936874 0.02666042372584343 0.9972206950187683 -300.6140441894531
* 0.9967659711837769 0.027135005220770836 -0.07602953910827637 -85.88834381103516 -0.02839466743171215 0.9991888403892517 -0.027692008763551712 51.87088394165039 0.07521038502454758 0.029813678935170174 0.9967220425605774 -300.0771789550781
* 0.996228814125061 0.028473174199461937 -0.08232057839632034 -82.6781997680664 -0.03018106520175934 0.9990449547767639 -0.03081636317074299 51.907413482666016 0.08135833591222763 0.0332370363175869 0.996130645275116 -300.07220458984375
* 0.9959070086479187 0.03050924465060234 -0.08542650938034058 -79.36050415039063 -0.03248615190386772 0.9989129900932312 -0.03269077464938164 51.592811584472656 0.08432997018098831 0.03538448363542557 0.9958094358444214 -299.7371826171875
* 0.9959716200828552 0.029930537566542625 -0.0848761722445488 -76.31110382080078 -0.03141045942902565 0.9991161823272705 -0.027044115588068962 50.61640167236328 0.08398547768592834 0.029653549194335938 0.9960256218910217 -299.5392761230469
* 0.9957716464996338 0.03400612249970436 -0.08568335324525833 -73.74736785888672 -0.03686380386352539 0.998376190662384 -0.042862266302108765 48.7855110168457 0.08408012241125107 0.0458918921649456 0.9954016804695129 -299.9511413574219
* 0.9948976039886475 0.0338970310986042 -0.09533622860908508 -70.92936706542969 -0.03597606346011162 0.9988813400268555 -0.02988341823220253 46.65161895751953 0.09421011060476303 0.03321310132741928 0.9949981570243835 -299.0060729980469
* 0.9946306347846985 0.03267654404044151 -0.09849632531404495 -68.15364837646484 -0.034425169229507446 0.9990578293800354 -0.025484738871455193 44.656429290771484 0.09756433963775635 0.028791025280952454 0.9948126673698425 -299.11181640625
* 0.9945748448371887 0.03494279459118843 -0.09828003495931625 -64.87226867675781 -0.03741148114204407 0.9987364411354065 -0.0328192338347435 42.535396575927734 0.09700246155261993 0.03637029975652695 0.9946193695068359 -299.3105163574219
* 0.9935150146484375 0.032726503908634186 -0.10915981233119965 -61.02260971069336 -0.03646756336092949 0.9984710812568665 -0.04095115140080452 40.37103271484375 0.10764613002538681 0.044718652963638306 0.9931830167770386 -299.3967590332031
* 0.9936652779579163 0.03134213387966156 -0.10819420963525772 -56.845848083496094 -0.03348788246512413 0.9990606307983398 -0.026606667786836624 37.74790954589844 0.10725222527980804 0.030113698914647102 0.9937756657600403 -298.880126953125
* 0.9935157299041748 0.03362717106938362 -0.10887853056192398 -53.27299499511719 -0.0356162004172802 0.9990320801734924 -0.024855898693203926 35.068939208984375 0.1079307496547699 0.028624940663576126 0.9937462210655212 -298.7591247558594
* 0.9944043755531311 0.03496935963630676 -0.09997950494289398 -50.24214553833008 -0.037756502628326416 0.9986354112625122 -0.035399649292230606 32.27037811279297 0.09859853237867355 0.03902874141931534 0.9943616986274719 -298.8072204589844
* 0.9930391907691956 0.03515499457716942 -0.11267664283514023 -47.60331344604492 -0.03722038120031357 0.9989829063415527 -0.024475056678056717 29.234962463378906 0.11169496178627014 0.028550921007990837 0.9933323264122009 -298.02191162109375
* 0.9932750463485718 0.03481385111808777 -0.11068608611822128 -44.895782470703125 -0.035925935953855515 0.9991956353187561 -0.016390381380915642 26.81348419189453 0.11001986265182495 0.020309071987867355 0.9937219023704529 -297.9966125488281
* 0.9936934113502502 0.03536861762404442 -0.10668288171291351 -42.30707550048828 -0.03795073553919792 0.998775839805603 -0.030949478968977928 25.419151306152344 0.10545096546411514 0.034855302423238754 0.9938134551048279 -298.24285888671875
* 0.9930577874183655 0.03829487785696983 -0.11148316413164139 -39.92639923095703 -0.03969187289476395 0.9990142583847046 -0.01861182413995266 24.680233001708984 0.11065375059843063 0.02295996993780136 0.9935937523841858 -297.9539489746094
* 0.9942580461502075 0.03600731119513512 -0.10106126219034195 -38.357242584228516 -0.03740254044532776 0.9990536570549011 -0.021078819409012794 24.003129959106445 0.10020001977682114 0.024790097028017044 0.9946584701538086 -298.5227355957031
* 0.9937050342559814 0.03890853002667427 -0.10533489286899567 -36.988338470458984 -0.03917849808931351 0.999165415763855 -0.00922304205596447 22.989545822143555 0.1048813983798027 0.013344258069992065 0.9943951964378357 -298.0928649902344
* 0.9937918782234192 0.03894281014800072 -0.1044996827840805 -35.64128494262695 -0.04151879623532295 0.9986180067062378 -0.0314616896212101 21.85599136352539 0.10312323272228241 0.03565734997391701 0.9940292835235596 -298.5325927734375
* 0.993044912815094 0.03915005922317505 -0.11130194365978241 -34.2258415222168 -0.03911387547850609 0.9991940855979919 -0.005741196218878031 20.749168395996094 0.11098074167966843 0.010107142850756645 0.9937711954116821 -298.3965148925781
* 0.9934344291687012 0.03967369347810745 -0.10757806152105331 -32.91276168823242 -0.04188598692417145 0.998733639717102 -0.02698693424463272 19.560327529907227 0.10636428743600845 0.03136805444955826 0.9938324093818665 -299.1460266113281
* 0.9936008453369141 0.04026348516345024 -0.105807825922966 -31.926603317260742 -0.040804825723171234 0.9990748763084412 -0.011654512025415897 18.30697250366211 0.10523388534784317 0.015949781984090805 0.9943195581436157 -298.5399169921875
* 0.9928653240203857 0.039660368114709854 -0.11271508783102036 -31.385774612426758 -0.0387548953294754 0.9992223381996155 0.0020891393069177866 17.051347732543945 0.11270355433225632 0.0023464844562113285 0.993625819683075 -298.37237548828125
* 0.9936785697937012 0.04162865877151489 -0.10454252362251282 -31.27387237548828 -0.041145872324705124 0.9991269111633301 -0.0020004778634756804 15.260184288024902 0.1043611541390419 0.006341747008264065 0.9945191740989685 -298.8367919921875
* 0.9926646947860718 0.03758804127573967 -0.11516547948122025 -31.32158088684082 -0.03730764985084534 0.999273955821991 -0.003376990556716919 13.841931343078613 0.11494825035333633 0.007701225578784943 0.9933415651321411 -298.70819091796875
* 0.9920684099197388 0.03945894539356232 -0.11959325522184372 -31.590740203857422 -0.03904931992292404 0.999211311340332 -0.0019017523154616356 12.995305061340332 0.11941709369421005 0.0066091460175812244 0.9928221106529236 -298.71905517578125
* 0.9926052689552307 0.03809899836778641 -0.11550938338041306 -31.886032104492188 -0.037788499146699905 0.9992569088935852 -0.0030648100655525923 12.683995246887207 0.11530005186796188 0.007459502667188644 0.9933027029037476 -299.5096130371094
* 0.9930824041366577 0.038424912840127945 -0.11122021824121475 -31.959421157836914 -0.03796162083745003 0.9992530941963196 -0.0019639376550912857 12.549059867858887 0.11105496436357498 0.006224881857633591 0.9937947392463684 -299.67059326171875
* 0.9932745099067688 0.037950921803712845 -0.10965602844953537 -31.792749404907227 -0.03765527531504631 0.9992601275444031 -0.003600543364882469 12.0375394821167 0.10943156480789185 0.007757883053272963 0.9939640164375305 -299.12530517578125
* 0.992840588092804 0.039282333105802536 -0.11306439340114594 -31.646860122680664 -0.0381171777844429 0.9992396235466003 0.004356314428150654 11.743003845214844 0.11314281076192856 3.70262423530221E-5 0.9935787320137024 -299.2249755859375
* 0.9925916790962219 0.03854306414723396 -0.1154782772064209 -31.38678741455078 -0.037193696945905685 0.9992664456367493 0.005897254217416048 11.74641227722168 0.11561417579650879 -0.0015060368459671736 0.9932929873466492 -298.99310302734375
* 0.9920054078102112 0.03952053561806679 -0.12009315937757492 -31.069717407226563 -0.037763506174087524 0.999219536781311 0.00926295481622219 11.847190856933594 0.12035876512527466 -0.004601282998919487 0.9927197098731995 -298.7882995605469
* 0.9942565560340881 0.04060309752821922 -0.09931886196136475 -30.878555297851563 -0.03946799784898758 0.9991880059242249 0.004159556236118078 12.285992622375488 0.09940037131309509 -1.633013307582587E-4 0.9950474500656128 -299.83306884765625
* 0.9944688677787781 0.03866911306977272 -0.0979558676481247 -30.72966766357422 -0.03762440383434296 0.999262809753418 0.003150459611788392 13.344318389892578 0.09799882024526596 6.049345247447491E-4 0.9951862692832947 -300.0016174316406
* 0.9928353428840637 0.03974403068423271 -0.11294814199209213 -30.71027183532715 -0.039160214364528656 0.9992085099220276 -7.330551161430776E-4 14.09095573425293 0.11282279342412949 0.005203281529247761 0.993601381778717 -299.25347900390625
* 0.992285966873169 0.03871355205774307 -0.11801953613758087 -30.609495162963867 -0.03768290579319 0.9992605447769165 0.003194157499819994 14.311617851257324 0.11804915219545364 0.001330236904323101 0.9930067658424377 -299.1572570800781
* 0.9934574365615845 0.0388934500515461 -0.10764926671981812 -30.54087257385254 -0.03780870884656906 0.9992544054985046 0.003598372219130397 14.367557525634766 0.10770222544670105 5.476898513734341E-4 0.9941829442977905 -299.39312744140625
* 0.9924985766410828 0.03962048143148422 -0.11591161787509918 -30.36008071899414 -0.03768187016248703 0.9992051124572754 0.01099135261029005 13.912980079650879 0.11624821275472641 -0.006488665472716093 0.9931988716125488 -299.0518493652344
* 0.9922853112220764 0.03935880586504936 -0.1178114265203476 -30.141990661621094 -0.03915214538574219 0.9992020726203918 -0.003721701679751277 13.712587356567383 0.11756408959627151 0.008357957936823368 0.9930299520492554 -299.2666931152344
* 0.9922177791595459 0.03941144794225693 -0.11836116015911102 -30.006927490234375 -0.03818489983677864 0.9992345571517944 0.004881461150944233 13.706924438476563 0.11845614016056061 -2.7142243925482035E-4 0.9929590225219727 -298.9357604980469
* 0.9927812814712524 0.03951820731163025 -0.1135016530752182 -30.142780303955078 -0.039339929819107056 0.9991926550865173 -0.004276624880731106 13.313727378845215 0.11323415488004684 0.008763293735682964 0.9935294389724731 -299.5618591308594
* 0.9916732311248779 0.04006136208772659 -0.12263063341379166 -30.331457138061523 -0.03901129588484764 0.9992085695266724 0.0034859967418015003 13.801227569580078 0.12266635149717331 0.0013794399565085769 0.9924467206001282 -299.3141174316406
* 0.9928499460220337 0.04269244149327278 -0.11173906922340393 -30.7581787109375 -0.04220251366496086 0.9990837574005127 -0.00145976641215384 14.545085906982422 0.11156740039587021 0.0062173944897949696 0.9937372207641602 -299.8026123046875
* 0.9931248426437378 0.04216722771525383 -0.1094731017947197 -31.493309020996094 -0.04163645952939987 0.999107837677002 -0.0012448260094970465 14.810883522033691 0.10931602865457535 0.005846737883985043 0.9939897060394287 -299.75433349609375
* 0.9931058883666992 0.043544746935367584 -0.10910490155220032 -32.40148162841797 -0.044675834476947784 0.9988426566123962 -0.016398586332798004 14.742231369018555 0.1082574799656868 0.021212182939052582 0.9938964247703552 -299.4590148925781
* 0.9925383925437927 0.04368538409471512 -0.11409800499677658 -33.46305465698242 -0.043016888201236725 0.9990500211715698 2.828352153301239E-4 14.573603630065918 0.11399497836828232 0.004679808393120766 0.9934702515602112 -299.35003662109375
* 0.9923524856567383 0.04339815676212311 -0.11581186950206757 -34.69623565673828 -0.04245639219880104 0.999070405960083 0.0026802646461874247 14.008496284484863 0.11581356078386307 0.0023095933720469475 0.9932682514190674 -299.15087890625
* 0.9917883276939392 0.04218284785747528 -0.12097848951816559 -36.0042724609375 -0.0416189543902874 0.999109148979187 -3.935405984520912E-4 13.732453346252441 0.12084715813398361 0.00547770457342267 0.9926559925079346 -299.1380615234375
* 0.9922893047332764 0.04314352944493294 -0.11644627153873444 -37.45271301269531 -0.04061301052570343 0.9990193843841553 0.01619376428425312 13.727691650390625 0.11702384054660797 -0.01128719188272953 0.9930648803710938 -299.00177001953125
* 0.9922239184379578 0.041040919721126556 -0.11775625497102737 -39.239559173583984 -0.03904527798295021 0.9991474747657776 0.011452729813754559 13.293353080749512 0.11811906099319458 -0.006713380105793476 0.9929766654968262 -299.20880126953125
* 0.9916139245033264 0.04390405863523483 -0.12179223448038101 -41.51872253417969 -0.04278073087334633 0.9990508556365967 0.004308713134378195 12.512097358703613 0.12185876071453094 9.90191358141601E-4 0.9925468564033508 -299.2077331542969
* 0.9913015961647034 0.04375842958688736 -0.12435988336801529 -44.348541259765625 -0.041967812925577164 0.9990480542182922 0.00963615719228983 11.217814445495605 0.12465615570545197 -0.004280790686607361 0.9921905994415283 -299.2947692871094
* 0.991244912147522 0.04140213876962662 -0.12561267614364624 -47.81528854370117 -0.03883324936032295 0.9990999698638916 0.015571321360766888 10.02810001373291 0.12613746523857117 -0.010504567064344883 0.9919570088386536 -299.6641845703125
* 0.9908688068389893 0.04344216734170914 -0.12787063419818878 -51.34829330444336 -0.04145737364888191 0.9990553259849548 0.011000462807714939 8.996403694152832 0.12822073698043823 -0.005546393804252148 0.9917299747467041 -299.06072998046875
* 0.9927940964698792 0.040039051324129105 -0.11320830881595612 -54.54309844970703 -0.038809310644865036 0.9992098808288574 0.004965183325111866 7.662397861480713 0.11331088095903397 -4.83435025671497E-4 0.9935593008995056 -299.43280029296875
* 0.9934406876564026 0.039502374827861786 -0.10758493095636368 -56.9271354675293 -0.03774412348866463 0.9992145895957947 0.009844495914876461 6.27508544921875 0.10788260400295258 -0.005666761659085751 0.9941473603248596 -299.36932373046875
* 0.9934673309326172 0.03902595117688179 -0.10751274973154068 -58.589603424072266 -0.03695601969957352 0.9992119073867798 0.012695398181676865 5.315667152404785 0.10791679471731186 -0.008586741052567959 0.9941226840019226 -299.246337890625
* 0.9936935901641846 0.03740933910012245 -0.1059848964214325 -59.807186126708984 -0.03631022945046425 0.9993095397949219 0.0036473418585956097 5.0030717849731445 0.10604153573513031 2.764429082162678E-4 0.9943614602088928 -299.06927490234375
* 0.9935961961746216 0.03776407614350319 -0.10676884651184082 -60.98540115356445 -0.036627963185310364 0.9992966055870056 0.004012613091617823 4.913047790527344 0.10683860629796982 -2.3762120690662414E-5 0.9942761659622192 -298.8722229003906
* 0.9935545921325684 0.03599139675498009 -0.1077631488442421 -62.90810775756836 -0.035035762935876846 0.9993591904640198 0.0022521838545799255 4.907333850860596 0.10776858031749725 0.001590320491231978 0.9941745400428772 -299.41064453125
* 0.9934828877449036 0.03411068022251129 -0.10902903228998184 -65.09194946289063 -0.03174956142902374 0.9993597269058228 0.014954580925405025 4.880311489105225 0.1094629243016243 -0.011343000456690788 0.9939258694648743 -299.0478210449219
* 0.9937569499015808 0.03318554162979126 -0.10679394006729126 -67.31958770751953 -0.030900411307811737 0.9993939399719238 0.01444111205637455 4.295747756958008 0.10720208287239075 -0.010998495854437351 0.9941760897636414 -299.3435363769531
* 0.9940220713615417 0.030446849763393402 -0.10513043403625488 -69.04048156738281 -0.027996286749839783 0.9994552135467529 0.016033947467803955 3.3822131156921387 0.10555513203144073 -0.012942319735884666 0.9943289160728455 -298.9215393066406
* 0.9944121837615967 0.03264687955379486 -0.10068775713443756 -70.48129272460938 -0.030895158648490906 0.9994498491287231 0.009839558973908424 2.4141509532928467 0.10094727575778961 -0.006621336564421654 0.9948694109916687 -299.3212890625
* 0.9942628145217896 0.03030470572412014 -0.10287139564752579 -71.39461517333984 -0.028888611122965813 0.9995381832122803 0.006339744199067354 1.479946494102478 0.10300979018211365 -0.0032790794502943754 0.9946746826171875 -299.2287292480469
* 0.9949801564216614 0.027908960357308388 -0.09640991687774658 -71.88400268554688 -0.02545236237347126 0.9995043277740479 0.017165062949061394 1.141753911972046 0.0968351811170578 -0.014572490938007832 0.9951935410499573 -299.5438232421875
* 0.9950993657112122 0.02810777723789215 -0.09511321038007736 -72.0084457397461 -0.027392351999878883 0.9996000528335571 -8.11921723652631E-4 1.0046254396438599 0.09504625201225281 0.003465777961537242 0.9954665899276733 -299.6201477050781
* 0.9948776364326477 0.028095614165067673 -0.09740850329399109 -71.99868774414063 -0.026718761771917343 0.9996004700660706 0.006024718750268221 0.9488646984100342 0.09753277152776718 -0.0033387274015694857 0.9952265024185181 -299.5242614746094
* 0.9944810271263123 0.0276511050760746 -0.10149960219860077 -71.7238540649414 -0.02578042447566986 0.9995859861373901 0.010698474943637848 1.003791332244873 0.10174734890460968 -0.007970207370817661 0.9947780966758728 -299.3812255859375
* 0.99472576379776 0.028504345566034317 -0.09883006662130356 -71.25529479980469 -0.026883818209171295 0.9995784759521484 0.008445571176707745 0.944516122341156 0.09902304410934448 -0.005691590718924999 0.9950686693191528 -299.4967041015625
