#
#
#
#
#
#
#
#
#
#
#
#
#
#
#
#
#
#
#
#
#
#
#
#
#
#
#
#
#
#
#
#
#
#
#
#
#
#
#
#
#
#
#
#
#
#
#
#
#
#
#
#
#
#
#
#
#
#
#
#
#
#
#
#
#
#
#
#
#
#
#
#
#
#
#
#
#
#
#
#
#
#
#
#
#
#
#
#
#
#
#
#
#
#
#
#
#
#
#
#
#
#
#
#
#
#
#
#
#
#
#
#
#
#
#
#
#
#
#
#
#
#
#
#
#
#
#
#
#
#
#
#
#
#
#
#
#
#
#
#
#
#
#
#
#
#
#
#
#
#
#
#
#
#
#
#
#
#
#
#
#
#
#
#
#
#
#
#
#
#
#
#
#
#
#
#
#
#
#
#
#
#
#
#
#
#
#
#
#
#
#
#
#
#
#
#
#
#
#
#
#
#
#
#
#
#
#
#
#
#
#
#
#
#
#
#
#
#
#
#
#
#
#
#
#
#
#
#
#
#
#
#
#
#
#
#
#
#
#
#
#
#
#
#
#
#
#
#
#
#
#
#
#
#
#
#
#
#
#
#
#
#
#
#
#
#
#
#
#
#
#
#
#
#
#
#
#
#
#
#
#
#
#
#
#
#
#
#
#
#
#
#
#
#
#
#
#
#
#
#
#
#
#
#
#
#
#
#
#
#
#
#
#
#
#
#
#
#
#
#
#
#
#
#
#
#
#
#
#
#
#
#
#
#
#
#
#
#
#
#
#
#
#
#
#
#
#
#
#
#
#
#
#
#
#
#
#
#
#
#
#
#
#
#
#
#
#
#
#
#
#
#
#
#
#
#
#
#
#
#
#
#
#
#
#
#
#
#
#
#
#
#
#
#
#
#
#
#
#
#
#
#
#
#
#
#
#
#
#
#
#
#
#
#
#
#
#
#
#
#
#
#
#
#
#
#
#
#
#
#
#
#
#
#
#
#
#
#
#
#
#
#
#
#
#
#
#
#
#
#
#
#
#
#
#
#
#
#
#
#
#
#
#
#
#
#
#
#
#
#
#
#
#
#
#
#
#
#
#
#
#
#
#
#
#
#
#
#
#
#
#
#
#
#
#
#
#
#
#
#
#
#
#
#
#
#
#
#
#
#
#
#
#
#
#
#
#
#
#
#
#
#
#
#
#
#
#
#
#
#
#
#
#
#
#
#
#
#
#
#
#
#
#
#
#
#
* 0.9958459734916687 0.05181220546364784 0.07751128077507019 -225.13124084472656 -0.03190404549241066 0.9866007566452026 -0.15871953964233398 -36.25785827636719 -0.0839511975646019 0.1556396484375 0.9842439293861389 -566.987548828125
* 0.9980018734931946 0.014857434667646885 0.06459876149892807 -191.54490661621094 -0.0014851258601993322 0.9950893521308899 -0.0968809649348259 -40.68791580200195 -0.0649733617901802 0.09661423414945602 0.9932027459144592 -578.6132202148438
* 0.9963824152946472 0.009850896894931793 0.08675426989793777 -154.9336700439453 0.0022385676857084036 0.9981178045272827 -0.05785216763615608 -38.27462387084961 -0.08641517162322998 0.05785491690039635 0.9945816397666931 -583.5737915039063
* 1.0000786781311035 -0.015586478635668755 9.298184886574745E-4 -120.95111083984375 0.02246944047510624 0.9952862858772278 0.09214868396520615 -31.72946548461914 -0.001610341714695096 -0.09214115142822266 0.9957482218742371 -585.6741333007813
* 0.9995153546333313 -0.011851591058075428 -0.03506830334663391 -90.20447540283203 0.022918056696653366 0.9926772713661194 0.1168656274676323 -23.22421646118164 0.03417855501174927 -0.11761683970689774 0.9924742579460144 -585.3997192382813
* 0.9943088293075562 0.008009935729205608 -0.10810711234807968 -61.23136520385742 0.011332702822983265 0.9933612942695618 0.11267593502998352 -15.510128021240234 0.10904242098331451 -0.11324889957904816 0.9875684380531311 -582.7054443359375
* 0.9892358779907227 0.01135083194822073 -0.1472584456205368 -36.39209747314453 0.006150966044515371 0.9972977042198181 0.07035914808511734 -7.912604331970215 0.14840705692768097 -0.07049272954463959 0.9864141941070557 -582.1288452148438
* 0.9882245063781738 0.017435595393180847 -0.15332889556884766 -17.55971336364746 0.003441407810896635 0.9957778453826904 0.08947431296110153 3.3420183658599854 0.15498888492584229 -0.08892954885959625 0.9839090704917908 -587.8451538085938
* 0.9901192784309387 0.01901106908917427 -0.14037005603313446 -5.5527544021606445 -0.010905427858233452 0.9997016787528992 0.00829122681170702 20.343427658081055 0.14123398065567017 -0.006655854173004627 0.9899574518203735 -590.0120849609375
* 0.9980993270874023 0.02380439080297947 -0.06026802211999893 1.1683322191238403 -0.01084805466234684 0.9950687289237976 0.09649662673473358 41.96722412109375 0.0630195364356041 -0.09563605487346649 0.9934231042861938 -593.5111694335938
* 0.9925663471221924 0.02608526311814785 -0.12055116891860962 4.129302501678467 -0.014426950365304947 0.9989328980445862 0.038936253637075424 60.77775573730469 0.12218756228685379 -0.036880623549222946 0.9918251633644104 -591.295654296875
* 0.997667670249939 0.014603598043322563 -0.0696193128824234 5.1723952293396 -0.008219228126108646 0.9997188448905945 -0.009257456287741661 73.77510833740234 0.07021613419055939 0.009827977046370506 0.99748694896698 -594.0634155273438
* 0.9937931299209595 0.025951717048883438 -0.11001204699277878 6.71227502822876 -0.0174684077501297 0.9995454549789429 0.01396205835044384 81.1374282836914 0.1110742837190628 -0.011925946921110153 0.9937441945075989 -589.316162109375
* 0.9977332353591919 0.016962949186563492 -0.06812983006238937 8.099839210510254 -0.012471919879317284 0.9990217685699463 -0.037299469113349915 86.60985565185547 0.06818199157714844 0.03808718919754028 0.996949315071106 -591.3029174804688
* 0.9963480234146118 0.020637715235352516 -0.08523903042078018 7.4361042976379395 -0.01221927534788847 0.9995840191841125 0.01654868572950363 92.70013427734375 0.08629614114761353 -0.015423083677887917 0.9961538910865784 -590.29833984375
* 0.9945095181465149 0.023054657503962517 -0.10402023792266846 3.4830715656280518 -0.019579369574785233 0.9990429282188416 -0.033485256135463715 101.64706420898438 0.10389885306358337 0.035365112125873566 0.9939626455307007 -593.50927734375
* 0.9917801022529602 0.02191956527531147 -0.12764298915863037 -3.2772293090820313 -0.013273579999804497 0.9996185302734375 0.01334089320152998 112.853759765625 0.1286357045173645 -0.011512250639498234 0.9916288256645203 -591.0415649414063
* 0.9959489703178406 0.016477182507514954 -0.0906371995806694 -10.616518020629883 -0.010054752230644226 0.9997242093086243 -0.006456928327679634 123.217041015625 0.0912567526102066 0.00736333429813385 0.9958038330078125 -590.1513671875
* 0.9979890584945679 0.01580938510596752 -0.06456726789474487 -17.07755470275879 -0.012051383033394814 0.9984263777732849 -0.0509001687169075 128.591064453125 0.06441255658864975 0.05159807205200195 0.9965921640396118 -593.078125
* 0.9949264526367188 0.016881514340639114 -0.10118115693330765 -21.66342544555664 -0.016436655074357986 0.9975578784942627 -0.06480322778224945 129.11953735351563 0.10059050470590591 0.06616093218326569 0.9927293658256531 -592.1766967773438
* 0.9943503737449646 0.016506284475326538 -0.1067526787519455 -24.51751136779785 -0.015546256676316261 0.9980788826942444 -0.05646437779068947 128.18484497070313 0.10636575520038605 0.05782783776521683 0.9926477670669556 -589.9091186523438
* 0.9929190278053284 0.022006869316101074 -0.11844253540039063 -27.251754760742188 -0.017082693055272102 0.9995057582855225 -0.01696700230240822 127.58428955078125 0.11876008659601212 0.018895931541919708 0.9927468299865723 -587.03271484375
* 0.9966998100280762 0.015642721205949783 -0.08213449269533157 -31.31919288635254 -0.013621857389807701 0.9978388547897339 -0.061019718647003174 129.58404541015625 0.08175366371870041 0.06195949390530586 0.9947284460067749 -594.0953369140625
* 0.9971176981925964 0.014949265867471695 -0.07703382521867752 -37.65567398071289 -0.010401535779237747 0.9992240071296692 -0.03216417506337166 130.2691192626953 0.07724460959434509 0.032893627882003784 0.9964731931686401 -590.9547729492188
* 0.9924310445785522 0.01989738829433918 -0.12282591313123703 -46.24852752685547 -0.017465222626924515 0.9989714622497559 -0.036636509001255035 129.9286651611328 0.1227198988199234 0.038529172539711 0.9916969537734985 -591.0459594726563
* 0.9897635579109192 0.026883075013756752 -0.14158716797828674 -55.20036315917969 -0.016981463879346848 0.999424397945404 0.02130247838795185 125.89916229248047 0.14282627403736115 -0.01865185797214508 0.9895758032798767 -584.2671508789063
* 0.9930974841117859 0.019535383209586143 -0.11737629771232605 -64.84244537353516 -0.013654431328177452 0.9996603727340698 -0.009160860441625118 121.11491394042969 0.11790711432695389 0.010723964311182499 0.9929705262184143 -586.7158203125
* 0.9938244819641113 0.015039583668112755 -0.11175010353326797 -74.8642807006836 -0.009294519200921059 0.9996902346611023 -0.011150321923196316 115.67301177978516 0.11229783296585083 0.012140447273850441 0.9936042428016663 -586.6561279296875
* 0.9863636493682861 0.02820892259478569 -0.16337759792804718 -84.79381561279297 -0.017430538311600685 0.9993507266044617 0.024201007559895515 109.31582641601563 0.16470025479793549 -0.020994089543819427 0.9861240386962891 -580.6543579101563
* 0.9867019653320313 0.022364206612110138 -0.162235289812088 -103.95589447021484 -0.017141053453087807 0.9995999336242676 -0.009872633032500744 107.31015014648438 0.16269582509994507 0.012548062019050121 0.9866002798080444 -587.2244262695313
* 0.9857240319252014 0.03379880264401436 -0.16615332663059235 -132.69119262695313 -0.020763391628861427 0.9988720417022705 0.03761507198214531 106.9086685180664 0.16798287630081177 -0.0335952453315258 0.9852211475372314 -583.8795166015625
* 0.9884224534034729 0.02720368281006813 -0.15060549974441528 -163.7535400390625 -0.015797913074493408 0.9992194175720215 0.030036140233278275 108.71733093261719 0.15205223858356476 -0.027280965819954872 0.9879997372627258 -586.6663818359375
* 0.9946499466896057 0.016649002209305763 -0.1039004921913147 -185.9775390625 -0.00712412828579545 0.9994782209396362 0.02416240982711315 108.836181640625 0.10499896854162216 -0.02327253855764866 0.9942037463188171 -585.362548828125
* 0.9972133040428162 0.015419530682265759 -0.07568899542093277 -198.71624755859375 -0.00804972741752863 0.9997528791427612 0.004552677273750305 109.94793701171875 0.07649189233779907 -0.0039106085896492004 0.9970662593841553 -588.2496948242188
* 0.9971557259559631 0.016080744564533234 -0.0763067752122879 -201.9036102294922 -0.008649681694805622 0.9997438788414001 0.00534281600266695 113.04509735107422 0.07712453603744507 -0.004646995570510626 0.9970143437385559 -587.8645629882813
* 0.998569905757904 0.016279928386211395 -0.05471808463335037 -203.4217071533203 -0.010081099346280098 0.9996278882026672 -0.01529007963836193 117.74618530273438 0.05520052835345268 0.015841234475374222 0.9983533620834351 -591.6544189453125
* 0.9975292086601257 0.009976338595151901 -0.07236640900373459 -205.01492309570313 -0.002472426975145936 0.9997720122337341 0.006410662084817886 121.32413482666016 0.07316545397043228 -0.006199940573424101 0.9973043203353882 -588.1668701171875
* 0.9981958270072937 0.017281075939536095 -0.06088859215378761 -212.80589294433594 -0.00976917240768671 0.9997167587280273 0.007896521128714085 125.25202941894531 0.06175946816802025 -0.007266023196280003 0.9980683326721191 -588.990966796875
* 0.9967569708824158 0.012893954291939735 -0.08191634714603424 -222.4852294921875 -0.003079585498198867 0.999218761920929 0.03382084146142006 127.0527572631836 0.08303976058959961 -0.033441606909036636 0.9959887266159058 -583.8549194335938
* 0.9977075457572937 0.0187446940690279 -0.06803867965936661 -236.61549377441406 -0.010943666100502014 0.9996707439422607 0.011407168582081795 129.3826141357422 0.06898161768913269 -0.010614031925797462 0.9975652098655701 -585.0953979492188
* 0.998051643371582 0.010592646896839142 -0.064666248857975 -250.60000610351563 -0.002813905943185091 0.9997266530990601 0.011404628865420818 132.91973876953125 0.06552110612392426 -0.011184190399944782 0.9977922439575195 -585.049072265625
* 0.999268651008606 0.008189819753170013 -0.0423789843916893 -263.2890319824219 -0.0010914847953245044 0.9997943639755249 0.0012653032317757607 136.53787231445313 0.04313257336616516 -0.0012033451348543167 0.9990723729133606 -587.1675415039063
#
#
#
#
#
#
#
#
#
#
#
#
#
#
#
#
#
#
#
#
#
#
#
#
#
#
#
#
#
#
#
#
#
#
#
#
#
#
#
#
#
#
#
#
#
#
#
#
#
#
#
#
#
#
#
#
#
#
#
#
#
#
#
#
#
#
#
#
#
#
#
#
#
#
#
#
#
#
#
#
#
#
#
#
#
#
#
#
#
#
#
#
#
#
#
#
* 0.9875494837760925 0.023307913914322853 -0.1555863916873932 -172.83169555664063 -0.03077755682170391 0.998614490032196 -0.04261692240834236 147.09152221679688 0.15439866483211517 0.046864528208971024 0.9868969321250916 -556.8831787109375
* 0.9893326759338379 0.01845555193722248 -0.14451520144939423 -173.16452026367188 -0.025125602260231972 0.998837411403656 -0.041070785373449326 130.9634246826172 0.14361029863357544 0.044253237545490265 0.9886447787284851 -558.9857788085938
* 0.995795488357544 0.011995991691946983 -0.09083961695432663 -175.24765014648438 -0.013114656321704388 0.9998909831047058 -0.006348670460283756 120.40319061279297 0.09077457338571548 0.0075026582926511765 0.9958436489105225 -570.4813232421875
* 0.9954879283905029 0.008397878147661686 -0.09453961253166199 -175.31472778320313 -0.010528492741286755 0.9997990727424622 -0.01688891276717186 114.02228546142578 0.09439978003501892 0.017797354608774185 0.9953756928443909 -574.865478515625
* 0.9966226816177368 0.005353882443159819 -0.08196932822465897 -171.96507263183594 -0.002999823773279786 0.9993884563446045 0.03475742042064667 106.61973571777344 0.0821262076497078 -0.03440498188138008 0.9960283637046814 -570.9610595703125
* 0.9921559691429138 0.008201205171644688 -0.1247551441192627 -169.99342346191406 -0.007066262420266867 0.9998818039894104 0.013446729630231857 100.92169189453125 0.12487160414457321 -0.012470457702875137 0.9920950531959534 -567.9994506835938
* 0.9956223964691162 0.013748946599662304 -0.09247416257858276 -171.97354125976563 -0.011721301823854446 0.9995449185371399 0.027692683041095734 97.24066162109375 0.09283383190631866 -0.02649819664657116 0.9953294396400452 -574.0817260742188
* 0.9962035417556763 0.004624623339623213 -0.0869569182395935 -175.13575744628906 -0.003072592429816723 0.9997143149375916 0.023580770939588547 93.70198059082031 0.0870620533823967 -0.02323490008711815 0.9959324598312378 -574.9956665039063
* 0.9935885667800903 0.0032829465344548225 -0.11302858591079712 -176.23731994628906 0.0010770143708214164 0.9990799427032471 0.04280482232570648 91.54820251464844 0.11308597773313522 -0.04266299679875374 0.992669403553009 -569.3697509765625
* 0.996049165725708 0.003914561588317156 -0.08874201774597168 -178.57911682128906 -0.0013529573334380984 0.9994043707847595 0.03440014645457268 92.5240707397461 0.08884470909833908 -0.03415503725409508 0.9954602718353271 -572.1585083007813
* 0.9955565929412842 0.004354103468358517 -0.09408755600452423 -178.3384552001953 -0.002344851614907384 0.9996395111083984 0.026637032628059387 92.89705657958984 0.09419051557779312 -0.026308899745345116 0.9952070116996765 -573.5292358398438
* 0.9951285719871521 9.196341270580888E-4 -0.09860367327928543 -176.8520965576172 0.002744284924119711 0.9991124868392944 0.041964538395404816 94.33964538574219 0.09857560694217682 -0.04204163700342178 0.9942415952682495 -575.7001953125
* 0.9963323473930359 -0.003876881906762719 -0.08550578355789185 -173.3037567138672 0.004630856215953827 0.9998837113380432 0.01433350145816803 96.7586669921875 0.0854611024260521 -0.01468790601938963 0.9962337613105774 -577.7191772460938
* 0.9961937665939331 0.0032591773197054863 -0.08713061362504959 -170.03146362304688 -0.002016557613387704 0.9997961521148682 0.019944654777646065 97.80442810058594 0.08719878643751144 -0.019703896716237068 0.9959965944290161 -580.2280883789063
* 0.9961408972740173 -2.2572865418624133E-4 -0.08779297769069672 -164.4257354736328 0.001544763334095478 0.9997854232788086 0.02051737532019615 96.77272033691406 0.08779039978981018 -0.020584749057888985 0.9959268569946289 -577.470947265625
* 0.9946725368499756 -6.33549876511097E-4 -0.10310420393943787 -161.1603546142578 0.003605650970712304 0.9994333982467651 0.03337787836790085 95.45731353759766 0.1030455008149147 -0.03358277305960655 0.9941101670265198 -576.6708374023438
* 0.9935033917427063 -0.0015715410700067878 -0.11381039023399353 -159.44923400878906 0.007229949347674847 0.9985325932502747 0.05361461639404297 96.09578704833984 0.11357995867729187 -0.05410014092922211 0.992055356502533 -576.5350341796875
* 0.9953422546386719 0.0014096834929659963 -0.09641578793525696 -160.58436584472656 0.0016411255346611142 0.999325156211853 0.036615826189517975 99.57427978515625 0.09642323106527328 -0.03661442548036575 0.9946672916412354 -582.1066284179688
* 0.9952031970024109 0.006876067258417606 -0.09760904312133789 -160.62661743164063 -0.006112856790423393 0.9998924136161804 0.013112742453813553 102.22330474853516 0.09770968556404114 -0.012463945895433426 0.9951374530792236 -582.3899536132813
* 0.9943732619285583 0.008549388498067856 -0.10560769587755203 -159.54833984375 -0.006049787160009146 0.9995703101158142 0.028578463941812515 101.8654556274414 0.10582761466503143 -0.027789514511823654 0.9939966201782227 -580.3731079101563
* 0.9945864677429199 0.002469237893819809 -0.10390302538871765 -157.72842407226563 5.434475024230778E-4 0.9994305372238159 0.03365129977464676 94.31873321533203 0.10394786298274994 -0.03353648632764816 0.9940176606178284 -576.3334350585938
* 0.9932493567466736 6.510764360427856E-4 -0.1160152480006218 -156.53836059570313 0.0051504578441381454 0.9985297918319702 0.053906410932540894 85.2197036743164 0.11590063571929932 -0.054150987416505814 0.9917840957641602 -574.0098876953125
* 0.9949432611465454 0.0010789018124341965 -0.10045396536588669 -157.84657287597656 0.0015769629972055554 0.9995085597038269 0.031213467940688133 81.00423431396484 0.10045918077230453 -0.03122495673596859 0.9944515824317932 -579.5706176757813
* 0.995439887046814 0.0015822873683646321 -0.09539943188428879 -159.5708465576172 7.048573461361229E-4 0.9995747208595276 0.029050501063466072 80.59265899658203 0.09542575478553772 -0.02899618074297905 0.9950146079063416 -580.794189453125
* 0.994485080242157 3.4487544326111674E-5 -0.10489822924137115 -160.8428497314453 0.0018667784752324224 0.9997380375862122 0.022680265828967094 82.36803436279297 0.10489244014024734 -0.02276194468140602 0.9942235350608826 -580.1686401367188
* 0.9953013062477112 0.005688291508704424 -0.09668074548244476 -161.1363067626953 -3.782999701797962E-4 0.9982022047042847 0.05988476425409317 83.405517578125 0.09686850756406784 -0.05957766994833946 0.9935129880905151 -577.9214477539063
* 0.9949386715888977 0.0018203475046902895 -0.10048858076334 -161.100341796875 -0.0013116953196004033 0.9999461770057678 0.009984726086258888 83.5611572265625 0.10052229464054108 -0.009813263081014156 0.9948869347572327 -581.0868530273438
* 0.9954444169998169 0.003919431008398533 -0.09528528153896332 -160.57261657714844 -0.0016053481958806515 0.9995612502098083 0.02946777641773224 85.13992309570313 0.09537994116544724 -0.029191432520747185 0.9950132966041565 -581.686767578125
* 0.9955459833145142 -3.1828106148168445E-4 -0.09429941326379776 -159.96595764160156 0.0032691077794879675 0.9993317723274231 0.03631673753261566 90.23452758789063 0.09424576163291931 -0.03647421672940254 0.9948810338973999 -583.0953979492188
* 0.9979735016822815 0.0016197244403883815 -0.06364370882511139 -159.76683044433594 0.0010106671834364533 0.9987981915473938 0.04893733933568001 100.13353729248047 0.063667431473732 -0.048913415521383286 0.996772289276123 -583.7080078125
* 0.9968038201332092 -0.0023669057991355658 -0.07987914979457855 -159.11196899414063 0.005534477531909943 0.9989424347877502 0.045575935393571854 110.92678833007813 0.07970769703388214 -0.04588336497545242 0.9957622289657593 -582.056640625
* 0.9969322681427002 0.004987265914678574 -0.07813599705696106 -158.93898010253906 -0.004624058958142996 0.999924898147583 0.011073023080825806 115.8427734375 0.0782063752412796 -0.010688554495573044 0.9968804121017456 -583.2243041992188
* 0.9958445429801941 0.003922381903976202 -0.09100714325904846 -158.64202880859375 -0.0040949140675365925 0.9999818205833435 0.00365477055311203 118.94740295410156 0.09104084223508835 -0.0032777348533272743 0.9958423376083374 -584.4930419921875
* 0.9946742057800293 -0.003902370808646083 -0.10301516205072403 -156.65402221679688 0.007492363918572664 0.9991989731788635 0.03923121467232704 119.73299407958984 0.10280042886734009 -0.03980513662099838 0.993905782699585 -579.863037109375
* 0.9961756467819214 -8.940999978221953E-4 -0.08739177137613297 -155.3040008544922 0.004504714161157608 0.998894989490509 0.04671575501561165 124.21565246582031 0.08727434277534485 -0.04694174975156784 0.9950782060623169 -579.2781372070313
* 0.996309757232666 0.005668019410222769 -0.08566652238368988 -155.3279571533203 -0.004193312022835016 0.9997218251228333 0.023075522854924202 128.9425811767578 0.08579447865486145 -0.02264195866882801 0.9960559606552124 -583.71923828125
* 0.9948511123657227 0.004090491682291031 -0.10128524154424667 -154.53524780273438 -0.0031663321424275637 0.9998924136161804 0.014100934378802776 129.59225463867188 0.10135301202535629 -0.01371846254914999 0.994756281375885 -581.9568481445313
* 0.9953716993331909 0.003457620507106185 -0.09605933725833893 -153.2987060546875 -9.79039934463799E-4 0.9995183944702148 0.03091442957520485 128.7582244873047 0.09614093601703644 -0.03068818338215351 0.9948949217796326 -580.6922607421875
* 0.9967805743217468 0.005081620998680592 -0.08004254847764969 -153.06436157226563 -0.0031377815175801516 0.9995272755622864 0.03048022836446762 132.61500549316406 0.08018060773611069 -0.030141789466142654 0.996324896812439 -582.4290771484375
* 0.9969007968902588 0.004064266104251146 -0.07859015464782715 -153.61141967773438 -0.002546320203691721 0.9996656179428101 0.02560967393219471 135.32113647460938 0.07868895679712296 -0.025341054424643517 0.9965774416923523 -584.394775390625
* 0.9963722229003906 0.0010362975299358368 -0.08511903882026672 -153.3316192626953 -6.583007052540779E-4 0.9999445676803589 0.010203490033745766 136.64236450195313 0.08514586836099625 -0.01012134738266468 0.9963173866271973 -582.5247802734375
* 0.9950284957885742 0.0031691407784819603 -0.0995604619383812 -153.88014221191406 -0.0018790955655276775 0.9998340010643005 0.017949337139725685 136.79510498046875 0.09962180256843567 -0.01768389530479908 0.9948685169219971 -582.0653686523438
* 0.9969669580459595 0.004199638031423092 -0.07773801684379578 -155.51333618164063 -0.002975534414872527 0.9997475743293762 0.022128650918602943 134.69766235351563 0.07783233374357224 -0.021841078996658325 0.9967275857925415 -581.8369140625
* 0.9965440034866333 0.0033930381760001183 -0.08302121609449387 -158.6042022705078 -0.0033688368275761604 0.999971330165863 0.006310654804110527 135.79551696777344 0.08306126296520233 -0.006020009517669678 0.9965266585350037 -585.1032104492188
* 0.9971432089805603 0.0030580644961446524 -0.07549983263015747 -159.06321716308594 -0.0025367585476487875 0.9999030232429504 0.013462761417031288 135.49722290039063 0.07555468380451202 -0.013243645429611206 0.9970541000366211 -584.4921264648438
* 0.996058464050293 0.00697878934442997 -0.08844822645187378 -158.44570922851563 -0.003484399989247322 0.9989732503890991 0.045101478695869446 135.36546325683594 0.08869317173957825 -0.044626347720623016 0.9950591921806335 -580.0401611328125
* 0.9963228106498718 -0.001275419956073165 -0.08569388091564178 -159.6697540283203 0.004374954849481583 0.9991179704666138 0.041692208498716354 140.0290069580078 0.08558601886034012 -0.041924819350242615 0.9954487085342407 -581.0430297851563
* 0.9969324469566345 0.002087534638121724 -0.07826549559831619 -162.0298614501953 -0.0010336283594369888 0.9998016953468323 0.019738493487238884 149.28988647460938 0.07831213623285294 -0.019607964903116226 0.9967364072799683 -585.9947509765625
* 0.9964997172355652 0.0048293438740074635 -0.08348172903060913 -163.24566650390625 -0.003189129987731576 0.9996638894081116 0.025609903037548065 157.3768310546875 0.08359833061695099 -0.025264887139201164 0.9961795210838318 -582.4815673828125
#
#
#
#
#
#
#
#
#
#
#
#
#
#
#
#
#
* 0.998534619808197 0.009920145384967327 -0.05321341007947922 -233.54872131347656 -0.009513492695987225 0.9999258518218994 0.007349318824708462 158.25709533691406 0.05328575521707535 -0.006832977756857872 0.9985558986663818 -580.3982543945313
* 0.998760998249054 0.013336832635104656 -0.04795964062213898 -236.88677978515625 -0.014122633263468742 0.9997590780258179 -0.01668688654899597 150.8186798095703 0.04772890359163284 0.01734289526939392 0.9987096786499023 -584.4891357421875
* 0.9974437355995178 0.00983712449669838 -0.07078602910041809 -237.4252471923828 -0.010326678864657879 0.9999204874038696 -0.006960541941225529 138.74327087402344 0.07071532309055328 0.007673083804547787 0.9974669814109802 -578.5501708984375
* 0.9989147186279297 0.005388202145695686 -0.046278879046440125 -243.7173614501953 -0.005825595464557409 0.9999316334724426 -0.009944501332938671 132.86026000976563 0.046225495636463165 0.010202640667557716 0.9988788962364197 -585.171630859375
* 0.9987280964851379 0.00481762457638979 -0.05020268261432648 -246.0646209716797 -0.004960581194609404 0.9999803900718689 -0.0032968479208648205 128.2500457763672 0.05018918588757515 0.0035410039126873016 0.9987334609031677 -583.4960327148438
* 0.9992849826812744 0.004888704512268305 -0.03750920668244362 -248.3761749267578 -0.004642464220523834 0.9999700784683228 0.0058817630633711815 125.4505615234375 0.03754019737243652 -0.005704119801521301 0.9992789030075073 -584.0288696289063
* 0.9985678791999817 0.004835818894207478 -0.053294360637664795 -248.3126678466797 -0.005048672202974558 0.9999756813049316 -0.004400518257170916 124.05795288085938 0.05327516421675682 0.004662597086280584 0.9985690116882324 -583.0358276367188
* 0.9988341331481934 0.008101196959614754 -0.047603026032447815 -246.68760681152344 -0.008151653222739697 0.9999637603759766 -0.0014711313415318727 122.84233856201172 0.047592755407094955 0.0018567853840067983 0.9988651275634766 -584.5293579101563
* 0.9978241324424744 -3.662120798253454E-5 -0.06594233959913254 -242.3451690673828 5.846386775374413E-4 0.9999669790267944 0.007854930125176907 120.34485626220703 0.06594327837228775 -0.007877101190388203 0.9977923035621643 -581.5704345703125
* 0.9988751411437988 0.003130889032036066 -0.04732653498649597 -240.57972717285156 -0.0034255862701684237 0.9999692440032959 -0.006755883805453777 119.26171112060547 0.04730731621384621 0.006909720599651337 0.9988564252853394 -587.3516235351563
* 0.9979603886604309 0.0014769284753128886 -0.06382904946804047 -232.85777282714844 -0.0012087782379239798 0.9999900460243225 0.0037883545737713575 117.78833770751953 0.063837431371212 -0.0037041851319372654 0.997953474521637 -584.0970458984375
* 0.9973793029785156 0.001038415590301156 -0.07235141098499298 -224.91880798339844 9.466895135119557E-4 0.9996329545974731 0.026999581605196 116.02884674072266 0.07235632836818695 -0.026998069137334824 0.9970133900642395 -583.271240234375
* 0.9982670545578003 0.0011796480976045132 -0.05884656310081482 -217.04067993164063 -0.0010935374302789569 0.9999969005584717 0.001006240607239306 115.13021087646484 0.05885099247097969 -9.408621699549258E-4 0.998266339302063 -586.37548828125
* 0.998443067073822 -0.0019960226491093636 -0.05575772002339363 -207.06825256347656 0.0028435823041945696 0.9998872876167297 0.014609109610319138 114.71435546875 0.05572568625211716 -0.014745661057531834 0.9983372688293457 -585.1351318359375
* 0.9973543882369995 -0.004516127053648233 -0.07256270200014114 -194.16580200195313 0.005828128661960363 0.9998282790184021 0.017482515424489975 112.10990142822266 0.07247470319271088 -0.017859920859336853 0.9972103834152222 -582.64013671875
* 0.9973472952842712 0.0032979948446154594 -0.07272525131702423 -178.98736572265625 -0.003591236425563693 0.999982476234436 -0.0042977407574653625 106.26962280273438 0.07271323353052139 0.004546817857772112 0.9973426461219788 -584.5460205078125
* 0.9973570108413696 -0.002242858987301588 -0.07263153791427612 -159.42103576660156 0.00413248036056757 0.9996649026870728 0.02548024244606495 100.43331909179688 0.07255347818136215 -0.02571379952132702 0.9970331192016602 -582.3492431640625
* 0.9968026280403137 0.0050460780039429665 -0.07975161820650101 -139.53480529785156 -0.0044256034307181835 0.9999595880508423 0.007593924179673195 100.1133804321289 0.0797901600599289 -0.007217403966933489 0.9967856407165527 -586.4630737304688
* 0.9952617287635803 0.0029887415003031492 -0.09719295799732208 -118.74219512939453 0.0011228421935811639 0.9991183280944824 0.04192532226443291 102.9652099609375 0.0972360298037529 -0.041836559772491455 0.9943817853927612 -582.31591796875
* 0.9965623021125793 0.010411963798105717 -0.08219818025827408 -103.38206481933594 -0.009722891263663769 0.9999154210090637 0.008428694680333138 106.64945220947266 0.08228243142366409 -0.007601219695061445 0.996580183506012 -586.6474609375
* 0.9954100251197815 0.01478765718638897 -0.09455962479114532 -91.59797668457031 -0.01305550616234541 0.9997398257255554 0.01860634610056877 106.43183898925781 0.09481363743543625 -0.017287109047174454 0.9953449964523315 -584.5349731445313
* 0.9939843416213989 0.013348395004868507 -0.10871168226003647 -83.75580596923828 -0.014096897095441818 0.9998784065246582 -0.006385108456015587 103.15079498291016 0.10861671715974808 0.007878530770540237 0.994052529335022 -581.8995361328125
* 0.9914266467094421 0.017630722373723984 -0.12947456538677216 -80.18914794921875 -0.017189551144838333 0.9998411536216736 0.004301492590457201 98.54608154296875 0.1295333355665207 -0.002039669081568718 0.9915730357170105 -582.5675659179688
* 0.9885667562484741 0.01655484363436699 -0.14987677335739136 -75.75472259521484 -0.016939861699938774 0.9998536109924316 -0.001485070213675499 83.3143081665039 0.14983375370502472 0.004006323404610157 0.9887031316757202 -578.7522583007813
* 0.9907521605491638 0.013401715084910393 -0.13502579927444458 -75.2464599609375 -0.008967410773038864 0.9994072914123535 0.03318236768245697 73.4695053100586 0.13539396226406097 -0.0316653773188591 0.9902857542037964 -576.4175415039063
* 0.9886519312858582 0.00757509283721447 -0.15003801882266998 -75.85340118408203 -0.00603850930929184 0.9999247789382935 0.010501973330974579 63.819766998291016 0.15010978281497955 -0.009477486833930016 0.9886239767074585 -576.7509765625
* 0.9881716966629028 0.016489358618855476 -0.15246731042861938 -78.38619232177734 -0.01164187304675579 0.9994039535522461 0.03244320675730705 54.92515563964844 0.1529148817062378 -0.03028513491153717 0.9877752661705017 -576.3758544921875
* 0.9927639961242676 0.004842559807002544 -0.11999017000198364 -82.90846252441406 -0.0026615706738084555 0.9998310208320618 0.01808985508978367 48.46126174926758 0.12006096541881561 -0.01764029636979103 0.9926097989082336 -581.0596313476563
* 0.989673376083374 8.692742558196187E-4 -0.14334334433078766 -85.59246063232422 0.004244775045663118 0.9993705749511719 0.035166189074516296 41.920860290527344 0.14328718185424805 -0.03541222959756851 0.9890473484992981 -577.3143310546875
* 0.9891398549079895 0.006277061998844147 -0.1468479335308075 -86.46275329589844 0.0021255190949887037 0.9983815550804138 0.0567968487739563 33.57307052612305 0.14697028696537018 -0.05649289861321449 0.9875262379646301 -575.0254516601563
* 0.988871157169342 0.002098564524203539 -0.14876452088356018 -87.68299865722656 0.004749296233057976 0.9989526271820068 0.04546765238046646 24.477079391479492 0.14870762825012207 -0.04566891863942146 0.9878259897232056 -573.40478515625
* 0.9901843667030334 -0.0022276975214481354 -0.13975481688976288 -88.90208435058594 0.006058042868971825 0.9996210336685181 0.026781832799315453 17.726593017578125 0.13964568078517914 -0.02736632712185383 0.9898232221603394 -577.0385131835938
* 0.9898513555526733 -0.0037510457914322615 -0.14206194877624512 -88.63141632080078 0.010974230244755745 0.9986923933029175 0.04989289864897728 14.429998397827148 0.14169250428676605 -0.050946347415447235 0.9885987043380737 -576.58203125
* 0.9906579256057739 -0.004477397538721561 -0.13630196452140808 -86.68994903564453 0.01492114644497633 0.9970332980155945 0.07548533380031586 13.564325332641602 0.13556309044361115 -0.07681472599506378 0.9877863526344299 -576.4025268554688
* 0.9909331202507019 -0.0037950363475829363 -0.13430790603160858 -85.79901123046875 0.011814886704087257 0.9982007741928101 0.05875091999769211 16.35326385498047 0.13384677469730377 -0.05980584770441055 0.9891956448554993 -578.3893432617188
* 0.9917606115341187 -0.0013572750613093376 -0.12810342013835907 -85.67533111572266 0.0068420544266700745 0.9990854263305664 0.042159758508205414 22.25477409362793 0.12793254852294922 -0.04268963634967804 0.9908636212348938 -578.9625244140625
* 0.9881382584571838 -0.0017403349047526717 -0.15356220304965973 -84.72325134277344 0.015341970138251781 0.996066689491272 0.08724561333656311 26.865991592407227 0.15280987322330475 -0.08856748789548874 0.9842787981033325 -573.8475952148438
* 0.9917510151863098 -0.0022958675399422646 -0.12816467881202698 -83.51719665527344 0.008129945024847984 0.998961329460144 0.044790104031562805 30.751949310302734 0.12793222069740295 -0.045463379472494125 0.990740180015564 -578.2164306640625
* 0.9938297867774963 -0.0015576337464153767 -0.11091215908527374 -80.89806365966797 0.007847690023481846 0.9983958005905151 0.056037478148937225 35.0563850402832 0.1106504425406456 -0.056562911719083786 0.9922483563423157 -577.933349609375
* 0.9924848675727844 -0.0013609362067654729 -0.12236615270376205 -76.60511779785156 0.007830650545656681 0.9986055493354797 0.05217013880610466 40.40634536743164 0.12212801724672318 -0.052737072110176086 0.9911121129989624 -578.1904296875
* 0.9963392019271851 0.0011707717785611749 -0.08548783510923386 -71.74727630615234 6.412149523384869E-4 0.99978107213974 0.020827122032642365 45.180213928222656 0.08549696207046509 -0.02080645225942135 0.9961210489273071 -580.8269653320313
* 0.9886723160743713 0.002494696294888854 -0.1500738263130188 -66.31262969970703 3.4257991501362994E-5 0.9998595714569092 0.016653824597597122 49.341583251953125 0.1500977873802185 -0.01647106744349003 0.9885339140892029 -576.7012329101563
* 0.9904732704162598 0.005349951330572367 -0.1376063972711563 -62.20005798339844 4.59153059637174E-4 0.9991183876991272 0.04193896800279617 53.93763732910156 0.13771291077136993 -0.041603367775678635 0.9895980954170227 -575.1778564453125
* 0.9909951090812683 0.004649250768125057 -0.13382229208946228 -60.389076232910156 -1.297892777074594E-5 0.999406099319458 0.03440895304083824 58.81870651245117 0.13390624523162842 -0.03409811481833458 0.9904072284698486 -578.7354736328125
* 0.9870244264602661 0.004217172972857952 -0.1605185717344284 -60.57517623901367 0.006865990348160267 0.9976429343223572 0.06824886053800583 62.87850570678711 0.16043150424957275 -0.06846620887517929 0.9846695065498352 -570.66259765625
* 0.9910800457000732 0.007396958768367767 -0.1330675184726715 -64.02464294433594 0.004652764648199081 0.9959473013877869 0.08979880064725876 66.89154052734375 0.1331959217786789 -0.08961773663759232 0.9870295524597168 -570.4442749023438
* 0.9890218377113342 0.004366387613117695 -0.14770904183387756 -69.53941345214844 -9.816257515922189E-4 0.9997381567955017 0.022784531116485596 70.49296569824219 0.14777331054210663 -0.02239016629755497 0.988767683506012 -575.3243408203125
* 0.9893876910209656 0.007208853028714657 -0.1451241672039032 -74.52943420410156 7.001192425377667E-4 0.9985295534133911 0.05417429655790329 73.41950225830078 0.14530475437641144 -0.05370178446173668 0.9879283905029297 -571.9600219726563
* 0.9916863441467285 0.0011167123448103666 -0.1286771297454834 -80.08189392089844 0.0027584079653024673 0.9995530247688293 0.029708100482821465 78.22002410888672 0.12865625321865082 -0.02981685660779476 0.9912407994270325 -578.259765625
* 0.9922305941581726 0.008992861025035381 -0.124090276658535 -83.34097290039063 -5.97241974901408E-4 0.9977310299873352 0.06729711592197418 81.32396697998047 0.12441737204790115 -0.06670095026493073 0.9899854063987732 -570.6981811523438
* 0.9934054613113403 0.0037106452509760857 -0.1145973950624466 -87.93212127685547 -5.477298982441425E-4 0.9996235966682434 0.02736707404255867 84.71428680419922 0.11465925723314285 -0.027124609798192978 0.9930344820022583 -576.2335815429688
* 0.9926602244377136 2.9880646616220474E-4 -0.12093963474035263 -91.2845687866211 0.002616102574393153 0.9997138977050781 0.023703379556536674 85.30543518066406 0.12091555446386337 -0.023846566677093506 0.9923763275146484 -576.409423828125
* 0.993671178817749 -0.0013650926994159818 -0.11232328414916992 -93.94172668457031 0.00559265399351716 0.999295175075531 0.03707302361726761 84.73827362060547 0.11219695955514908 -0.03746737912297249 0.9929794073104858 -574.8253173828125
* 0.9940769672393799 -0.0018232666188850999 -0.10866732895374298 -96.25468444824219 0.007732241414487362 0.9985247850418091 0.05371331050992012 83.66709899902344 0.10841252654790878 -0.05423622950911522 0.9926254153251648 -572.2391967773438
* 0.991196870803833 0.0026008381973952055 -0.13237400352954865 -98.85809326171875 0.002343143802136183 0.9993122816085815 0.036960214376449585 81.85926818847656 0.1323825716972351 -0.036945804953575134 0.9905099272727966 -572.9826049804688
* 0.9906563758850098 0.004609978757798672 -0.13630686700344086 -102.0090560913086 -9.895233670249581E-4 0.999649167060852 0.02640426531434059 80.61182403564453 0.1363842487335205 -0.026023440062999725 0.9903141856193542 -575.557373046875
* 0.9917442202568054 0.001614370383322239 -0.12822523713111877 -105.20621490478516 0.00362585810944438 0.999175488948822 0.04039715602993965 78.54808807373047 0.12818820774555206 -0.04052937030792236 0.9909214377403259 -574.953857421875
* 0.9896776080131531 -5.2225866966182366E-5 -0.14331459999084473 -107.74742126464844 0.007409689482301474 0.9986897706985474 0.05060192942619324 75.61050415039063 0.1431276649236679 -0.051142338663339615 0.98838210105896 -570.1033325195313
* 0.9923717379570007 0.0036406402941793203 -0.12323105335235596 -112.9659423828125 6.903177709318697E-4 0.999390721321106 0.034848619252443314 72.82471466064453 0.12328632175922394 -0.03466865047812462 0.9917654991149902 -573.353271484375
* 0.9902802109718323 -1.3307816698215902E-4 -0.13909046351909637 -117.09614562988281 0.004635670222342014 0.9994806051254272 0.03183955326676369 68.85282897949219 0.13901746273040771 -0.03217567130923271 0.9897671937942505 -573.1017456054688
* 0.9917781949043274 -0.0021208154503256083 -0.12795473635196686 -119.98583221435547 0.006688965484499931 0.9993613362312317 0.03505520522594452 65.56198120117188 0.12780211865901947 -0.0356236957013607 0.9911597371101379 -572.8101806640625
* 0.9921468496322632 1.578564551891759E-4 -0.12508201599121094 -122.26451873779297 0.007785614114254713 0.9979951977729797 0.06278268992900848 63.4049186706543 0.12484461814165115 -0.06326434016227722 0.9901573061943054 -570.9044799804688
* 0.993019700050354 -0.006066598929464817 -0.11779619008302689 -124.21914672851563 0.011188581585884094 0.9990269541740417 0.04262237995862961 61.84112548828125 0.11742645502090454 -0.043643686920404434 0.9921221137046814 -574.433349609375
* 0.994551956653595 -0.004050474613904953 -0.10416746139526367 -125.30545806884766 0.009629960171878338 0.998555064201355 0.052836667746305466 60.491233825683594 0.10380637645721436 -0.05355279520153999 0.993154764175415 -574.2505493164063
* 0.9950035214424133 -0.00888109765946865 -0.09944801777601242 -125.6849594116211 0.012504035606980324 0.9992871880531311 0.035574302077293396 59.326778411865234 0.09906461089849472 -0.03664091229438782 0.9944062232971191 -574.7567138671875
* 0.9933755397796631 -0.008162379264831543 -0.11462695896625519 -125.25263977050781 0.014178282581269741 0.9985701441764832 0.05151207745075226 59.636226654052734 0.11404602229595184 -0.052796926349401474 0.9920716285705566 -572.49560546875
* 0.9945297837257385 -0.0013836959842592478 -0.10444865375757217 -125.62844848632813 0.005247913766652346 0.9993199706077576 0.03645291179418564 60.7459831237793 0.1043306216597557 -0.03680248185992241 0.9938615560531616 -574.84912109375
* 0.9942535758018494 -0.006423549260944128 -0.10686177760362625 -125.56690216064453 0.01011431124061346 0.9993771910667419 0.03375996649265289 62.04072570800781 0.10658179968595505 -0.034647662192583084 0.9937001466751099 -576.8646850585938
* 0.9932727813720703 -0.008382169529795647 -0.11549820750951767 -125.05874633789063 0.013168578036129475 0.9990915656089783 0.04048921912908554 62.383724212646484 0.11505734175443649 -0.04173866659402847 0.9924816489219666 -574.5162353515625
