#
#
#
#
#
#
#
#
#
#
#
#
#
#
#
#
#
#
#
#
#
#
#
#
#
#
#
#
#
#
#
#
#
#
#
#
#
#
#
#
#
#
#
#
#
#
#
#
#
#
#
#
#
#
#
#
#
#
#
#
#
#
#
#
#
#
#
#
#
#
#
#
#
#
#
#
#
#
#
#
#
#
#
#
#
#
#
#
#
#
#
#
#
#
#
#
#
#
#
#
#
#
#
#
#
#
#
#
#
#
#
#
#
#
#
#
#
#
#
#
#
#
#
#
#
#
#
#
#
#
#
#
#
#
#
#
#
#
#
#
#
#
#
#
#
#
#
#
#
#
#
#
#
#
#
#
#
#
#
#
#
#
#
#
#
#
#
#
#
#
#
#
#
#
#
#
#
#
#
#
* 0.9501445889472961 0.1545507162809372 0.27081298828125 51.458072662353516 -0.17171834409236908 0.9843030571937561 0.04074243828654289 43.61711502075195 -0.26026514172554016 -0.08521471917629242 0.9617695212364197 -271.4726257324219
* 0.9590719938278198 0.1583232879638672 0.23476596176624298 50.93357467651367 -0.1747511774301529 0.9833022952079773 0.0507756844162941 48.43903350830078 -0.22280679643154144 -0.0897231176495552 0.9707249402999878 -277.6769714355469
#
#
#
#
#
#
#
#
#
#
#
#
#
#
#
#
#
#
#
#
#
#
#
#
#
#
#
#
#
#
#
#
#
#
#
#
#
#
#
#
#
#
#
#
#
#
#
#
#
#
#
#
#
#
#
#
#
#
#
#
#
#
#
#
#
#
#
#
#
#
#
#
#
#
#
#
#
#
#
#
#
#
#
#
#
#
#
#
#
#
#
#
* 0.9786308407783508 0.1581263542175293 -0.13146142661571503 -84.89579010009766 -0.17223720252513885 0.9795452356338501 -0.10402949899435043 -31.5014705657959 0.11232215911149979 0.1244501918554306 0.9858478903770447 -306.0732727050781
* 0.9768247604370117 0.16695712506771088 -0.13395114243030548 -97.70462799072266 -0.18270695209503174 0.9763550758361816 -0.11552287638187408 0.3287965655326843 0.11149603873491287 0.13732057809829712 0.9842314720153809 -301.5163879394531
* 0.9781985878944397 0.17813055217266083 -0.1067761778831482 -111.46580505371094 -0.1938236653804779 0.9676569700241089 -0.16145901381969452 29.869157791137695 0.0745614767074585 0.1786358505487442 0.981086015701294 -302.40789794921875
#
#
#
#
#
#
#
#
#
#
* 0.970669150352478 0.14020337164402008 -0.1953117698431015 -105.35430145263672 -0.17578554153442383 0.9680643677711487 -0.17874349653720856 36.338558197021484 0.1640143096446991 0.20783460140228271 0.9643154144287109 -275.1007385253906
* 0.9693451523780823 0.13201920688152313 -0.2072279304265976 -99.0551986694336 -0.167255237698555 0.9723555445671082 -0.1629384607076645 24.977460861206055 0.17998865246772766 0.19260433316230774 0.9646283388137817 -274.48675537109375
* 0.964732825756073 0.12575311958789825 -0.23125582933425903 -92.11743927001953 -0.1648682951927185 0.9735064506530762 -0.15843620896339417 14.514655113220215 0.20520563423633575 0.19097614288330078 0.9599056243896484 -271.60198974609375
* 0.9630756378173828 0.11952117830514908 -0.2412520796060562 -87.3130874633789 -0.15823234617710114 0.9762399792671204 -0.14804115891456604 5.59901762008667 0.21782632172107697 0.18074947595596313 0.9591043591499329 -270.4674072265625
* 0.9637479186058044 0.11719612777233124 -0.23970313370227814 -83.91614532470703 -0.15172375738620758 0.9796954989433289 -0.13105307519435883 -1.311022162437439 0.21947762370109558 0.16267159581184387 0.9619601368904114 -269.968017578125
* 0.9605955481529236 0.114509217441082 -0.2532716989517212 -80.92919921875 -0.15213517844676971 0.9791882634162903 -0.13432677090168 -8.37668514251709 0.2326194941997528 0.16756606101989746 0.9580239057540894 -268.7082824707031
* 0.9585200548171997 0.1152331605553627 -0.26069796085357666 -78.58667755126953 -0.15232539176940918 0.9801565408706665 -0.12684127688407898 -17.57733917236328 0.24090898036956787 0.16129164397716522 0.9570516347885132 -268.3443908691406
* 0.9601899981498718 0.1095312237739563 -0.25698429346084595 -76.67752838134766 -0.1402788609266281 0.9845795035362244 -0.10451614111661911 -25.516008377075195 0.24157415330410004 0.13640563189983368 0.960747241973877 -268.68817138671875
* 0.9595668911933899 0.10883507132530212 -0.2595941126346588 -74.0541763305664 -0.13718122243881226 0.9861054420471191 -0.09367921948432922 -31.987756729125977 0.24579209089279175 0.12550370395183563 0.9611632823944092 -268.891357421875
* 0.9595527052879333 0.11007557809352875 -0.2591221034526825 -71.48736572265625 -0.13734221458435059 0.9864650964736938 -0.0895649790763855 -34.75585174560547 0.24575656652450562 0.12153151631355286 0.9616826772689819 -269.2054138183594
* 0.961743175983429 0.10832840949296951 -0.25162896513938904 -69.71951293945313 -0.1342407763004303 0.9870160818099976 -0.08818600326776505 -34.361183166503906 0.23880934715270996 0.11859194189310074 0.9637975692749023 -270.0244140625
* 0.958421528339386 0.11004868894815445 -0.26328641176223755 -67.26668548583984 -0.14081251621246338 0.9848746061325073 -0.10095655918121338 -32.63864517211914 0.24819448590278625 0.13383375108242035 0.9594205021858215 -269.8387756347656
* 0.9573200345039368 0.10952051728963852 -0.2674802541732788 -64.67878723144531 -0.14292562007904053 0.9837378263473511 -0.10876674205064774 -29.917516708374023 0.25121891498565674 0.14235515892505646 0.9574046730995178 -269.8493347167969
* 0.9584018588066101 0.11144626140594482 -0.26276886463165283 -61.74839401245117 -0.14409300684928894 0.9836068749427795 -0.10840941220521927 -26.032167434692383 0.2463800609111786 0.14176374673843384 0.9587489366531372 -270.1134948730469
* 0.9548914432525635 0.11026761680841446 -0.275726318359375 -58.36870193481445 -0.144984170794487 0.9834281206130981 -0.10884281247854233 -24.118349075317383 0.25915583968162537 0.14390987157821655 0.9550537467002869 -269.33807373046875
* 0.9535769820213318 0.10690964013338089 -0.28153666853904724 -55.27220916748047 -0.14417554438114166 0.9828298687934875 -0.1151374951004982 -23.169239044189453 0.264394074678421 0.15038400888442993 0.9526172876358032 -269.1423034667969
* 0.9532392621040344 0.10711222141981125 -0.2826017439365387 -53.44367980957031 -0.14413169026374817 0.9830142259597778 -0.11360909044742584 -22.659860610961914 0.26563331484794617 0.14902937412261963 0.9524854421615601 -269.1212463378906
* 0.9545418620109558 0.10518468171358109 -0.2789049744606018 -53.11205291748047 -0.13895773887634277 0.9847999215126038 -0.10420072078704834 -23.349695205688477 0.2637060880661011 0.13822080194950104 0.9546483755111694 -269.7074279785156
* 0.9572907090187073 0.1006091982126236 -0.27106133103370667 -53.840816497802734 -0.1320313960313797 0.9861586689949036 -0.100282683968544 -22.769176483154297 0.257220983505249 0.1317891627550125 0.9573235511779785 -270.3615417480469
* 0.9580238461494446 0.10101667046546936 -0.26830562949180603 -55.22816848754883 -0.13658176362514496 0.9836503863334656 -0.11736785620450974 -19.870126724243164 0.25206366181373596 0.14908769726753235 0.9561570286750793 -270.7449645996094
* 0.9621227979660034 0.10087262839078903 -0.2532711327075958 -57.37726593017578 -0.13435156643390656 0.9838135838508606 -0.11856797337532043 -15.469366073608398 0.2372121661901474 0.14810512959957123 0.9601014852523804 -272.35443115234375
* 0.9633686542510986 0.10124523192644119 -0.24833863973617554 -59.38262939453125 -0.1364264339208603 0.9822389483451843 -0.1288118213415146 -8.879537582397461 0.23088714480400085 0.15797404944896698 0.9600701928138733 -273.3579406738281
* 0.9657281637191772 0.10199172049760818 -0.2386806756258011 -60.76023483276367 -0.13788335025310516 0.9806637763977051 -0.1388688087463379 -1.890565037727356 0.2199029177427292 0.16702046990394592 0.9611172080039978 -273.4927978515625
* 0.9677174687385559 0.101583331823349 -0.2306632399559021 -62.99785614013672 -0.13726353645324707 0.9799619317054749 -0.14432959258556366 4.63795804977417 0.21138069033622742 0.17133274674415588 0.9622695446014404 -274.6116943359375
* 0.9672298431396484 0.0996045172214508 -0.2335532009601593 -65.23716735839844 -0.1382891982793808 0.9780904054641724 -0.15560559928417206 10.213909149169922 0.21293805539608002 0.18280504643917084 0.9598119854927063 -273.69091796875
* 0.9694223999977112 0.10085798054933548 -0.2237173169851303 -67.91699981689453 -0.1369708925485611 0.978797435760498 -0.1522907316684723 12.79336166381836 0.20361511409282684 0.17827758193016052 0.96268230676651 -274.5111083984375
* 0.9704342484474182 0.1025276854634285 -0.2185111790895462 -70.53038787841797 -0.13710735738277435 0.979210615158081 -0.14948631823062897 15.664843559265137 0.19864290952682495 0.17502692341804504 0.9643162488937378 -275.06597900390625
* 0.9718257188796997 0.10063938796520233 -0.21313884854316711 -72.82849884033203 -0.13386395573616028 0.9799307584762573 -0.1476963460445404 17.946117401123047 0.19399814307689667 0.1720675528049469 0.9657933115959167 -274.9956359863281
* 0.9738799929618835 0.09851695597171783 -0.20458240807056427 -74.78842163085938 -0.12923948466777802 0.9812885522842407 -0.14271599054336548 18.393892288208008 0.18669532239437103 0.1654292196035385 0.9683889746665955 -275.6101989746094
* 0.9731729030609131 0.1018335372209549 -0.20631572604179382 -75.64107513427734 -0.13470244407653809 0.9791372418403625 -0.1521296352148056 18.59984588623047 0.18652042746543884 0.17584052681922913 0.9665864706039429 -275.8824768066406
* 0.9730114936828613 0.09940465539693832 -0.20825253427028656 -75.51876831054688 -0.13184313476085663 0.9801290035247803 -0.14819715917110443 17.822830200195313 0.18938377499580383 0.17165507376194 0.9667820930480957 -275.4419860839844
* 0.9720697999000549 0.0978902205824852 -0.21330606937408447 -75.12097930908203 -0.13076893985271454 0.9806104302406311 -0.1459466964006424 14.600220680236816 0.19488433003425598 0.16976504027843475 0.9660223722457886 -275.2720947265625
* 0.9724694490432739 0.09422805905342102 -0.2131333202123642 -75.18313598632813 -0.12508279085159302 0.9827419519424438 -0.13627274334430695 10.89635181427002 0.1966152787208557 0.15918126702308655 0.9674725532531738 -275.69476318359375
* 0.9726732969284058 0.09685241430997849 -0.21101616322994232 -75.71000671386719 -0.12795382738113403 0.9819722771644592 -0.13912610709667206 8.564871788024902 0.19373826682567596 0.16232547163963318 0.9675304293632507 -275.6704406738281
* 0.9744012951850891 0.09246188402175903 -0.20492510497570038 -75.43860626220703 -0.12135961651802063 0.9836186170578003 -0.13328146934509277 7.651386260986328 0.18924565613269806 0.15474016964435577 0.9696601033210754 -276.5956726074219
* 0.9739381074905396 0.0946701243519783 -0.2061152160167694 -74.5158462524414 -0.12461595982313156 0.9826239943504333 -0.13754473626613617 7.404661178588867 0.18951337039470673 0.1596461981534958 0.9688120484352112 -276.4964599609375
* 0.9750843048095703 0.09604538977146149 -0.19996793568134308 -74.41606903076172 -0.12533022463321686 0.9822745323181152 -0.1393803209066391 9.90835189819336 0.18303754925727844 0.1609705090522766 0.969837486743927 -278.03936767578125
* 0.9770888686180115 0.0943072959780693 -0.1907998025417328 -74.99934387207031 -0.12266732007265091 0.9821221232414246 -0.1427810937166214 13.875151634216309 0.17392438650131226 0.16291560232639313 0.9711887836456299 -278.8674621582031
* 0.9780362248420715 0.09846383333206177 -0.18371467292308807 -75.71171569824219 -0.12807080149650574 0.9792580604553223 -0.15700101852416992 18.44733238220215 0.16444610059261322 0.17708201706409454 0.9703598618507385 -280.01702880859375
* 0.9777500629425049 0.10223893076181412 -0.18317513167858124 -75.21646118164063 -0.13323333859443665 0.9771105647087097 -0.16583701968193054 23.322166442871094 0.16202831268310547 0.18655304610729218 0.9689910411834717 -280.0775451660156
* 0.9796733260154724 0.09777116030454636 -0.17516326904296875 -74.21971130371094 -0.12706983089447021 0.9781100749969482 -0.16477783024311066 28.309179306030273 0.1552194505929947 0.1836872398853302 0.9706517457962036 -281.38043212890625
* 0.9793331623077393 0.10070885717868805 -0.17540132999420166 -73.29173278808594 -0.13210932910442352 0.975165843963623 -0.17775394022464752 33.617366790771484 0.15314501523971558 0.1972532868385315 0.9683163166046143 -281.3983459472656
* 0.9805579781532288 0.10076547414064407 -0.16838493943214417 -73.16626739501953 -0.1297300010919571 0.9766868352890015 -0.17102818191051483 38.0792350769043 0.14722664654254913 0.18954846262931824 0.9707700610160828 -282.2113342285156
* 0.9817060828208923 0.10465288907289505 -0.15906637907028198 -73.28944396972656 -0.1335863173007965 0.9738460779190063 -0.1837836056947708 42.783756256103516 0.13567373156547546 0.20167142152786255 0.9700102806091309 -283.42779541015625
* 0.9828126430511475 0.10727689415216446 -0.150241419672966 -73.12088012695313 -0.13433155417442322 0.9738048911094666 -0.18345850706100464 47.86616897583008 0.12662605941295624 0.20048831403255463 0.971477746963501 -284.73651123046875
#
#
#
#
#
* 0.9800819158554077 0.11190478503704071 -0.16406168043613434 -73.17951965332031 -0.14202605187892914 0.9723832011222839 -0.18519945442676544 48.737701416015625 0.13880617916584015 0.20481185615062714 0.9689090847969055 -281.4256896972656
* 0.9795127511024475 0.10631472617387772 -0.1710311472415924 -74.32313537597656 -0.13574722409248352 0.9759075045585632 -0.17081162333488464 42.51750946044922 0.14875082671642303 0.19052931666374207 0.9703462719917297 -280.9872131347656
* 0.978638231754303 0.10320743918418884 -0.17780669033527374 -75.71064758300781 -0.13278354704380035 0.9775820374488831 -0.1634061336517334 36.27393341064453 0.15695589780807495 0.1835254728794098 0.9704037308692932 -280.0792236328125
* 0.9795135259628296 0.10042783617973328 -0.17454880475997925 -77.31999206542969 -0.1266137659549713 0.9811462759971619 -0.1460159569978714 30.743854522705078 0.15659381449222565 0.16512510180473328 0.9737618565559387 -279.5556335449219
* 0.978232741355896 0.10072067379951477 -0.18142709136009216 -78.92120361328125 -0.12864793837070465 0.9803717732429504 -0.14940065145492554 25.206445693969727 0.16281823813915253 0.1694890260696411 0.9719896912574768 -278.92279052734375
* 0.9768480062484741 0.09693392366170883 -0.1907127946615219 -80.1807861328125 -0.12538382411003113 0.9817104935646057 -0.14325888454914093 16.813735961914063 0.17333807051181793 0.16385464370250702 0.9711363315582275 -278.2139892578125
* 0.9786060452461243 0.0889224037528038 -0.18553310632705688 -81.48795318603516 -0.1136796772480011 0.9853183627128601 -0.1273740828037262 8.106348037719727 0.17148272693157196 0.1457405686378479 0.9743477702140808 -277.78204345703125
* 0.9779471755027771 0.08588343113660812 -0.1903754025697708 -82.9599380493164 -0.1096942275762558 0.9869023561477661 -0.11828193813562393 1.479204773902893 0.17772342264652252 0.1365567445755005 0.9745597839355469 -276.933349609375
* 0.9799792170524597 0.08520326763391495 -0.17994603514671326 -84.83291625976563 -0.10652942955493927 0.9879381656646729 -0.11238066107034683 -2.539278507232666 0.1682002991437912 0.12930043041706085 0.9772360324859619 -277.47003173828125
* 0.9787925481796265 0.08190957456827164 -0.1877642571926117 -85.52806091308594 -0.10363546013832092 0.9886277914047241 -0.1089712530374527 -4.4898681640625 0.17670314013957977 0.1261194348335266 0.976150631904602 -276.4490661621094
* 0.9794011116027832 0.08399417996406555 -0.18362440168857574 -86.35381317138672 -0.10471087694168091 0.9888162016868591 -0.1061977744102478 -5.2015461921691895 0.1726507842540741 0.12323784828186035 0.977243185043335 -277.16021728515625
* 0.980733335018158 0.08027741312980652 -0.1780928522348404 -86.5016860961914 -0.10146580636501312 0.9883723855018616 -0.1132456436753273 -5.921886444091797 0.16693095862865448 0.12913425266742706 0.9774755835533142 -277.4368591308594
* 0.9811925292015076 0.08361691236495972 -0.1739797443151474 -86.4003677368164 -0.1063431054353714 0.9863525629043579 -0.1256963312625885 -3.57361102104187 0.1610950231552124 0.14183399081230164 0.9766942262649536 -278.3739929199219
* 0.9843737483024597 0.08895725756883621 -0.1519687920808792 -86.54987335205078 -0.11053214967250824 0.9839625358581543 -0.13999976217746735 3.3987693786621094 0.13707761466503143 0.15460968017578125 0.978420078754425 -281.5276184082031
* 0.9819789528846741 0.09063376486301422 -0.1658390909433365 -85.33409118652344 -0.11528799682855606 0.9825948476791382 -0.14565539360046387 11.44090461730957 0.14975132048130035 0.16214992105960846 0.975337028503418 -279.8684387207031
* 0.9809752106666565 0.09457201510667801 -0.16953890025615692 -84.12779998779297 -0.12002474069595337 0.9818589091300964 -0.14678741991519928 17.644773483276367 0.15258124470710754 0.16434383392333984 0.9745309352874756 -279.7557373046875
* 0.984637439250946 0.0979335829615593 -0.14456172287464142 -83.00917053222656 -0.12081973999738693 0.9798341989517212 -0.1591445803642273 24.339839935302734 0.1260608583688736 0.174165740609169 0.976614236831665 -282.23333740234375
* 0.9816799163818359 0.09778948873281479 -0.16352877020835876 -80.74344635009766 -0.1239362582564354 0.9795951843261719 -0.15821601450443268 29.978572845458984 0.14472010731697083 0.17558477818965912 0.9737692475318909 -280.6919250488281
* 0.9819441437721252 0.10110075026750565 -0.15988817811012268 -78.67073059082031 -0.12677770853042603 0.9790144562721252 -0.1595541387796402 34.0350456237793 0.14040176570415497 0.1769435703754425 0.9741553664207458 -280.5718994140625
* 0.9801076650619507 0.10529045760631561 -0.1682344526052475 -76.6094741821289 -0.13328179717063904 0.9772705435752869 -0.16485615074634552 36.970340728759766 0.14705277979373932 0.1839994192123413 0.9718641638755798 -280.1029357910156
* 0.9802556037902832 0.10417375713586807 -0.1680675745010376 -74.7344741821289 -0.13398019969463348 0.9750319719314575 -0.17709125578403473 37.98183059692383 0.14542298018932343 0.19611245393753052 0.9697381854057312 -279.7626037597656
* 0.9790588617324829 0.10552804917097092 -0.17409087717533112 -74.01752471923828 -0.13444234430789948 0.9773100018501282 -0.16367626190185547 37.28464126586914 0.15286830067634583 0.18365393579006195 0.971031665802002 -278.85662841796875
* 0.9785541296005249 0.10638180375099182 -0.1763940006494522 -74.33692932128906 -0.1359855830669403 0.9768270254135132 -0.16527706384658813 35.7239990234375 0.1547238677740097 0.18571963906288147 0.970344603061676 -278.413330078125
* 0.9769688844680786 0.10424517840147018 -0.18618494272232056 -74.9232177734375 -0.136440709233284 0.9760461449623108 -0.1694628745317459 33.191314697265625 0.16405931115150452 0.19096317887306213 0.9677900075912476 -277.515380859375
* 0.9791154265403748 0.1006598100066185 -0.17663775384426117 -75.58623504638672 -0.12828710675239563 0.9799118041992188 -0.15269285440444946 30.823278427124023 0.15771925449371338 0.17216427624225616 0.9723600149154663 -277.861083984375
* 0.9782112836837769 0.10099750757217407 -0.1813908815383911 -75.6513671875 -0.13086026906967163 0.978234052658081 -0.16103893518447876 28.047109603881836 0.1611780822277069 0.1812668889760971 0.9701360464096069 -277.54205322265625
* 0.9775012135505676 0.09796752035617828 -0.1868007481098175 -75.05429077148438 -0.12790396809577942 0.9795030355453491 -0.15560945868492126 25.05502700805664 0.16772709786891937 0.17600087821483612 0.9699954390525818 -276.67169189453125
* 0.9764552116394043 0.0977587029337883 -0.19229957461357117 -74.56880187988281 -0.12848806381225586 0.979611873626709 -0.1544380784034729 22.146074295043945 0.17328114807605743 0.1755099594593048 0.9691075682640076 -276.63189697265625
* 0.9776389598846436 0.09507418423891068 -0.1875728964805603 -73.76689147949219 -0.12292622774839401 0.982069730758667 -0.14292636513710022 18.715620040893555 0.1706208884716034 0.16278788447380066 0.9717963337898254 -276.3426208496094
* 0.9770759344100952 0.09520497173070908 -0.1904192715883255 -73.72171020507813 -0.1234738826751709 0.9820528626441956 -0.14257019758224487 16.138656616210938 0.1734282225370407 0.16281358897686005 0.9712950587272644 -276.3670654296875
* 0.9793596267700195 0.09289935976266861 -0.1795143187046051 -74.5844497680664 -0.11869130283594131 0.9831913709640503 -0.1387338638305664 15.838977813720703 0.16360847651958466 0.15717700123786926 0.9739237427711487 -277.15106201171875
* 0.9801126718521118 0.09247902780771255 -0.1755780279636383 -75.8914566040039 -0.11794958263635635 0.9830062389373779 -0.14066410064697266 17.0897274017334 0.159585639834404 0.1585759073495865 0.9743643403053284 -277.53228759765625
* 0.9814617037773132 0.09301877021789551 -0.16757459938526154 -76.85464477539063 -0.11740723252296448 0.9828696846961975 -0.14206470549106598 19.995203018188477 0.15148910880088806 0.15910542011260986 0.9755697250366211 -278.6063232421875
* 0.9814964532852173 0.09249113500118256 -0.16766293346881866 -77.62544250488281 -0.11798902601003647 0.9817529916763306 -0.14912910759449005 23.440153121948242 0.15081022679805756 0.1661520004272461 0.9744996428489685 -278.1361389160156
* 0.9808754920959473 0.09629639238119125 -0.16914835572242737 -79.09454345703125 -0.12410152703523636 0.9788939356803894 -0.1623738408088684 25.685443878173828 0.1499420404434204 0.18026001751422882 0.9721230864524841 -277.8688659667969
* 0.9829736948013306 0.09516952186822891 -0.15718218684196472 -80.15958404541016 -0.11804457008838654 0.9826173782348633 -0.14327676594257355 28.0415096282959 0.14081412553787231 0.15939173102378845 0.9771208167076111 -278.477294921875
* 0.9824080467224121 0.09497138857841492 -0.1607964038848877 -79.86593627929688 -0.11955282092094421 0.9813015460968018 -0.1508437842130661 28.961105346679688 0.14346368610858917 0.16741375625133514 0.9753924012184143 -278.1523132324219
* 0.9816762804985046 0.09341748803853989 -0.1660883128643036 -78.69734954833984 -0.11918635666370392 0.9810653924942017 -0.15265867114067078 29.359560012817383 0.14868229627609253 0.16965679824352264 0.9742226004600525 -277.5678405761719
* 0.9817599058151245 0.09428268671035767 -0.16510170698165894 -77.77111053466797 -0.12209933996200562 0.978300154209137 -0.16739115118980408 30.254276275634766 0.14573678374290466 0.1844966858625412 0.9719677567481995 -277.3602294921875
* 0.9824482202529907 0.09615255147218704 -0.1598455011844635 -77.47138977050781 -0.12024073302745819 0.9815608263015747 -0.14859220385551453 31.96891212463379 0.14261038601398468 0.16520404815673828 0.9758941531181335 -278.1460266113281
* 0.9821451902389526 0.09848843514919281 -0.16028451919555664 -76.85295104980469 -0.12377897650003433 0.97991544008255 -0.15634481608867645 33.000152587890625 0.14166688919067383 0.1733931452035904 0.9746100902557373 -278.0150146484375
* 0.9814603328704834 0.09734304994344711 -0.16510631144046783 -75.72571563720703 -0.12596337497234344 0.9768599271774292 -0.17284993827342987 33.89787673950195 0.1444597691297531 0.19044272601604462 0.9710110425949097 -277.66949462890625
* 0.9799177050590515 0.09926389157772064 -0.1729401797056198 -74.43560028076172 -0.12907138466835022 0.9768375158309937 -0.17067022621631622 32.95620346069336 0.1519928276538849 0.18956442177295685 0.9700325131416321 -276.84710693359375
* 0.9799596071243286 0.09780870378017426 -0.1735306680202484 -73.513916015625 -0.1269705891609192 0.9779469966888428 -0.16582359373569489 31.985172271728516 0.15348459780216217 0.18453377485275269 0.9707674384117126 -277.2138977050781
* 0.9802432060241699 0.09630122780799866 -0.17277048528194427 -72.5392074584961 -0.124943807721138 0.9786115884780884 -0.1634247601032257 32.20005416870117 0.1533370018005371 0.18178266286849976 0.9713097214698792 -277.29949951171875
* 0.9800668358802795 0.09875067323446274 -0.1723872721195221 -71.19666290283203 -0.12823893129825592 0.9771843552589417 -0.1693064570426941 33.16858673095703 0.1517348289489746 0.18803848326206207 0.9703699350357056 -277.3341369628906
* 0.980150580406189 0.0979263037443161 -0.17238104343414307 -69.99832916259766 -0.12620264291763306 0.9787567853927612 -0.16157659888267517 33.366973876953125 0.15289635956287384 0.18012447655200958 0.9716880321502686 -277.16363525390625
* 0.9818649291992188 0.09760232269763947 -0.1625269651412964 -69.54402160644531 -0.1246754601597786 0.9782581329345703 -0.16572868824005127 34.124267578125 0.1428176909685135 0.18298642337322235 0.9726864695549011 -277.8118591308594
* 0.9811341166496277 0.09886523336172104 -0.16613656282424927 -69.22896575927734 -0.1274506151676178 0.9769365191459656 -0.17131833732128143 35.59228515625 0.14536738395690918 0.1892605572938919 0.9711069464683533 -277.77764892578125
* 0.9811001420021057 0.09766345471143723 -0.16704604029655457 -68.6648178100586 -0.12594641745090485 0.9776880145072937 -0.1681137979030609 35.26073455810547 0.14690028131008148 0.18597540259361267 0.9715108871459961 -277.40509033203125
* 0.9789549708366394 0.09826825559139252 -0.178859680891037 -68.0064926147461 -0.12703141570091248 0.9793598055839539 -0.15721331536769867 33.39967727661133 0.15971888601779938 0.17662560939788818 0.9712327718734741 -276.2263488769531
* 0.9798803329467773 0.10013531893491745 -0.17264977097511292 -67.57947540283203 -0.12953899800777435 0.977157711982727 -0.16846682131290436 32.4261474609375 0.1518365442752838 0.18744224309921265 0.9704694151878357 -277.0829772949219
* 0.9782555103302002 0.0974373146891594 -0.18309156596660614 -66.56096649169922 -0.12852902710437775 0.9776352047920227 -0.1664583384990692 31.663982391357422 0.16277748346328735 0.18637143075466156 0.9689009189605713 -276.5
* 0.9779391884803772 0.09874384850263596 -0.18407942354679108 -66.03583526611328 -0.1299389749765396 0.9775351881980896 -0.1659492552280426 31.0598087310791 0.16355766355991364 0.18620744347572327 0.9688009023666382 -276.12677001953125
* 0.9793978929519653 0.0967915877699852 -0.17723415791988373 -66.28868103027344 -0.12702326476573944 0.9775557518005371 -0.16807201504707336 31.27901268005371 0.15698833763599396 0.18712225556373596 0.9697110652923584 -276.820556640625
* 0.9790773391723633 0.09887847304344177 -0.17785246670246124 -66.62628173828125 -0.12847226858139038 0.9781528115272522 -0.1634332835674286 31.34808921813965 0.15780684351921082 0.18286290764808655 0.9703903794288635 -276.5560302734375
* 0.9810113906860352 0.0962650254368782 -0.16837601363658905 -67.5091781616211 -0.12487022578716278 0.9777541160583496 -0.16853120923042297 32.482181549072266 0.14840668439865112 0.18635612726211548 0.9712087512016296 -277.58074951171875
* 0.9817311763763428 0.09658519923686981 -0.16393907368183136 -69.4208984375 -0.12238169461488724 0.9802471399307251 -0.15535977482795715 33.569461822509766 0.14569535851478577 0.17258459329605103 0.9741595983505249 -277.7705993652344
* 0.9816771149635315 0.09768828004598618 -0.16360844671726227 -72.24189758300781 -0.12302737683057785 0.9805845618247986 -0.1526971161365509 33.757503509521484 0.14551520347595215 0.170027494430542 0.9746360778808594 -277.6539306640625
* 0.9822012782096863 0.09677117317914963 -0.16098619997501373 -75.63348388671875 -0.1212141364812851 0.9812731146812439 -0.14969439804553986 33.69851303100586 0.14348532259464264 0.16654378175735474 0.9755380749702454 -277.70062255859375
* 0.9813175201416016 0.09673536568880081 -0.16630886495113373 -79.47179412841797 -0.1236717626452446 0.9793208241462708 -0.1601077765226364 32.70642852783203 0.14738161861896515 0.1776842474937439 0.9729883670806885 -277.032958984375
* 0.9820427298545837 0.09698761999607086 -0.16181981563568115 -82.99989318847656 -0.12110123038291931 0.9817675948143005 -0.14651058614253998 32.03603744506836 0.14465971291065216 0.16347618401050568 0.975883424282074 -276.9920654296875
* 0.9848372936248779 0.09402007609605789 -0.14579425752162933 -85.6717300415039 -0.11496581882238388 0.9830756187438965 -0.1426311880350113 32.51630401611328 0.12991656363010406 0.15722979605197906 0.9789789915084839 -277.7736511230469
* 0.9841764569282532 0.0923689678311348 -0.15121124684810638 -86.66022491455078 -0.11663492023944855 0.9801337718963623 -0.16041399538516998 32.775306701660156 0.13338994979858398 0.1755121350288391 0.9753983616828918 -277.220703125
* 0.984481930732727 0.09075121581554413 -0.1501999795436859 -86.50666046142578 -0.11415135115385056 0.9812430143356323 -0.15533912181854248 32.59083557128906 0.13328543305397034 0.17007403075695038 0.9763756394386292 -276.7263488769531
* 0.9850766658782959 0.08917564898729324 -0.1472151279449463 -85.9046859741211 -0.11175621300935745 0.9818800687789917 -0.15303872525691986 32.516326904296875 0.13090026378631592 0.16720697283744812 0.9771931171417236 -277.14263916015625
* 0.9841564297676086 0.09009680896997452 -0.15270674228668213 -84.62056732177734 -0.1142125278711319 0.9809175729751587 -0.15733684599399567 32.92955017089844 0.13561713695526123 0.17228494584560394 0.9756664037704468 -277.25506591796875
* 0.9839587807655334 0.09215351939201355 -0.15275326371192932 -83.310302734375 -0.11642090231180191 0.9804834723472595 -0.15842093527317047 32.68056106567383 0.13517296314239502 0.1736632138490677 0.9754837155342102 -277.2833251953125
* 0.9838248491287231 0.09222103655338287 -0.15357324481010437 -81.97022247314453 -0.11721386015415192 0.979706346988678 -0.16258913278579712 32.64414596557617 0.13546249270439148 0.17795997858047485 0.9746688008308411 -277.28167724609375
* 0.9832287430763245 0.09149793535470963 -0.15776637196540833 -81.02091979980469 -0.11784729361534119 0.9789376854896545 -0.16670888662338257 33.0089111328125 0.13918988406658173 0.18250514566898346 0.9733022451400757 -277.4150085449219
* 0.9817667603492737 0.09310118108987808 -0.16573233902454376 -79.95903778076172 -0.12072066217660904 0.9788320064544678 -0.1652669757604599 32.95249557495117 0.14683754742145538 0.18226078152656555 0.972223699092865 -276.6561279296875
* 0.9827907681465149 0.09324650466442108 -0.15946240723133087 -79.59737396240234 -0.11917836219072342 0.9796193838119507 -0.1616826355457306 33.09174728393555 0.14113610982894897 0.17790454626083374 0.9738736152648926 -277.4287109375
* 0.9831404685974121 0.09180194139480591 -0.1581396758556366 -79.48489379882813 -0.116569884121418 0.9809737205505371 -0.15524420142173767 32.89799118041992 0.14087918400764465 0.17106103897094727 0.9751361012458801 -277.050048828125
* 0.9820581674575806 0.09595534950494766 -0.16234365105628967 -79.55999755859375 -0.12146580219268799 0.9803668260574341 -0.15532487630844116 32.57571792602539 0.14425206184387207 0.17225709557533264 0.9744322299957275 -276.9356384277344
* 0.9821525812149048 0.09592573344707489 -0.16178958117961884 -79.56487274169922 -0.12153128534555435 0.980150580406189 -0.15663272142410278 32.492374420166016 0.14355303347110748 0.17349952459335327 0.9743149876594543 -277.20001220703125
* 0.983790397644043 0.09132640808820724 -0.15432831645011902 -79.54917907714844 -0.11493758857250214 0.9817131757736206 -0.1517486721277237 31.740968704223633 0.13764740526676178 0.16702687740325928 0.9762962460517883 -277.65863037109375
* 0.9807372689247131 0.09663873165845871 -0.1697547286748886 -79.8663101196289 -0.12434684485197067 0.9790849089622498 -0.16102664172649384 30.21690559387207 0.15064284205436707 0.17903316020965576 0.9722412824630737 -276.6531066894531
* 0.9822317957878113 0.09166771918535233 -0.16376490890979767 -81.039794921875 -0.11695332825183868 0.9814174771308899 -0.15212030708789825 29.05091094970703 0.1467771828174591 0.1685701161623001 0.9746999144554138 -277.2755432128906
* 0.982918381690979 0.0901622325181961 -0.16044753789901733 -82.16204071044922 -0.11332676559686661 0.9834097027778625 -0.14163830876350403 27.970335006713867 0.1450151801109314 0.15740174055099487 0.9768288731575012 -277.5121154785156
* 0.9832137823104858 0.08863049000501633 -0.1594872772693634 -83.27731323242188 -0.11179248988628387 0.9834358096122742 -0.1426728069782257 27.061208724975586 0.14420026540756226 0.15810725092887878 0.9768355488777161 -277.3934326171875
* 0.9841569066047668 0.08769615739583969 -0.15409526228904724 -84.09152221679688 -0.11063403636217117 0.9828962087631226 -0.14722062647342682 27.23033905029297 0.13854891061782837 0.16193629801273346 0.9770261645317078 -278.1508483886719
* 0.982774555683136 0.08679492026567459 -0.16316120326519012 -84.30277252197266 -0.11278551816940308 0.9810617566108704 -0.1574670672416687 27.221616744995117 0.14640383422374725 0.17315678298473358 0.9739517569541931 -277.14337158203125
* 0.9841985702514648 0.08425386250019073 -0.15574079751968384 -84.68812561035156 -0.10806671530008316 0.9825494885444641 -0.15138277411460876 27.668447494506836 0.14026837050914764 0.16582104563713074 0.976128876209259 -278.07421875
* 0.985345721244812 0.08404017984867096 -0.14843147993087769 -84.86095428466797 -0.10684875398874283 0.9824205040931702 -0.15307483077049255 28.248029708862305 0.13295762240886688 0.16669128835201263 0.9770033955574036 -278.53289794921875
* 0.9832245707511902 0.08614558726549149 -0.1607767939567566 -84.1878662109375 -0.11245353519916534 0.9802843928337097 -0.1624666154384613 29.201610565185547 0.1436111032962799 0.17782104015350342 0.9735270142555237 -277.98602294921875
* 0.9843145608901978 0.08436872810125351 -0.15494288504123688 -82.69047546386719 -0.10888847708702087 0.9815301895141602 -0.15729045867919922 30.782058715820313 0.13881061971187592 0.1716947704553604 0.9753214120864868 -278.93438720703125
* 0.983997106552124 0.08655311167240143 -0.15575213730335236 -80.95152282714844 -0.11098545789718628 0.9815448522567749 -0.1557256132364273 32.727760314941406 0.13939911127090454 0.17051982879638672 0.9754436016082764 -279.3394775390625
* 0.983095109462738 0.0895976722240448 -0.1596776396036148 -79.72575378417969 -0.1168147400021553 0.97846519947052 -0.1701725721359253 34.062591552734375 0.14099189639091492 0.18594859540462494 0.9723908305168152 -278.86016845703125
* 0.9833678603172302 0.08918023109436035 -0.15822529792785645 -79.56199645996094 -0.11453436315059662 0.9805877208709717 -0.15914858877658844 34.79370880126953 0.14096081256866455 0.17462390661239624 0.9744927287101746 -279.1910095214844
* 0.9831159114837646 0.09046696871519089 -0.159059077501297 -79.51786041259766 -0.11528921127319336 0.9812436103820801 -0.15449269115924835 35.275142669677734 0.14209918677806854 0.17022207379341125 0.9751059412956238 -278.95867919921875
* 0.9830523133277893 0.08994723111391068 -0.15974542498588562 -79.69930267333984 -0.11660972982645035 0.9791594743728638 -0.16627536714076996 34.927772521972656 0.1414601355791092 0.18208535015583038 0.9730536341667175 -279.16912841796875
* 0.9828487634658813 0.08914320915937424 -0.16144004464149475 -80.00740051269531 -0.11596546322107315 0.9794189929962158 -0.16519379615783691 34.46733474731445 0.143391415476799 0.18108206987380981 0.9729582071304321 -278.71612548828125
* 0.9843083024024963 0.08573471754789352 -0.15423282980918884 -80.78230285644531 -0.10902286320924759 0.9827311038970947 -0.1495070457458496 34.86420822143555 0.1387513130903244 0.16397599875926971 0.9766572117805481 -279.49468994140625
* 0.9853694438934326 0.08326133340597153 -0.14871293306350708 -81.2944564819336 -0.10571819543838501 0.9829964637756348 -0.15013398230075836 34.523990631103516 0.13368386030197144 0.16365917026996613 0.9774168729782104 -279.1803894042969
* 0.9831305146217346 0.08642668277025223 -0.16120056807994843 -81.83821105957031 -0.11247184872627258 0.9806591868400574 -0.1601753979921341 34.0686149597168 0.14423933625221252 0.17560391128063202 0.9738366603851318 -278.4666748046875
* 0.9837788939476013 0.08380495756864548 -0.15860840678215027 -82.43659973144531 -0.10861009359359741 0.9819527268409729 -0.15482676029205322 33.4979248046875 0.14277061820030212 0.1695418357849121 0.9751264452934265 -279.03753662109375
* 0.9840062260627747 0.08367320150136948 -0.15726234018802643 -82.36203002929688 -0.10818636417388916 0.9820634126663208 -0.15442128479480743 32.33713912963867 0.14152055978775024 0.16896523535251617 0.975408673286438 -279.3349304199219
* 0.9850862622261047 0.08022464066743851 -0.15221594274044037 -82.00194549560547 -0.10337282717227936 0.9831379055976868 -0.15083998441696167 31.19059181213379 0.1375480592250824 0.1643255054950714 0.9767686724662781 -279.4378662109375
* 0.983693540096283 0.08053647726774216 -0.16081534326076508 -81.77880859375 -0.1059417724609375 0.9820194840431213 -0.1562466025352478 30.303495407104492 0.14534011483192444 0.1707359403371811 0.9745383262634277 -278.6981506347656
* 0.9839540719985962 0.08172468096017838 -0.15860719978809357 -82.25521850585938 -0.10633402317762375 0.9824150204658508 -0.15346863865852356 30.29045295715332 0.14327582716941833 0.16787151992321014 0.975341260433197 -278.98681640625
* 0.9827771186828613 0.08402097970247269 -0.16459213197231293 -82.81362915039063 -0.11002231389284134 0.981634795665741 -0.15584267675876617 30.021080017089844 0.14847522974014282 0.17126747965812683 0.9739722609519958 -278.5885314941406
* 0.9833420515060425 0.0833277478814125 -0.16154201328754425 -83.49412536621094 -0.1080075278878212 0.9826794862747192 -0.15057897567749023 30.115800857543945 0.14619651436805725 0.16551847755908966 0.9753100275993347 -278.9591979980469
* 0.9857696294784546 0.08186615258455276 -0.14682358503341675 -84.05274200439453 -0.10360753536224365 0.9836726188659668 -0.14714686572551727 30.739818572998047 0.1323799192905426 0.1602649986743927 0.9781565070152283 -279.71600341796875
* 0.9844728708267212 0.08151361346244812 -0.15546634793281555 -83.70793914794922 -0.1066051796078682 0.9812470078468323 -0.16058708727359772 31.497943878173828 0.13946078717708588 0.17466717958450317 0.9747007489204407 -279.5733947753906
* 0.9839279651641846 0.08250440657138824 -0.15836581587791443 -83.29547119140625 -0.1084202453494072 0.9806994795799255 -0.16270314157009125 32.68871307373047 0.1418854147195816 0.17725828289985657 0.9738827347755432 -278.9024658203125
* 0.9840787649154663 0.08416174352169037 -0.15654698014259338 -83.4869384765625 -0.10920294374227524 0.9812277555465698 -0.1589515060186386 34.21388244628906 0.1402304768562317 0.17351622879505157 0.974795937538147 -279.3311462402344
* 0.9853765368461609 0.08134046941995621 -0.14972589910030365 -83.58302307128906 -0.10584300011396408 0.9808077812194824 -0.16374440491199493 34.749969482421875 0.13353310525417328 0.17719736695289612 0.9750741720199585 -279.5412292480469
* 0.9851028919219971 0.08248433470726013 -0.1508965641260147 -83.61618041992188 -0.10650831460952759 0.9815511703491211 -0.15878404676914215 35.65530776977539 0.1350153386592865 0.17249040305614471 0.9757139086723328 -280.0927734375
* 0.9838526844978333 0.0830189660191536 -0.15856602787971497 -83.00251007080078 -0.11013676226139069 0.9791427850723267 -0.17072930932044983 36.62056350708008 0.14108483493328094 0.1854364424943924 0.9724752902984619 -279.4730529785156
* 0.9842436909675598 0.08501088619232178 -0.15504497289657593 -82.70265197753906 -0.1107020303606987 0.9799883365631104 -0.16542981564998627 37.06177520751953 0.13787874579429626 0.1799870878458023 0.973957896232605 -279.3061218261719
* 0.983083963394165 0.08359736949205399 -0.16296957433223724 -82.41618347167969 -0.11084448546171188 0.9798730611801147 -0.16601599752902985 36.89967727661133 0.1458108127117157 0.1812719851732254 0.9725633263587952 -278.23724365234375
* 0.9828563928604126 0.08377707749605179 -0.16424520313739777 -82.70547485351563 -0.11143869906663895 0.9796053767204285 -0.16719353199005127 36.456298828125 0.14688830077648163 0.1826305240392685 0.9721469879150391 -278.7032470703125
* 0.9844515323638916 0.08194462954998016 -0.15537770092487335 -82.49661254882813 -0.10631410032510757 0.9820719957351685 -0.15566286444664001 35.49332809448242 0.1398361176252365 0.16976140439510345 0.9755135178565979 -279.11175537109375
* 0.9836499094963074 0.08186963945627213 -0.16041237115859985 -81.65467834472656 -0.10963012278079987 0.9788575768470764 -0.1726793646812439 34.729454040527344 0.14288344979286194 0.18744204938411713 0.9718278050422668 -278.8368835449219
* 0.9846053719520569 0.08546894788742065 -0.15247708559036255 -81.11076354980469 -0.11068405210971832 0.979992687702179 -0.16541588306427002 34.442588806152344 0.13528823852539063 0.1797461360692978 0.9743652939796448 -279.2575378417969
* 0.9845160841941833 0.08178343623876572 -0.15505309402942657 -80.50990295410156 -0.10682383924722672 0.9811965227127075 -0.16075222194194794 33.822574615478516 0.1389903873205185 0.17482653260231018 0.9747392535209656 -279.209716796875
