#
#
#
#
#
#
#
#
#
#
#
#
#
#
#
#
#
#
#
#
#
#
#
#
#
#
#
#
#
#
#
#
#
#
#
#
#
#
#
#
#
#
#
#
#
#
#
#
#
#
#
#
#
#
#
#
#
#
#
#
#
#
#
#
#
#
#
#
#
#
#
#
#
#
#
#
#
#
#
#
#
#
#
#
#
#
#
#
#
#
#
#
#
#
#
#
#
#
#
#
#
#
#
#
#
#
#
#
#
#
#
#
#
#
#
#
#
#
#
#
#
#
#
#
#
#
#
#
#
#
#
#
#
#
#
#
#
#
#
#
#
#
#
#
#
#
#
#
#
#
#
#
#
#
#
#
#
#
#
#
#
#
#
#
#
#
#
#
#
#
#
#
#
#
#
#
#
#
#
#
#
#
#
#
#
#
#
#
#
#
#
#
#
#
#
#
#
#
#
#
#
#
#
#
#
#
#
#
#
#
#
#
#
#
#
#
#
#
#
#
#
#
#
#
#
#
#
#
#
#
#
#
#
#
#
#
#
#
#
#
#
#
#
#
#
#
#
#
#
#
#
#
#
#
#
#
#
#
#
#
#
#
#
#
#
#
#
#
#
#
#
#
#
#
#
#
#
#
#
#
#
#
#
#
#
#
#
#
#
#
#
#
#
#
#
#
#
#
#
#
#
#
#
#
#
#
#
#
#
#
#
#
#
#
#
#
#
#
#
#
#
#
#
#
#
#
#
#
#
#
#
#
#
#
#
#
#
#
#
#
#
#
#
#
#
#
#
#
#
#
#
#
#
#
#
#
#
#
#
#
#
#
#
#
#
#
#
#
#
#
#
#
#
#
#
#
#
#
#
#
#
#
#
#
#
#
#
#
#
#
#
#
#
#
#
#
#
#
#
#
#
#
#
#
#
#
#
#
#
#
#
#
#
#
#
#
#
#
#
#
#
#
#
#
#
#
#
#
#
#
#
#
#
#
#
#
#
#
#
#
#
#
#
#
#
#
#
#
#
#
#
#
#
#
#
#
#
#
#
#
#
#
#
#
#
#
#
#
#
#
#
#
#
#
#
#
#
#
#
#
#
#
#
#
#
#
#
#
#
#
#
#
#
#
#
#
#
#
#
#
#
#
#
#
#
#
#
#
#
#
#
#
#
#
#
#
#
#
#
#
#
#
#
#
#
#
#
#
#
#
#
#
#
#
#
#
#
#
#
#
#
#
#
#
#
#
#
#
#
#
#
#
#
#
#
#
#
#
#
#
#
#
#
#
#
#
#
#
#
#
#
#
#
#
#
#
#
#
#
#
#
#
#
#
#
#
#
#
#
#
#
#
#
#
#
#
#
#
#
#
#
#
#
#
#
#
#
#
#
#
#
#
#
#
#
#
#
#
#
#
#
#
#
#
#
#
#
#
#
#
#
#
#
#
#
#
#
#
#
#
#
#
#
#
#
#
#
#
#
#
#
#
#
#
#
#
#
#
#
#
#
#
#
#
#
#
#
#
#
#
#
#
#
#
#
#
#
#
#
#
#
#
#
#
#
#
#
#
#
#
#
#
#
#
#
#
#
#
#
#
#
#
#
#
#
#
#
#
#
#
#
#
#
#
#
#
#
#
#
#
#
#
#
#
#
#
#
#
#
#
#
#
#
#
* 0.7753744125366211 0.23910382390022278 0.5844884514808655 286.115478515625 -0.1303878277540207 0.9662231206893921 -0.22228649258613586 248.38604736328125 -0.6178926229476929 0.09614511579275131 0.7803616523742676 -1150.38623046875
* 0.7789390683174133 0.23943763971328735 0.5795914530754089 281.8460693359375 -0.11431290954351425 0.9629687070846558 -0.24417853355407715 251.88815307617188 -0.6165908575057983 0.12394541501998901 0.7774655222892761 -1150.4390869140625
#
* 0.4482210576534271 0.1774979531764984 -0.8761240839958191 273.7012634277344 -0.45411497354507446 0.8894148468971252 -0.05213542282581329 280.8583679199219 0.7699859142303467 0.4212305545806885 0.4792577028274536 -1113.9599609375
#
#
#
#
#
#
#
#
#
#
#
#
#
#
#
#
#
#
#
#
#
#
#
#
#
#
#
#
#
#
#
#
#
#
#
#
#
#
#
#
#
#
#
#
#
#
#
#
#
#
#
#
#
#
#
#
#
#
#
#
#
#
#
#
#
#
#
#
#
#
#
#
#
#
#
#
#
#
#
#
#
#
#
#
#
#
#
#
#
#
#
#
#
#
#
#
#
#
#
#
#
#
#
#
#
#
#
#
#
#
#
#
#
#
#
#
#
#
#
#
#
#
#
#
#
#
#
#
#
#
#
#
#
#
#
#
#
#
#
#
#
#
#
#
#
#
#
#
#
#
#
#
#
#
#
#
#
#
#
#
#
#
#
#
#
#
#
#
#
#
#
#
#
#
#
#
#
#
#
#
#
#
#
#
#
#
#
#
#
#
#
#
#
#
#
#
#
#
#
#
#
#
#
#
#
#
#
#
#
#
#
#
#
#
#
#
#
#
#
#
#
#
#
#
#
#
#
#
#
#
#
#
#
#
#
#
#
#
#
#
#
#
#
#
#
#
#
#
#
#
#
#
#
#
#
#
#
#
#
#
#
#
#
#
#
#
#
#
#
#
#
#
#
#
#
#
#
#
#
#
#
#
#
#
#
#
#
#
#
#
#
#
#
#
#
#
#
#
#
#
#
#
#
#
#
#
#
#
#
#
#
#
#
#
#
#
#
#
#
#
#
#
#
#
#
#
#
#
#
#
#
#
#
#
#
#
#
#
#
#
#
#
#
#
#
#
#
#
#
#
#
#
#
#
* 0.9825745820999146 -0.04995199292898178 -0.17906777560710907 -452.1719055175781 0.04699510335922241 0.9987378120422363 -0.01984436996281147 100.156005859375 0.179676815867424 0.0111265042796731 0.9836606979370117 -1604.1346435546875
* 0.9899404644966125 -0.05302116274833679 -0.13122497498989105 -459.93994140625 0.05066587030887604 0.9985544681549072 -0.02003481611609459 90.62084197998047 0.13194268941879272 0.013228243216872215 0.9911670088768005 -1625.961181640625
* 0.9931646585464478 -0.06483876705169678 -0.09712481498718262 -476.636474609375 0.06731577217578888 0.9974807500839233 0.02408752217888832 84.09894561767578 0.09516533464193344 -0.030413441359996796 0.9949947595596313 -1664.95849609375
* 0.9930417537689209 -0.0636662170290947 -0.09913688898086548 -484.37408447265625 0.059662092477083206 0.9974035620689392 -0.04130353406071663 79.5253677368164 0.10135558247566223 0.03514552861452103 0.9942272901535034 -1678.0753173828125
* 0.9956157803535461 -0.060637786984443665 -0.07131251692771912 -498.9915466308594 0.06161848083138466 0.9980432391166687 0.013861078768968582 72.1308822631836 0.07018012553453445 -0.018148235976696014 0.997367262840271 -1719.982177734375
* 0.9963005185127258 -0.04775986075401306 -0.07153598219156265 -495.6466979980469 0.04548600688576698 0.9985257387161255 -0.030927792191505432 65.19377136230469 0.07275446504354477 0.027601590380072594 0.9969658255577087 -1708.0340576171875
* 0.996757447719574 -0.06385775655508041 -0.04909129440784454 -496.7712097167969 0.06600324809551239 0.996760904788971 0.04680217057466507 65.167724609375 0.045792415738105774 -0.049842387437820435 0.997704803943634 -1728.61279296875
* 0.9976559281349182 -0.0538577176630497 -0.04236936569213867 -494.6450500488281 0.05202986299991608 0.9979000687599182 -0.03959110006690025 63.45509719848633 0.04426092281937599 0.03733636066317558 0.9983201026916504 -1736.3179931640625
* 0.9973539710044861 -0.06600894033908844 -0.030675122514367104 -500.2559509277344 0.06569740921258926 0.9978610277175903 -0.006027970463037491 62.47318649291992 0.030856838449835777 0.004042726010084152 0.9995136857032776 -1759.27880859375
* 0.9977314472198486 -0.06732992082834244 0.003415960818529129 -500.3889465332031 0.06710249930620193 0.9976277947425842 0.017752615734934807 59.128414154052734 -0.004752006381750107 -0.017435917630791664 0.9998347163200378 -1743.1881103515625
* 0.9968145489692688 -0.06567355990409851 -0.04539813846349716 -495.48138427734375 0.06660725921392441 0.9975551962852478 0.02293841913342476 58.98482131958008 0.04362964257597923 -0.025841839611530304 0.9987115859985352 -1711.626220703125
* 0.9964121580123901 -0.06797938048839569 -0.050546180456876755 -498.1228332519531 0.06835521012544632 0.9976611733436584 0.008879766799509525 64.38355255126953 0.04967309534549713 -0.012255942448973656 0.9986883997917175 -1713.406982421875
* 0.9968324303627014 -0.05725269392132759 -0.05532200261950493 -497.2640686035156 0.05407195910811424 0.9970779418945313 -0.05468817055225372 66.20304870605469 0.05813918262720108 0.05156590789556503 0.9969739317893982 -1707.5001220703125
* 0.9970093369483948 -0.05334825813770294 -0.0560322068631649 -498.2960510253906 0.050589874386787415 0.9976592659950256 -0.04685787484049797 64.91812896728516 0.05824846401810646 0.0439252071082592 0.9973334074020386 -1695.6708984375
* 0.9961393475532532 -0.06761439889669418 -0.0561075322329998 -495.2261047363281 0.06560897827148438 0.9973000288009644 -0.034164756536483765 63.34665298461914 0.058114390820264816 0.030396629124879837 0.9978451728820801 -1683.5010986328125
* 0.9972500205039978 -0.07001039385795593 -0.024584516882896423 -490.5358581542969 0.0705031156539917 0.9971959590911865 0.02661856636404991 59.85089111328125 0.02250204235315323 -0.028230542317032814 0.9993462562561035 -1691.0186767578125
* 0.9972205758094788 -0.06478933990001678 0.0369715541601181 -479.2770080566406 0.06501468271017075 0.9978812336921692 -0.009227970615029335 61.72188186645508 -0.03644266724586487 0.01165144145488739 0.9992659091949463 -1700.492431640625
* 0.9984950423240662 -0.05400404334068298 -0.010225977748632431 -465.8956298828125 0.05319555848836899 0.9970629811286926 -0.05580904334783554 59.83245849609375 0.013059541583061218 0.055222734808921814 0.998386800289154 -1692.591796875
* 0.9983997344970703 -0.05300045385956764 -0.02005797065794468 -460.8857421875 0.0516488179564476 0.9971338510513306 -0.05599534139037132 57.29495620727539 0.02281743288040161 0.0549112930893898 0.9982286095619202 -1693.6832275390625
* 0.994516909122467 -0.04628750681877136 -0.09384572505950928 -449.19415283203125 0.0463402085006237 0.9989652633666992 6.13965094089508E-5 51.93269348144531 0.09359194338321686 -0.004366476088762283 0.9955992698669434 -1653.4498291015625
* 0.9943934679031372 -0.04663917049765587 -0.09497237950563431 -446.58740234375 0.0418962761759758 0.9979238510131836 -0.049716535955667496 45.34870910644531 0.09693979471921921 0.04549985006451607 0.9942479133605957 -1655.0477294921875
* 0.99357008934021 -0.0558428056538105 -0.09855631738901138 -439.71905517578125 0.05406796187162399 0.9983958601951599 -0.0190109983086586 36.27167510986328 0.09930616617202759 0.01360400766134262 0.9949621558189392 -1644.23046875
* 0.9948117733001709 -0.05656059831380844 -0.08463884145021439 -435.2416687011719 0.05808691680431366 0.9981966614723206 0.01755957119166851 30.207090377807617 0.08334007114171982 -0.022339068353176117 0.9962689876556396 -1639.06103515625
* 0.9946393370628357 -0.049645066261291504 -0.09078104048967361 -431.9759521484375 0.04598644748330116 0.998170018196106 -0.040261849761009216 23.910053253173828 0.09245991706848145 0.03591329604387283 0.9950668215751648 -1642.2236328125
* 0.9969131946563721 -0.05173477157950401 -0.05916804447770119 -432.11541748046875 0.050893209874629974 0.9986589550971985 -0.013014290481805801 18.72517967224121 0.059609588235616684 0.010006414726376534 0.9981698989868164 -1656.96337890625
* 0.9947693943977356 -0.05533859133720398 -0.08593514561653137 -423.600830078125 0.0548185296356678 0.9985143542289734 -0.006578595843166113 12.945341110229492 0.08601832389831543 0.0018778303638100624 0.9962900876998901 -1643.28271484375
* 0.9986305236816406 -0.03356362134218216 -0.040296122431755066 -424.2880554199219 0.030556363984942436 0.9971638917922974 -0.06935302168130875 5.802080154418945 0.04235700145363808 0.06806469708681107 0.9967796206474304 -1664.3724365234375
* 0.9982649087905884 -0.047109607607126236 -0.03551241010427475 -422.225341796875 0.0467146560549736 0.9989199638366699 -0.00748642161488533 0.4155135154724121 0.035675108432769775 0.005857553333044052 0.999344527721405 -1663.3853759765625
* 0.9966287016868591 -0.04439052194356918 -0.06909442692995071 -420.5206604003906 0.0466671921312809 0.9983705878257751 0.03402524068951607 -6.995303153991699 0.06731854379177094 -0.03709027171134949 0.9970402121543884 -1655.94873046875
* 0.9980699419975281 -0.03940974548459053 -0.04813137277960777 -419.9405822753906 0.03787485882639885 0.9988955855369568 -0.029194995760917664 -17.257598876953125 0.049076225608587265 0.02735653892159462 0.9984186291694641 -1652.920654296875
* 0.9980523586273193 -0.03999228775501251 -0.048015594482421875 -421.1093444824219 0.038736358284950256 0.9990106821060181 -0.023587055504322052 -30.590843200683594 0.04875888675451279 0.02172239124774933 0.9985726475715637 -1655.0775146484375
* 0.9989717602729797 -0.04366430267691612 -0.012739229947328568 -424.4266662597656 0.043317779898643494 0.9989922046661377 -0.014742551371455193 -44.56916427612305 0.01321934163570404 0.014217693358659744 0.9998099207878113 -1657.9027099609375
* 0.9986167550086975 -0.05262726545333862 -0.0029053129255771637 -429.527099609375 0.05252876877784729 0.9951677918434143 0.08343259990215302 -51.40196228027344 -0.001649227924644947 -0.08342176675796509 0.9965113997459412 -1666.27392578125
* 0.9984919428825378 -0.051010217517614365 -0.020625099539756775 -426.4442443847656 0.051631372421979904 0.9979376792907715 0.03916216641664505 -58.21083068847656 0.018434245139360428 -0.04012218117713928 0.9990231990814209 -1651.6085205078125
* 0.9981923699378967 -0.05691545829176903 -0.019651062786579132 -426.5061950683594 0.057423267513513565 0.9977717995643616 0.03511584922671318 -67.83314514160156 0.017458301037549973 -0.036134272813797 0.9991928935050964 -1649.4609375
* 0.9986907839775085 -0.04784032702445984 0.01848134770989418 -431.1631774902344 0.0467471145093441 0.9977867603302002 0.04811854660511017 -68.58486938476563 -0.02089141309261322 -0.04714592546224594 0.9986680150032043 -1661.4141845703125
* 0.999630331993103 -0.0272239800542593 0.003391968086361885 -430.63836669921875 0.027214283123612404 0.9980607032775879 -0.0566854253411293 -67.55545806884766 -0.0019929055124521255 0.05679436773061752 0.9983823895454407 -1648.7435302734375
* 0.9971128702163696 -0.04688456282019615 0.05984409525990486 -437.9363708496094 0.04691898822784424 0.998936653137207 -0.0018058791756629944 -67.97648620605469 -0.059842661023139954 0.004651591181755066 0.998195469379425 -1654.0372314453125
* 0.9975743293762207 -0.049482692033052444 0.049095869064331055 -442.5459289550781 0.04981423541903496 0.998759388923645 -0.008786105550825596 -63.03831481933594 -0.04874756559729576 0.011253638193011284 0.9987461566925049 -1646.8382568359375
* 0.9975735545158386 -0.068267822265625 -0.014143887907266617 -443.9674072265625 0.06928098946809769 0.991113543510437 0.11389944702386856 -59.12744140625 0.006093252450227737 -0.11455124616622925 0.993397057056427 -1633.9012451171875
* 0.9951563477516174 -0.05090997740626335 0.08417504280805588 -454.56390380859375 0.048422593623399734 0.9984309077262878 0.029495209455490112 -54.924293518066406 -0.08568984270095825 -0.025231286883354187 0.9960007071495056 -1665.1507568359375
* 0.9978916645050049 -0.05398612841963768 0.03621027246117592 -447.10052490234375 0.05305323377251625 0.9983876943588257 0.0220496766269207 -45.11634826660156 -0.037490103393793106 -0.020036816596984863 0.9990944266319275 -1638.8138427734375
* 0.9987661242485046 -0.04877108335494995 -0.010045688599348068 -442.6448974609375 0.04907231777906418 0.9974769353866577 0.05206116661429405 -39.19822692871094 0.007331015542149544 -0.05244386941194534 0.9985952377319336 -1626.119384765625
* 0.9987196922302246 -0.04198399931192398 0.02845524623990059 -446.23870849609375 0.042014073580503464 0.9991381764411926 -0.006035264581441879 -37.68062210083008 -0.028326131403446198 0.007265262305736542 0.9995706081390381 -1636.9063720703125
* 0.9987161755561829 -0.05015532299876213 -0.007993685081601143 -443.25433349609375 0.050215162336826324 0.9983329772949219 0.029805008322000504 -38.6580696105957 0.006335334852337837 -0.030122945085167885 0.9995244145393372 -1608.12255859375
* 0.9992813467979431 -0.03447804972529411 0.01616811752319336 -456.96258544921875 0.034529078751802444 0.9993606209754944 -0.012835443019866943 -43.76536560058594 -0.015864986926317215 0.01342526450753212 0.9997823238372803 -1632.566650390625
* 0.9990027546882629 -0.028890147805213928 0.03423721343278885 -460.2629089355469 0.03034703992307186 0.9984431266784668 -0.04763443022966385 -37.198787689208984 -0.03295678645372391 0.04866413772106171 0.9982696175575256 -1643.5008544921875
* 0.9980950355529785 -0.05108990892767906 0.03477559983730316 -455.7475280761719 0.048271581530570984 0.9961674213409424 0.07347719371318817 -26.031574249267578 -0.03854425251483917 -0.07161132246255875 0.9966859221458435 -1643.008544921875
* 0.9967575073242188 -0.027580423280596733 0.0756763219833374 -453.7704772949219 0.029988273978233337 0.999045193195343 -0.03298535943031311 -17.747337341308594 -0.07484103739261627 0.03518648445606232 0.9965728521347046 -1652.515380859375
* 0.9986950159072876 -0.04736773297190666 0.01943342387676239 -446.4934387207031 0.045214466750621796 0.994703471660614 0.09273263067007065 -11.455537796020508 -0.02387191355228424 -0.09168541431427002 0.9955002069473267 -1640.164794921875
* 0.999336838722229 -0.03237786516547203 -0.017046550288796425 -441.8187255859375 0.03316415101289749 0.9977821707725525 0.05839100107550621 -12.453559875488281 0.014966901391744614 -0.058873824775218964 0.9981516003608704 -1623.1759033203125
* 0.9984412789344788 -0.033288221806287766 -0.044943295419216156 -440.54962158203125 0.03573564067482948 0.9976885914802551 0.058471933007240295 -18.313827514648438 0.04274063557386398 -0.05994289740920067 0.9972847104072571 -1602.7501220703125
* 0.9992009997367859 -0.036215685307979584 -0.017282845452427864 -449.8106384277344 0.036896713078022 0.9980570077896118 0.0509856678545475 -22.506275177001953 0.015251658856868744 -0.051538579165935516 0.9985529184341431 -1620.737060546875
* 0.9992905259132385 -0.034369394183158875 0.015817120671272278 -453.3498229980469 0.03383953869342804 0.9991973042488098 0.023202700540423393 -19.37384605407715 -0.016751613467931747 -0.022608574479818344 0.9996024370193481 -1632.9775390625
* 0.998163640499115 -0.03542704880237579 0.049267932772636414 -446.6969909667969 0.037741243839263916 0.9980658292770386 -0.05018879845738411 -11.539304733276367 -0.047542549669742584 0.05199506878852844 0.997513473033905 -1633.064697265625
* 0.9987594485282898 -0.044960666447877884 0.02170434407889843 -440.03802490234375 0.045024573802948 0.9989768862724304 -0.009830228984355927 -3.6593494415283203 -0.021389175206422806 0.010837700217962265 0.9997109174728394 -1635.729736328125
* 0.9992064833641052 -0.03997354954481125 -0.0012245718389749527 -432.3919982910156 0.03978544473648071 0.9990689158439636 -0.01889987103641033 1.4286351203918457 0.0018285568803548813 0.018877457827329636 0.9998185038566589 -1624.7904052734375
* 0.9987150430679321 -0.04712102189660072 0.018996872007846832 -434.09942626953125 0.04572531580924988 0.9971264004707336 0.06104838848114014 4.291648864746094 -0.021967899054288864 -0.06005524471402168 0.9979516267776489 -1636.3245849609375
* 0.9987631440162659 -0.04971104487776756 -0.0037453006953001022 -435.4212341308594 0.0496857650578022 0.9972094297409058 0.05642110854387283 6.301173210144043 7.80198723077774E-4 -0.056491121649742126 0.9984011054039001 -1626.438720703125
* 0.9980419874191284 -0.05334259942173958 0.03286032751202583 -444.49310302734375 0.05182566121220589 0.9978566765785217 0.040924012660980225 8.646026611328125 -0.0351208932697773 -0.03909483551979065 0.9986163973808289 -1643.4827880859375
* 0.9988084435462952 -0.048614002764225006 -0.00559818372130394 -442.2551574707031 0.04855486378073692 0.9986783862113953 0.019038915634155273 12.702767372131348 0.004515107721090317 -0.0192436370998621 0.9998028874397278 -1622.9293212890625
* 0.9985950589179993 -0.05176634341478348 0.011880775913596153 -445.35504150390625 0.05122407525777817 0.9982550740242004 0.03068448230624199 15.054122924804688 -0.013597598299384117 -0.029987402260303497 0.9994560480117798 -1622.44140625
* 0.9990399479866028 -0.04059923067688942 0.016850486397743225 -448.46685791015625 0.0404326505959034 0.9992212653160095 8.565615862607956E-4 16.150409698486328 -0.017021572217345238 -1.3212114572525024E-4 0.9998533725738525 -1625.26611328125
* 0.9988947510719299 -0.04710310325026512 0.0019278032705187798 -451.0252990722656 0.04683621972799301 0.9981967806816101 0.038577884435653687 13.568412780761719 -0.00389126967638731 -0.03839988261461258 0.9992530941963196 -1626.662109375
* 0.9968580603599548 -0.05399033799767494 -0.058069221675395966 -442.5881652832031 0.0575270876288414 0.9963333606719971 0.06394626945257187 11.263069152832031 0.05425193905830383 -0.06703849881887436 0.9962725639343262 -1595.59033203125
* 0.9990907311439514 -0.04215201735496521 -0.007347218692302704 -444.4173583984375 0.04193059727549553 0.9991227984428406 -0.008608415722846985 9.590400695800781 0.007553074508905411 0.008334636688232422 0.9999349117279053 -1611.5191650390625
* 0.999216616153717 -0.039500121027231216 -0.004366620909422636 -441.7210693359375 0.03937334939837456 0.9992372989654541 0.007290452253073454 9.995304107666016 0.003924817778170109 -0.007414196152240038 0.9999629259109497 -1599.4122314453125
* 0.9989448189735413 -0.039974890649318695 -0.022898398339748383 -442.4093933105469 0.03968582674860954 0.9992325901985168 -0.006155391689389944 11.502678871154785 0.022975530475378036 0.005282094702124596 0.9997202157974243 -1589.861083984375
* 0.9981436133384705 -0.021245716139674187 -0.057193342596292496 -437.55517578125 0.01983354240655899 0.9995917081832886 -0.022397786378860474 6.570019721984863 0.05749225243926048 0.02126021683216095 0.9981176257133484 -1557.8492431640625
* 0.9967114925384521 -0.04738685116171837 -0.06583236902952194 -445.21429443359375 0.04737288877367973 0.9989164471626282 6.213411688804626E-4 4.548344135284424 0.06557881087064743 -0.0036944784224033356 0.9978386163711548 -1576.9283447265625
* 0.999475359916687 -0.03205786272883415 0.005861946381628513 -452.06683349609375 0.032176800072193146 0.9979684352874756 -0.055697422474622726 6.052428722381592 -0.00421491451561451 0.05589510500431061 0.9984257817268372 -1596.695556640625
* 0.9985263347625732 -0.05067399516701698 -0.019758664071559906 -443.21148681640625 0.05101672187447548 0.9984066486358643 0.025689449161291122 7.5715837478637695 0.018274731934070587 -0.02661455236375332 0.9994766712188721 -1585.1837158203125
* 0.9983128309249878 -0.05741694197058678 -0.009372783824801445 -445.1250915527344 0.05742621794342995 0.9982162117958069 0.018575593829154968 13.417911529541016 0.0081395972520113 -0.019036781042814255 0.9997836351394653 -1597.0557861328125
* 0.9987043738365173 -0.05101649835705757 9.463820606470108E-5 -450.79119873046875 0.05085914209485054 0.998744010925293 -0.0014853645116090775 18.785343170166016 -1.6854330897331238E-4 0.001532040536403656 0.9999968409538269 -1602.0040283203125
* 0.9986545443534851 -0.04460979625582695 -0.026687391102313995 -449.56011962890625 0.04498457908630371 0.9988327622413635 0.01969645917415619 18.177465438842773 0.025626344606280327 -0.02082659676671028 0.9994526505470276 -1593.299560546875
* 0.9984910488128662 -0.037941426038742065 -0.03986546769738197 -449.932861328125 0.03846224769949913 0.9991647601127625 0.01640002615749836 16.899791717529297 0.03905784338712692 -0.01786586456000805 0.9990752935409546 -1583.16259765625
* 0.9990512132644653 -0.04365174472332001 -0.0020951367914676666 -454.5228576660156 0.043528199195861816 0.9988747835159302 0.020805567502975464 23.90548324584961 0.0010344088077545166 -0.020833300426602364 0.999780535697937 -1600.1416015625
* 0.9987777471542358 -0.04699268192052841 -0.01574193499982357 -450.6684875488281 0.04659096896648407 0.9988325834274292 -0.0155305415391922 27.518434524536133 0.01630263216793537 0.014820659533143044 0.9997553825378418 -1593.6563720703125
* 0.99853515625 -0.05110091343522072 0.0181471835821867 -454.20703125 0.05049072951078415 0.998461127281189 0.024588363245129585 29.12242889404297 -0.019524598494172096 -0.02359110489487648 0.9995291829109192 -1610.1715087890625
* 0.9992169737815857 -0.039723124355077744 -8.262284100055695E-4 -452.6627502441406 0.03952765464782715 0.998880922794342 -0.027442658320069313 34.850746154785156 0.0017650462687015533 0.027429338544607162 0.9996203184127808 -1606.5484619140625
* 0.9987871050834656 -0.04403279349207878 -0.022327151149511337 -449.47509765625 0.042533546686172485 0.9974860548973083 -0.0573672354221344 39.742610931396484 0.02464577741920948 0.05638805031776428 0.9981028437614441 -1594.09326171875
* 0.9981842637062073 -0.05438859760761261 -0.026133956387639046 -449.1068115234375 0.05393769592046738 0.9985137581825256 -0.011812448501586914 42.161529541015625 0.026586715131998062 0.010425244458019733 0.9995903968811035 -1590.451171875
* 0.998222827911377 -0.05048718303442001 -0.03185979276895523 -449.63037109375 0.05092918500304222 0.9985740780830383 0.01829230785369873 44.19084167480469 0.030739661306142807 -0.019837696105241776 0.9993287920951843 -1590.2982177734375
* 0.9984181523323059 -0.054901354014873505 -0.012642132118344307 -453.39251708984375 0.05458194762468338 0.9984661340713501 -0.012831645086407661 47.78484344482422 0.013176979497075081 0.012165160849690437 0.9998374581336975 -1595.574951171875
* 0.9977430701255798 -0.06162653863430023 -0.02690274640917778 -454.0137634277344 0.061880093067884445 0.9980145692825317 0.014704215340316296 52.93893051147461 0.02579270303249359 -0.016289569437503815 0.9995328783988953 -1593.30078125
* 0.9974626302719116 -0.048185501247644424 -0.052530184388160706 -452.80853271484375 0.04745673015713692 0.9988396763801575 -0.012068068608641624 54.377220153808594 0.05289851874113083 0.009587505832314491 0.998552143573761 -1586.74560546875
* 0.9982351660728455 -0.05221506208181381 -0.028515206649899483 -453.8134460449219 0.05146970599889755 0.998493492603302 -0.02097773738205433 52.7347526550293 0.029416523873806 0.01951613835990429 0.9993749856948853 -1587.781982421875
* 0.9977254867553711 -0.05677703022956848 -0.036513492465019226 -455.1174011230469 0.0581078939139843 0.9975042939186096 0.041074082255363464 50.87035369873047 0.03393932059407234 -0.04305565357208252 0.9984942674636841 -1587.4534912109375
* 0.997603714466095 -0.05355415865778923 -0.04395190626382828 -456.24102783203125 0.05419415235519409 0.9984223246574402 0.017154546454548836 50.227806091308594 0.04281235113739967 -0.019450226798653603 0.9988920092582703 -1591.3134765625
* 0.9980480670928955 -0.049043744802474976 -0.03882993757724762 -455.2637939453125 0.048590317368507385 0.9988216161727905 -0.008527172729372978 49.357879638671875 0.03905077651143074 0.006667005363851786 0.9992132186889648 -1587.526611328125
* 0.9986820816993713 -0.04557919502258301 -0.023866798728704453 -458.04876708984375 0.045126765966415405 0.9989391565322876 -0.012745210900902748 48.053916931152344 0.024271268397569656 0.011693855747580528 0.9996352791786194 -1591.99853515625
* 0.9987336993217468 -0.050167009234428406 -0.0052251387387514114 -460.60772705078125 0.0498679094016552 0.998496949672699 -0.02439896948635578 48.43540954589844 0.006291193887591362 0.024150069802999496 0.9996867775917053 -1590.333251953125
* 0.9980713725090027 -0.04302658140659332 -0.04489210620522499 -461.4958801269531 0.04190858080983162 0.9989158511161804 -0.022115793079137802 48.1569709777832 0.045642830431461334 0.020233450457453728 0.9987511038780212 -1587.3140869140625
* 0.9932821393013 -0.060668423771858215 -0.09860475361347198 -453.3462219238281 0.06580284982919693 0.9965510368347168 0.05132612586021423 41.77403259277344 0.09499785304069519 -0.05742185562849045 0.9938182234764099 -1551.52880859375
* 0.9981365203857422 -0.059050172567367554 -0.01579439640045166 -467.010498046875 0.05938546359539032 0.9977360963821411 0.032778237015008926 37.99992370605469 0.01367302518337965 -0.03360849991440773 0.9993398785591125 -1592.3084716796875
* 0.9977530837059021 -0.04847318306565285 -0.04638908803462982 -464.25439453125 0.047776199877262115 0.998816967010498 -0.012666214257478714 34.49635314941406 0.046796198934316635 0.01046442985534668 0.9988479614257813 -1582.7550048828125
* 0.9972144961357117 -0.04499879479408264 -0.05959112569689751 -459.05853271484375 0.04243555665016174 0.9982953667640686 -0.04103512316942215 28.74783706665039 0.06118328869342804 0.03843314200639725 0.9973845481872559 -1564.146240234375
* 0.9852643013000488 -0.05295399948954582 -0.16267457604408264 -444.58758544921875 0.05890131741762161 0.9977596402168274 0.032933324575424194 15.024675369262695 0.16041111946105957 -0.041983671486377716 0.9861552119255066 -1512.179443359375
* 0.9828442335128784 -0.05194626748561859 -0.1770075559616089 -440.13165283203125 0.05594123154878616 0.9983009696006775 0.018546801060438156 -8.888895034790039 0.17558784782886505 -0.028085319325327873 0.9840613007545471 -1499.0015869140625
* 0.9657807946205139 -0.07297670841217041 -0.2489066869020462 -418.4441223144531 0.07523583620786667 0.9972050189971924 1.9291089847683907E-4 -42.84968566894531 0.24804122745990753 -0.018864981830120087 0.968563973903656 -1432.4608154296875
* 0.9777906537055969 -0.09149026870727539 -0.18859358131885529 -421.7491455078125 0.09369504451751709 0.9956336617469788 0.0036204338539391756 -82.32130432128906 0.18728488683700562 -0.021159391850233078 0.9820759892463684 -1473.0274658203125
* 0.9822309017181396 -0.1019933894276619 -0.15758289396762848 -410.11041259765625 0.10218623280525208 0.9947869777679443 -0.005912957713007927 -111.5472183227539 0.1572115421295166 -0.010242946445941925 0.987510085105896 -1482.7391357421875
* 0.9817114472389221 -0.09979131072759628 -0.16216328740119934 -391.2403259277344 0.0982278510928154 0.9950631260871887 -0.01669798418879509 -143.5741424560547 0.16287574172019958 5.147786578163505E-4 0.9866446852684021 -1479.20654296875
* 0.995521605014801 -0.08883889019489288 -0.032510317862033844 -385.58355712890625 0.08789980411529541 0.9958602786064148 -0.024777851998806 -174.1050567626953 0.034427255392074585 0.021857716143131256 0.9991663694381714 -1534.797607421875
* 0.9950567483901978 -0.09937035292387009 3.797970712184906E-4 -374.2888488769531 0.0991160124540329 0.994270920753479 0.040979523211717606 -185.7211151123047 -0.004597172141075134 -0.04068633168935776 0.9991596341133118 -1566.1302490234375
* 0.9947772026062012 -0.09316134452819824 -0.04185471311211586 -358.5283203125 0.09159906208515167 0.9952422380447388 -0.03435702621936798 -194.81491088867188 0.044706374406814575 0.030392471700906754 0.9985359907150269 -1553.871826171875
* 0.994663417339325 -0.08193179965019226 0.06280539929866791 -356.9049377441406 0.08285727351903915 0.9964904189109802 -0.014812108129262924 -199.10888671875 -0.0615166611969471 0.019984513521194458 0.9979042410850525 -1587.403076171875
* 0.9952201843261719 -0.08233644813299179 0.05263552442193031 -344.8719482421875 0.08259420096874237 0.9966058135032654 -0.005735308397561312 -181.77894592285156 -0.05213044211268425 0.010103379376232624 0.998587429523468 -1579.8673095703125
* 0.9961420893669128 -0.08002498000860214 0.03619229793548584 -341.39373779296875 0.07956551015377045 0.9968211650848389 0.009741390123963356 -168.00900268554688 -0.03700355440378189 -0.0067756096832454205 0.999290406703949 -1593.01123046875
* 0.9947274327278137 -0.09246719628572464 0.044498734176158905 -329.41357421875 0.09220955520868301 0.9957693219184875 0.004340723156929016 -164.9638671875 -0.04485755413770676 -1.6454001888632774E-4 0.9989916682243347 -1573.4486083984375
* 0.9927588701248169 -0.061264265328645706 0.10338940471410751 -303.3294372558594 0.07330750674009323 0.9902642965316772 -0.11866147071123123 -169.1707763671875 -0.09525682777166367 0.1254206895828247 0.9875182509422302 -1549.6177978515625
* 0.9916226267814636 -0.0787021592259407 -0.10248523950576782 -268.94769287109375 0.08206033706665039 0.9961984753608704 0.03053450398147106 -177.42184448242188 0.09954013675451279 -0.038638822734355927 0.9942814111709595 -1508.796142578125
* 0.991057276725769 -0.0583152249455452 -0.12007297575473785 -243.8372344970703 0.049616724252700806 0.9961405992507935 -0.07293678820133209 -203.46754455566406 0.12370830774307251 0.06636873632669449 0.9900950789451599 -1499.05908203125
* 0.9793913960456848 -0.055134788155555725 -0.19433274865150452 -225.1887969970703 0.0714699998497963 0.9943562746047974 0.07890012860298157 -227.5878448486328 0.18873077630996704 -0.09111442416906357 0.9777912497520447 -1493.6783447265625
* 0.9998636841773987 -0.013958818279206753 0.00949842482805252 -223.7680206298828 0.013963809236884117 0.9997895359992981 -0.01741812378168106 -255.7509307861328 -0.009404323995113373 0.01758590340614319 0.9997996091842651 -1558.9447021484375
* 0.9985525608062744 -0.016211137175559998 -0.05140528082847595 -211.54978942871094 0.01402430422604084 0.999157190322876 -0.039569295942783356 -245.63720703125 0.051849737763404846 0.03882795199751854 0.997898280620575 -1547.26171875
* 0.9996720552444458 6.969831883907318E-4 0.025844786316156387 -217.43453979492188 -0.0019180597737431526 0.9991929531097412 0.04107639193534851 -240.04136657714844 -0.025946106761693954 -0.041074495762586594 0.9988176226615906 -1598.008056640625
* 0.9914218783378601 -0.014766628853976727 0.12991267442703247 -215.67874145507813 0.006102036684751511 0.9978642463684082 0.065628781914711 -230.08596801757813 -0.1307487040758133 -0.06423170119524002 0.9893311262130737 -1598.4566650390625
* 0.9995383024215698 -0.018660493195056915 -0.024243399500846863 -214.4567108154297 0.020214896649122238 0.9972054958343506 0.07245711982250214 -218.37002563476563 0.02267131209373474 -0.0728713870048523 0.9970821142196655 -1600.8065185546875
* 0.9941267967224121 -0.007710558827966452 0.10800552368164063 -219.6664276123047 -0.0022525861859321594 0.9959456324577332 0.09035884588956833 -214.59474182128906 -0.10841049253940582 -0.0900300070643425 0.9900195002555847 -1609.0809326171875
* 0.9983993768692017 -0.03918864578008652 0.040934644639492035 -232.47442626953125 0.030767112970352173 0.9821215271949768 0.18592469394207 -208.8831787109375 -0.047637373208999634 -0.18431752920150757 0.9817100763320923 -1631.1358642578125
* 0.9981245994567871 -0.04898834973573685 0.0368795283138752 -247.18832397460938 0.036004532128572464 0.9560344219207764 0.2911684811115265 -195.1412811279297 -0.049670081585645676 -0.2892390489578247 0.9559657573699951 -1612.3565673828125
* 0.9966514706611633 -0.041924260556697845 0.07029061764478683 -267.33660888671875 0.02595566213130951 0.9768857955932617 0.21236245334148407 -193.2642059326172 -0.07771599292755127 -0.2097754180431366 0.974654495716095 -1616.36376953125
* 0.9929800629615784 -0.05776563659310341 0.10327732563018799 -291.6290283203125 0.03351789712905884 0.9746593236923218 0.22134403884410858 -191.90977478027344 -0.11359073221683502 -0.2162744700908661 0.9697006344795227 -1624.910888671875
* 0.9757622480392456 -0.05118374526500702 -0.2127930074930191 -310.64605712890625 0.09763637185096741 0.9718263745307922 0.21470439434051514 -187.34225463867188 0.19565460085868835 -0.23022311925888062 0.953264594078064 -1645.1441650390625
* 0.995965301990509 -0.05609392374753952 0.07013629376888275 -315.6542053222656 0.04990655928850174 0.995172917842865 0.08495619148015976 -176.4398193359375 -0.07470934838056564 -0.0810648575425148 0.9939032793045044 -1634.274169921875
* 0.9992964267730713 -0.037636131048202515 -0.0016454458236694336 -315.2077331542969 0.037347473204135895 0.9980705976486206 -0.05037436634302139 -174.2041473388672 0.0033874884247779846 0.0503169521689415 0.9987258911132813 -1622.748291015625
* 0.9991558194160461 -0.03042137436568737 0.027832742780447006 -315.3432922363281 0.03059922158718109 0.9995015263557434 -0.011735543608665466 -173.94203186035156 -0.02761130779981613 0.012617480009794235 0.9995374083518982 -1624.9371337890625
* 0.9989351034164429 -0.029796715825796127 0.0354016050696373 -315.6515197753906 0.03275585547089577 0.9953489899635315 -0.09102128446102142 -166.7923583984375 -0.032673925161361694 0.09212019294500351 0.9952099919319153 -1623.729736328125
* 0.9987739324569702 -0.036106936633586884 0.034049343317747116 -320.0875549316406 0.037275947630405426 0.9985752105712891 -0.03918464854359627 -161.50025939941406 -0.032734908163547516 0.04044553264975548 0.9986437559127808 -1624.450927734375
* 0.9960940480232239 -0.042374610900878906 0.07754647731781006 -327.75030517578125 0.03746176138520241 0.9974254965782166 0.061777323484420776 -163.43069458007813 -0.08011092245578766 -0.05858577415347099 0.9950611591339111 -1626.7315673828125
* 0.9977437853813171 -0.05807749554514885 0.03386438265442848 -340.6331787109375 0.04999279975891113 0.9784700870513916 0.20043553411960602 -166.62120056152344 -0.044923823326826096 -0.19823691248893738 0.9791224598884583 -1624.234619140625
* 0.9973087906837463 -0.054624151438474655 0.04902886971831322 -360.6269226074219 0.04318980500102043 0.9773948788642883 0.20715036988258362 -169.12075805664063 -0.05938323959708214 -0.20442217588424683 0.9770783185958862 -1617.9825439453125
* 0.9954786896705627 -0.06582988053560257 0.0685642659664154 -381.95208740234375 0.05552157014608383 0.9885368347167969 0.14067520201206207 -174.32485961914063 -0.07718463987112045 -0.13618026673793793 0.9876711964607239 -1613.738525390625
* 0.9971504211425781 -0.059516169130802155 0.0464894063770771 -396.8225402832031 0.05649925768375397 0.9966018795967102 0.060577914118766785 -179.48025512695313 -0.05008397623896599 -0.057730868458747864 0.9970735311508179 -1619.41455078125
* 0.9957062005996704 -0.055869314819574356 0.07389271259307861 -386.48638916015625 0.05567767471075058 0.9984842538833618 0.0025252588093280792 -180.11578369140625 -0.07406767457723618 0.0016443245112895966 0.9972502589225769 -1609.7685546875
* 0.9922847747802734 -0.059593986719846725 0.10877422988414764 -365.2316589355469 0.05426569655537605 0.9973176121711731 0.04989870637655258 -179.4424285888672 -0.11159978806972504 -0.0435638353228569 0.9927963018417358 -1634.3173828125
* 0.9987564086914063 -0.04774995893239975 -0.014763522893190384 -335.41375732421875 0.04671640694141388 0.9974391460418701 -0.054863110184669495 -171.07749938964844 0.017194528132677078 0.05414602905511856 0.9983833432197571 -1610.1929931640625
* 0.9983808994293213 -0.04735729470849037 0.03170463442802429 -328.9056701660156 0.04516352713108063 0.9970851540565491 0.06211862713098526 -173.99673461914063 -0.034702472388744354 -0.060540053993463516 0.9975607395172119 -1619.7530517578125
* 0.9983063340187073 -0.048167407512664795 0.03281312435865402 -336.9129943847656 0.040973395109176636 0.9811845421791077 0.1888790726661682 -179.17984008789063 -0.04144185036420822 -0.18716317415237427 0.9814526438713074 -1624.6905517578125
* 0.988417387008667 -0.049267299473285675 0.14358285069465637 -351.2149963378906 0.038902513682842255 0.9966078996658325 0.07305075973272324 -183.33245849609375 -0.14683683216571808 -0.06657223403453827 0.9869163036346436 -1644.9700927734375
* 0.9962102770805359 -0.04245986044406891 0.07598945498466492 -352.32318115234375 0.04147648811340332 0.9991010427474976 0.012409046292304993 -179.3208465576172 -0.07659438997507095 -0.009167186915874481 0.997018575668335 -1622.714599609375
* 0.9972764253616333 -0.044146474450826645 0.05918549373745918 -351.87060546875 0.04025261104106903 0.9972468018531799 0.06289572268724442 -180.4185791015625 -0.061946410685777664 -0.0602964423596859 0.9962549209594727 -1618.6978759765625
* 0.9986013770103455 -0.049086302518844604 0.01994790881872177 -347.3598327636719 0.04815080016851425 0.9981646537780762 0.037764087319374084 -182.39596557617188 -0.021914005279541016 -0.036705464124679565 0.9990842342376709 -1608.7275390625
* 0.9964665174484253 -0.0417577289044857 0.07295823842287064 -349.2347717285156 0.04108413681387901 0.9991577863693237 0.008554782718420029 -181.61912536621094 -0.0734005719423294 -0.005484353750944138 0.9972858428955078 -1624.622314453125
* 0.9944216012954712 -0.03081943467259407 0.10093586891889572 -351.1994934082031 0.034933608025312424 0.9985935688018799 -0.040838733315467834 -176.9633026123047 -0.09968052804470062 0.04417576268315315 0.9940367937088013 -1624.7781982421875
* 0.9813829660415649 -0.042032841593027115 -0.1874382048845291 -357.0025939941406 0.07180501520633698 0.9852028489112854 0.15587420761585236 -173.91212463378906 0.17795796692371368 -0.16638153791427612 0.969868540763855 -1633.88232421875
* 0.9986279606819153 -0.04214620590209961 -0.03127533197402954 -355.9333801269531 0.04552873596549034 0.9914242625236511 0.12281104922294617 -170.28936767578125 0.025679752230644226 -0.12401844561100006 0.9919459819793701 -1619.822265625
* 0.9966261982917786 -0.05054575949907303 0.06475837528705597 -357.50762939453125 0.04215714707970619 0.9915866255760193 0.1227041706442833 -170.03843688964844 -0.07056239992380142 -0.11951105296611786 0.99032062292099 -1620.966552734375
* 0.9950304627418518 -0.040622860193252563 0.09097503125667572 -361.43475341796875 0.03687773272395134 0.9985265731811523 0.04077035188674927 -168.28399658203125 -0.09264280647039413 -0.037168778479099274 0.995003879070282 -1631.5975341796875
* 0.9926068186759949 -0.052346132695674896 0.10956192761659622 -367.2224426269531 0.0349276028573513 0.9875057339668274 0.15391546487808228 -164.18267822265625 -0.11639412492513657 -0.14890021085739136 0.9819765686988831 -1641.3211669921875
* 0.9953519701957703 -0.0434708297252655 0.08600550144910812 -372.52203369140625 0.035152215510606766 0.9949690699577332 0.09422479569911957 -161.80328369140625 -0.0898147001862526 -0.09071676433086395 0.9918168187141418 -1634.4595947265625
* 0.9926910400390625 -0.037391532212495804 0.11479832231998444 -376.64569091796875 0.038304176181554794 0.9992793798446655 -0.007134929299354553 -160.2567901611328 -0.114593006670475 0.011521309614181519 0.9933441281318665 -1627.8858642578125
* 0.9936197996139526 -0.03577204793691635 0.10701549798250198 -378.8927917480469 0.035442810505628586 0.9994043111801147 0.0035002706572413445 -155.84619140625 -0.10722174495458603 3.5654008388519287E-4 0.9942334890365601 -1629.441650390625
