#
#
#
#
#
#
#
#
#
#
#
#
#
#
#
#
#
#
#
#
#
#
#
#
#
#
#
#
#
#
#
#
#
#
#
#
#
#
#
#
#
#
#
#
#
#
#
#
#
#
#
#
#
#
#
#
#
#
#
#
#
#
#
#
#
#
#
#
#
#
#
#
#
#
#
#
#
#
#
#
#
#
#
#
#
#
#
#
#
#
#
#
#
#
#
#
#
#
#
#
#
#
#
#
#
#
#
#
#
#
#
#
#
#
#
#
#
#
#
#
#
#
#
#
#
#
#
#
#
#
#
#
#
#
#
#
#
#
#
#
#
#
#
#
#
#
#
#
#
#
#
#
#
#
#
#
#
#
#
#
#
#
#
#
#
#
#
#
#
#
#
#
#
#
#
#
#
#
#
#
#
#
#
#
#
#
#
#
#
#
#
#
#
#
#
#
#
#
#
#
#
#
#
#
#
#
#
#
#
#
#
#
#
#
#
#
#
#
#
#
#
#
#
#
#
#
#
#
#
#
#
#
#
#
#
#
#
#
#
#
#
#
#
#
#
#
#
#
#
#
#
#
#
#
#
#
#
#
#
#
#
#
#
#
#
#
#
* 0.9980181455612183 -0.03879899904131889 -0.049530282616615295 -162.9040985107422 0.039555277675390244 0.9991180896759033 0.014143846929073334 -70.72758483886719 0.04893659055233002 -0.016074050217866898 0.998672604560852 -590.569091796875
* 0.9984365105628967 -0.05461163818836212 -0.011871881783008575 -175.3493194580078 0.05520829185843468 0.9968846440315247 0.056344371289014816 -52.03240966796875 0.008756611496210098 -0.05691073089838028 0.9983409643173218 -588.8397827148438
* 0.9981955885887146 -0.04730576276779175 -0.036966413259506226 -177.82334899902344 0.04884111136198044 0.9979462027549744 0.04146555811166763 -41.88393020629883 0.03492770344018936 -0.04319525882601738 0.9984560012817383 -579.4838256835938
* 0.9992423057556152 -0.03639509528875351 -0.013751284219324589 -176.36956787109375 0.036437612026929855 0.9993347525596619 0.002007057424634695 -32.2245979309082 0.013667847961187363 -0.0025056502781808376 0.9999035596847534 -580.3292236328125
* 0.9963020086288452 -0.05098268389701843 -0.06915038079023361 -169.86195373535156 0.052817586809396744 0.9982970356941223 0.024799328297376633 -22.038448333740234 0.06776704639196396 -0.02835901454091072 0.9972981810569763 -574.2012329101563
* 0.99654221534729 -0.03400677442550659 -0.07580152899026871 -160.3336944580078 0.0358797051012516 0.9990845918655396 0.023330237716436386 -15.082649230957031 0.07493749260902405 -0.025968359783291817 0.9968501925468445 -574.854736328125
* 0.9955998659133911 -0.03953122720122337 -0.08495177328586578 -147.5775604248047 0.037949543446302414 0.9990745186805725 -0.02028910629451275 -10.747977256774902 0.08567395061254501 0.016976896673440933 0.9961786270141602 -571.7272338867188
* 0.9928178787231445 -0.04436209052801132 -0.11110086739063263 -135.6270751953125 0.044434886425733566 0.9990112781524658 -0.0019262880086898804 -14.740886688232422 0.11107522249221802 -0.0030233506113290787 0.9938074350357056 -566.8677978515625
* 0.9950771331787109 -0.05764220282435417 -0.08060695976018906 -128.64292907714844 0.05751568078994751 0.9983373284339905 -0.004036327358335257 -26.892667770385742 0.08070436120033264 -6.187243852764368E-4 0.9967378973960876 -571.328125
* 0.9953361749649048 -0.05441047623753548 -0.07964862138032913 -121.30325317382813 0.057385656982660294 0.9977250695228577 0.03540303558111191 -35.19327926635742 0.07753988355398178 -0.03980761393904686 0.9961941838264465 -573.0409545898438
* 0.9972991943359375 -0.050950709730386734 -0.05288415402173996 -114.03145599365234 0.0521019846200943 0.99843430519104 0.020399563014507294 -35.269020080566406 0.05176073685288429 -0.023098843172192574 0.9983922243118286 -572.6611328125
* 0.9960737228393555 -0.05031817778944969 -0.07282663881778717 -110.73643493652344 0.052759747952222824 0.9981005787849426 0.03183538466691971 -29.822160720825195 0.07108516246080399 -0.035551708191633224 0.9968363046646118 -571.7650146484375
* 0.9961272478103638 -0.053442440927028656 -0.06980577111244202 -113.47044372558594 0.05782867223024368 0.9963861703872681 0.06222804635763168 -24.852731704711914 0.06622663140296936 -0.06602282077074051 0.995617687702179 -572.2927856445313
* 0.9932564496994019 -0.05644679814577103 -0.10126089304685593 -117.074462890625 0.06232123821973801 0.9965016841888428 0.05569882690906525 -25.054706573486328 0.097761370241642 -0.0616329126060009 0.9932993054389954 -568.0242309570313
* 0.9967265129089355 -0.03257151320576668 -0.07398539036512375 -122.38739013671875 0.03246824070811272 0.9994699954986572 -0.0027548002544790506 -20.952442169189453 0.07403462380170822 3.4457247238606215E-4 0.9972553849220276 -567.5848388671875
* 0.9950100779533386 -0.04311252757906914 -0.08997084945440292 -125.43539428710938 0.0448390394449234 0.9988484978675842 0.017126278951764107 -18.301044464111328 0.08912760019302368 -0.021074045449495316 0.9957970380783081 -564.6010131835938
* 0.9975072145462036 -0.036336373537778854 -0.06047757342457771 -126.77544403076172 0.03612641245126724 0.9993370175361633 -0.0047537353821098804 -21.86282730102539 0.060608912259340286 0.002558002481237054 0.9981580972671509 -567.9928588867188
* 0.9950395226478577 -0.04779316857457161 -0.08723904192447662 -124.27477264404297 0.05064847692847252 0.998246431350708 0.030678195878863335 -21.1723690032959 0.08561856299638748 -0.03494354709982872 0.9957148432731628 -568.296875
* 0.9962382316589355 -0.046310197561979294 -0.07323553413152695 -124.700439453125 0.049018584191799164 0.9981692433357239 0.03546404466032982 -17.114206314086914 0.07145783305168152 -0.038919538259506226 0.9966838359832764 -567.3524780273438
* 0.993632972240448 -0.04486735165119171 -0.10333940386772156 -136.2082977294922 0.04889507591724396 0.9981319904327393 0.03666244447231293 -17.27735137939453 0.10150011628866196 -0.04148080199956894 0.9939701557159424 -564.8023681640625
* 0.9956784248352051 -0.03878185898065567 -0.0843748077750206 -142.83143615722656 0.03942146897315979 0.9992069602012634 0.005789498332887888 -18.449363708496094 0.08408207446336746 -0.00908968411386013 0.996417224407196 -567.1441040039063
* 0.9918597936630249 -0.05346207320690155 -0.11556228250265121 -150.02413940429688 0.061892855912446976 0.9955883622169495 0.07053596526384354 -16.73284149169922 0.1112801730632782 -0.07711325585842133 0.9907926321029663 -563.3626098632813
* 0.9964078664779663 -0.053163159638643265 -0.0659075453877449 -165.37599182128906 0.056776270270347595 0.996924877166748 0.05403219535946846 -25.399538040161133 0.06283111125230789 -0.05757908895611763 0.9963617324829102 -569.6192016601563
* 0.9977976083755493 -0.05470914766192436 -0.037488825619220734 -170.26515197753906 0.05639635771512985 0.9973859190940857 0.04520050808787346 -29.112239837646484 0.03491672873497009 -0.04721419885754585 0.9982742071151733 -571.5269165039063
* 0.996810793876648 -0.050683729350566864 -0.06162921339273453 -164.5816650390625 0.05200517550110817 0.9984509348869324 0.01983773708343506 -21.468647003173828 0.060527071356773376 -0.022978534922003746 0.9979019165039063 -570.6581420898438
* 0.9964359402656555 -0.04895366355776787 -0.06868547946214676 -163.72906494140625 0.050439395010471344 0.9985302090644836 0.019893532618880272 -18.006420135498047 0.06760942935943604 -0.02328612469136715 0.997439980506897 -565.9108276367188
* 0.9958983659744263 -0.05531032755970955 -0.07159607112407684 -164.13101196289063 0.056944262236356735 0.9981614947319031 0.020818710327148438 -26.848003387451172 0.07031171768903732 -0.024809332564473152 0.9972164034843445 -566.5587158203125
* 0.9960787892341614 -0.05109739303588867 -0.07221377640962601 -162.94515991210938 0.05208767578005791 0.9985747933387756 0.011734027415513992 -42.224815368652344 0.07151001691818237 -0.015448499470949173 0.9973201751708984 -565.6171264648438
* 0.9964296221733093 -0.04234395921230316 -0.07303299009799957 -165.57281494140625 0.04521741345524788 0.9982558488845825 0.03798775374889374 -47.04112243652344 0.07129579782485962 -0.04115351662039757 0.9966058135032654 -568.2811279296875
* 0.9973317384719849 -0.05114150047302246 -0.05208493024110794 -166.63746643066406 0.05455606058239937 0.996317982673645 0.06615658849477768 -48.39090347290039 0.04850858077406883 -0.06882062554359436 0.9964489340782166 -571.5350341796875
* 0.9976478219032288 -0.052865173667669296 -0.04362352192401886 -170.4912567138672 0.05468575656414032 0.9976474046707153 0.041371800005435944 -51.60123062133789 0.04133254662156105 -0.04365909844636917 0.9981909990310669 -570.6375122070313
* 0.9980646967887878 -0.04962132126092911 -0.03746481239795685 -171.79493713378906 0.051009517163038254 0.9980238080024719 0.036728378385305405 -52.8194694519043 0.035567063838243484 -0.03856736794114113 0.9986227750778198 -572.0750122070313
* 0.9972929358482361 -0.037453263998031616 -0.06327057629823685 -169.83119201660156 0.03781953826546669 0.9992760419845581 0.0044177137315273285 -45.369422912597656 0.06305807083845139 -0.006797652691602707 0.9979866743087769 -570.1431274414063
* 0.9977916479110718 -0.05478890612721443 -0.0375380702316761 -172.76675415039063 0.05645519495010376 0.9974124431610107 0.04453892260789871 -42.773963928222656 0.03499950096011162 -0.04655876010656357 0.9983022212982178 -570.0308227539063
* 0.9977690577507019 -0.04708743840456009 -0.04731364920735359 -180.91220092773438 0.04896802827715874 0.998033881187439 0.03915262967348099 -41.05582046508789 0.045375801622867584 -0.0413811132311821 0.9981125593185425 -573.8952026367188
* 0.9985464811325073 -0.051224224269390106 -0.016731392592191696 -192.62428283691406 0.05143122375011444 0.9986118674278259 0.011468502692878246 -28.039775848388672 0.016119487583637238 -0.012311327271163464 0.9997943639755249 -579.90283203125
* 0.9972895979881287 -0.05723631754517555 -0.046221934258937836 -191.30580139160156 0.05870234966278076 0.9978029727935791 0.030747396871447563 -17.958385467529297 0.044359300285577774 -0.03337635099887848 0.9984579682350159 -569.0382690429688
* 0.9977023601531982 -0.055088743567466736 -0.03942396491765976 -192.0366973876953 0.05626365914940834 0.9979947209358215 0.029033992439508438 -16.363069534301758 0.03774423897266388 -0.031184380874037743 0.9988007545471191 -569.4129028320313
* 0.9978252649307251 -0.0605015754699707 -0.02614251710474491 -196.83335876464844 0.061255279928445816 0.9977136850357056 0.02858661115169525 -8.976101875305176 0.02435201220214367 -0.03012475185096264 0.9992495179176331 -574.790283203125
* 0.9971832633018494 -0.054685935378074646 -0.05132515728473663 -195.1394500732422 0.05498999357223511 0.9984786510467529 0.004303155466914177 2.65419864654541 0.051010534167289734 -0.007112365216016769 0.9986728429794312 -567.2183837890625
* 0.9975654482841492 -0.05468394234776497 -0.04326876252889633 -197.2273406982422 0.055128782987594604 0.9984407424926758 0.008883418515324593 10.308037757873535 0.04271429777145386 -0.011246101930737495 0.9990240931510925 -568.8966064453125
* 0.9968263506889343 -0.04914398863911629 -0.06262020766735077 -195.19671630859375 0.05045831575989723 0.9985388517379761 0.019394423812627792 16.76594352722168 0.061574362218379974 -0.022491542622447014 0.9978491067886353 -559.56640625
* 0.9952594041824341 -0.04098602384328842 -0.08819280564785004 -192.96287536621094 0.04112153500318527 0.9991551041603088 -4.112784517928958E-4 21.4694766998291 0.08813387900590897 -0.003216267330572009 0.9961034655570984 -556.3511352539063
* 0.9972827434539795 -0.04606539383530617 -0.057482875883579254 -190.60162353515625 0.04555000737309456 0.998908519744873 -0.010443941690027714 17.668731689453125 0.057899996638298035 0.007798247039318085 0.9982918500900269 -561.52099609375
* 0.993615984916687 -0.0531967356801033 -0.0994817465543747 -183.1583709716797 0.05479312688112259 0.998410701751709 0.013265435583889484 9.344636917114258 0.09861671924591064 -0.018630607053637505 0.9949510097503662 -554.9435424804688
* 0.9941778779029846 -0.043522585183382034 -0.09856659919023514 -173.82740783691406 0.04522966220974922 0.9988645315170288 0.015032378025352955 5.358197212219238 0.09779919683933258 -0.019401945173740387 0.995016872882843 -551.4099731445313
* 0.9968869090080261 -0.0393022745847702 -0.06834422051906586 -166.47958374023438 0.040224287658929825 0.9991196393966675 0.011996889486908913 6.5421061515808105 0.06781133264303207 -0.014707601629197598 0.9975895881652832 -557.847412109375
* 0.9949228167533875 -0.018642906099557877 -0.09889484941959381 -155.98843383789063 0.015900295227766037 0.9994665384292603 -0.028564337641000748 8.365316390991211 0.09937335550785065 0.0268478374928236 0.9946877956390381 -550.0203857421875
* 0.9959606528282166 -0.02997722290456295 -0.08463461697101593 -150.59397888183594 0.029756763949990273 0.9995501637458801 -0.004001051187515259 11.264373779296875 0.08471523970365524 0.0014674565754830837 0.9964039921760559 -550.7557983398438
* 0.9971055388450623 -0.03097202442586422 -0.06943051517009735 -146.12384033203125 0.03303435444831848 0.9990463256835938 0.02858719602227211 12.504673957824707 0.06847765296697617 -0.030796999111771584 0.997177004814148 -546.9426879882813
* 0.9961104393005371 -0.026906734332442284 -0.08390017598867416 -144.48667907714844 0.02604741044342518 0.9995959997177124 -0.011456397362053394 11.416762351989746 0.0841732770204544 0.00922746118158102 0.9964081645011902 -546.6875610351563
* 0.9921603798866272 -0.02732153609395027 -0.12194465100765228 -141.188232421875 0.026240456849336624 0.999600887298584 -0.010556699708104134 6.818484306335449 0.12218312174081802 0.007275060750544071 0.9924806952476501 -535.4757690429688
* 0.9961110949516296 -0.0201640073210001 -0.08576304465532303 -140.139892578125 0.02151060476899147 0.9996618628501892 0.014672032557427883 5.378035545349121 0.08543693274259567 -0.016458772122859955 0.9962073564529419 -541.9661865234375
* 0.993869423866272 -0.026527954265475273 -0.10732734203338623 -139.86822509765625 0.027824217453598976 0.9995586276054382 0.010490812361240387 14.705328941345215 0.10700041055679321 -0.013411786407232285 0.9941681623458862 -544.8934936523438
* 0.9941235184669495 -0.04460662603378296 -0.09863121062517166 -143.77923583984375 0.0485338531434536 0.9981120228767395 0.037663280963897705 18.04955291748047 0.0967637449502945 -0.0422278456389904 0.9944108128547668 -543.7485961914063
* 0.9954877495765686 -0.03572520613670349 -0.08790481090545654 -149.48519897460938 0.03796691074967384 0.9989956617355347 0.023829879239201546 11.561077117919922 0.0869639590382576 -0.027058811858296394 0.9958435893058777 -545.568115234375
* 0.9961680173873901 -0.04138465225696564 -0.077045738697052 -153.61248779296875 0.04440159350633621 0.9983025193214417 0.037711769342422485 18.170774459838867 0.07535304129123688 -0.04098717123270035 0.9963139295578003 -543.589599609375
* 0.9967443346977234 -0.02759339101612568 -0.07575488835573196 -149.47630310058594 0.028695670887827873 0.9994999170303345 0.013347567990422249 25.21047019958496 0.07534748315811157 -0.015476945787668228 0.9970369338989258 -548.6973876953125
* 0.9974859356880188 -0.040166277438402176 -0.058375921100378036 -156.84547424316406 0.040832675993442535 0.999116063117981 0.010068297386169434 41.589229583740234 0.0579187273979187 -0.012425597757101059 0.9982436895370483 -548.33642578125
* 0.9956559538841248 -0.031236249953508377 -0.08770795166492462 -159.98023986816406 0.032652586698532104 0.9993604421615601 0.014627678319811821 42.861534118652344 0.08719372749328613 -0.01742701232433319 0.9960386753082275 -544.69140625
* 0.9972856044769287 -0.042219359427690506 -0.06031728535890579 -167.8368377685547 0.043263718485832214 0.9989375472068787 0.0159202441573143 47.61287307739258 0.05957987159490585 -0.01848556473851204 0.9980521202087402 -549.70556640625
* 0.9948195815086365 -0.035507913678884506 -0.09525013715028763 -167.4376220703125 0.03683466836810112 0.9992490410804749 0.012084726244211197 50.67353057861328 0.09474830329418182 -0.01552963349968195 0.9953799247741699 -544.4784545898438
* 0.9973112344741821 -0.019146477803587914 -0.0707341656088829 -151.7427978515625 0.01566903106868267 0.9986491799354553 -0.04955548048019409 46.13231658935547 0.07158622145652771 0.04831482842564583 0.996263325214386 -546.9216918945313
* 0.9951451420783997 -0.02734152227640152 -0.09454292058944702 -138.14451599121094 0.02886122465133667 0.9994771480560303 0.014621030539274216 43.11227035522461 0.09409251809120178 -0.017277682200074196 0.9954133033752441 -544.3558349609375
* 0.9933942556381226 -0.0217214897274971 -0.11267641186714172 -129.0851287841797 0.018575094640254974 0.9994074702262878 -0.02900097332894802 36.081512451171875 0.11323834955692291 0.026717375963926315 0.9932083487510681 -540.7214965820313
* 0.9919832348823547 -0.03168032318353653 -0.12233284115791321 -121.85829162597656 0.032981932163238525 0.9994202256202698 0.008534761145710945 27.557395935058594 0.12199030071496964 -0.012500115670263767 0.9924523830413818 -540.1002197265625
* 0.9963873028755188 -0.029802368953824043 -0.07952161878347397 -123.32716369628906 0.031088169664144516 0.9994072318077087 0.014834717847406864 27.759462356567383 0.07903115451335907 -0.017252309247851372 0.9967226982116699 -546.8626708984375
* 0.9928487539291382 -0.035820651799440384 -0.11387716233730316 -125.17440032958984 0.03724517673254013 0.9992536902427673 0.01030450128018856 28.67824363708496 0.11342182010412216 -0.014471176080405712 0.9934414029121399 -542.501220703125
* 0.9904173612594604 -0.031898967921733856 -0.13437144458293915 -128.6687469482422 0.03943365439772606 0.997778594493866 0.05370333790779114 15.308418273925781 0.1323586255311966 -0.058486443012952805 0.9894747138023376 -536.6385498046875
* 0.9954828023910522 -0.016601357609033585 -0.09347844123840332 -134.43051147460938 0.01664496585726738 0.9998618960380554 -4.36093017924577E-4 -3.680889129638672 0.09347149729728699 -0.001120840897783637 0.9956212043762207 -544.402099609375
* 0.9935653805732727 -0.02847130037844181 -0.1096215769648552 -140.68492126464844 0.033255260437726974 0.9985664486885071 0.041956253349781036 -12.991902351379395 0.108268603682518 -0.04533076658844948 0.9930874705314636 -542.214599609375
* 0.9945720434188843 -0.029759714379906654 -0.09970179200172424 -148.0933380126953 0.03360715135931969 0.9987499117851257 0.037017885595560074 -17.99392318725586 0.09847424179315567 -0.04016663879156113 0.994328498840332 -542.6173095703125
* 0.9950478672981262 -0.023757919669151306 -0.09651438146829605 -153.66476440429688 0.028186969459056854 0.9986047148704529 0.044668328016996384 -26.893787384033203 0.09531720727682114 -0.04716655984520912 0.9943287372589111 -543.7792358398438
* 0.9961032867431641 -0.02738586999475956 -0.08383305370807648 -156.5899658203125 0.02859576605260372 0.9995054602622986 0.013127653859555721 -34.4797248840332 0.08343081176280975 -0.015472770668566227 0.9963932633399963 -545.9072265625
#
* 0.9968454837799072 -0.03580993413925171 -0.07082796096801758 -153.51296997070313 0.036190375685691833 0.9993357062339783 0.004242795053869486 -56.445674896240234 0.07062766700983047 -0.006791924126446247 0.9974796772003174 -547.0279541015625
* 0.9974707365036011 -0.034074001014232635 -0.062377721071243286 -155.14260864257813 0.03668854013085365 0.9984673261642456 0.041431620717048645 -61.737632751464844 0.060869064182043076 -0.04361461102962494 0.9971925020217896 -550.1329345703125
* 0.9961218237876892 -0.04317304864525795 -0.0766642764210701 -154.4085693359375 0.047120291739702225 0.9976073503494263 0.05058690533041954 -57.113075256347656 0.0742955282330513 -0.05400239676237106 0.9957730770111084 -548.6513061523438
* 0.9964084029197693 -0.031419504433870316 -0.07863150537014008 -154.3670654296875 0.030645545572042465 0.9994707107543945 -0.010899009183049202 -52.5551643371582 0.07893101125955582 0.008450915105640888 0.9968442916870117 -546.2657470703125
* 0.9958015084266663 -0.04804803803563118 -0.07791431248188019 -152.50723266601563 0.052180834114551544 0.9972805380821228 0.05204150453209877 -49.61001205444336 0.0752006247639656 -0.05588787421584129 0.9956010580062866 -547.6737670898438
* 0.9950798153877258 -0.029359808191657066 -0.09462553262710571 -148.11993408203125 0.026836808770895004 0.999255359172821 -0.02771722711622715 -48.194664001464844 0.09536751359701157 0.025042181834578514 0.9951272010803223 -545.3594360351563
* 0.9978693723678589 -0.030031315982341766 -0.057919058948755264 -150.8573455810547 0.03130929917097092 0.9992789626121521 0.021468067541718483 -46.26960754394531 0.057231225073337555 -0.023234965279698372 0.9980905652046204 -551.7781982421875
* 0.9964835047721863 -0.03566383197903633 -0.07581940293312073 -148.9698028564453 0.03768525272607803 0.9989630579948425 0.025539137423038483 -39.061790466308594 0.0748286172747612 -0.02830582484602928 0.9967946410179138 -548.4951782226563
#
* 0.9965137243270874 -0.026819074526429176 -0.0789078027009964 -137.9784393310547 0.02559828571975231 0.9994714856147766 -0.02045074664056301 -33.066123962402344 0.07942116260528564 0.018357498571276665 0.9966720342636108 -547.23046875
* 0.9962578415870667 -0.03558309003710747 -0.07867352664470673 -138.76585388183594 0.039086587727069855 0.99847012758255 0.03932450711727142 -23.428363800048828 0.07716045528650284 -0.04225446656346321 0.9961228370666504 -550.6689453125
* 0.996928870677948 -0.022897057235240936 -0.07479202747344971 -140.95082092285156 0.024127410724759102 0.9996532201766968 0.011315613985061646 -11.580915451049805 0.07451358437538147 -0.013087383471429348 0.9971340298652649 -548.1298828125
* 0.9975227117538452 -0.028358686715364456 -0.06425988674163818 -143.71701049804688 0.028846189379692078 0.9995906949043274 0.0017077102093026042 -3.8454158306121826 0.06419176608324051 -0.0035591458436101675 0.9979311227798462 -550.1270141601563
* 0.9963754415512085 -0.03272806480526924 -0.07842230796813965 -143.73724365234375 0.0358317494392395 0.9987747073173523 0.034377504140138626 3.3708267211914063 0.07720768451690674 -0.037064917385578156 0.9963257312774658 -546.6233520507813
* 0.9960790276527405 -0.022979088127613068 -0.0853460505604744 -142.1514892578125 0.023096218705177307 0.9997360110282898 -0.0033433162607252598 9.071185111999512 0.08540695160627365 0.0013570489827543497 0.9963452219963074 -546.301513671875
* 0.9951063990592957 -0.02968282625079155 -0.09416747838258743 -137.66026306152344 0.03191075101494789 0.9993215203285217 0.018837861716747284 11.18374252319336 0.09355098754167557 -0.02175264060497284 0.9953767657279968 -546.2061157226563
* 0.995444655418396 -0.03425290435552597 -0.08889301866292953 -133.44509887695313 0.0400104820728302 0.9973957538604736 0.06014562398195267 13.15681266784668 0.0866079181432724 -0.0634302869439125 0.994221031665802 -545.3193359375
* 0.9961234331130981 -0.031568702310323715 -0.08201713114976883 -128.55377197265625 0.03345178812742233 0.9992905855178833 0.017774255946278572 17.58650016784668 0.0814044252038002 -0.02045099437236786 0.996471107006073 -546.77490234375
* 0.9958916902542114 -0.04621945694088936 -0.07777334749698639 -121.8213119506836 0.050162650644779205 0.9977207779884338 0.04531708359718323 23.39743995666504 0.07550811022520065 -0.04903430864214897 0.9959385395050049 -546.7354736328125
* 0.9971967935562134 -0.034286413341760635 -0.06639454513788223 -116.94681549072266 0.0370170883834362 0.998694121837616 0.035450346767902374 27.729555130004883 0.06509898602962494 -0.03781072050333023 0.9971619248390198 -548.51171875
* 0.9936521649360657 -0.027403393760323524 -0.10904039442539215 -109.30577850341797 0.029217634350061417 0.9995077848434448 0.012145301327109337 28.392364501953125 0.10866043716669083 -0.015256102196872234 0.99396151304245 -543.2108154296875
* 0.995783269405365 -0.033374201506376266 -0.08536463230848312 -104.81853485107422 0.03548920154571533 0.9991859197616577 0.019616831094026566 29.287260055541992 0.0846470296382904 -0.02256566472351551 0.9961550831794739 -545.0385131835938
* 0.9936625361442566 -0.030728012323379517 -0.10805417597293854 -103.92314147949219 0.03611985221505165 0.998327910900116 0.045314058661460876 30.811172485351563 0.10648763924837112 -0.048931755125522614 0.993108868598938 -544.9719848632813
* 0.9925171136856079 -0.02269631437957287 -0.1199161633849144 -103.85003662109375 0.023661738261580467 0.9997203350067139 0.003976133652031422 32.52973937988281 0.119798943400383 -0.0067857736721634865 0.9927746057510376 -544.5105590820313
* 0.9922363758087158 -0.02645403891801834 -0.12145943194627762 -104.4544448852539 0.024723848327994347 0.9995341897010803 -0.01834128424525261 35.93095016479492 0.12189462035894394 0.01519392617046833 0.992426335811615 -544.7942504882813
* 0.9944664835929871 -0.03330851346254349 -0.09955994039773941 -105.57218170166016 0.034001633524894714 0.9994277358055115 0.002070479094982147 38.5388069152832 0.09944058954715729 -0.005446258001029491 0.9950281381607056 -546.7362670898438
* 0.9933812022209167 -0.03473168984055519 -0.10941940546035767 -106.02495574951172 0.03855840489268303 0.9988105893135071 0.0301129762083292 38.35653305053711 0.1082499623298645 -0.03413471579551697 0.9935370087623596 -545.0294189453125
* 0.9939428567886353 -0.02668316848576069 -0.1065395325422287 -107.0904769897461 0.022981882095336914 0.9989916682243347 -0.03877875581383705 39.493934631347656 0.1074734479188919 0.036093343049287796 0.9935520887374878 -544.5128173828125
* 0.9945617914199829 -0.02379537560045719 -0.10132048279047012 -111.53364562988281 0.025672858580946922 0.9995788931846619 0.0141134699806571 39.37301254272461 0.10094859451055527 -0.016639871522784233 0.994752049446106 -544.7958374023438
* 0.9925158619880676 -0.02954617701470852 -0.1184254065155983 -116.80286407470703 0.03356128931045532 0.9990139007568359 0.029344528913497925 38.05607604980469 0.11744817346334457 -0.033101413398981094 0.9925267100334167 -544.5726928710938
* 0.995402991771698 -0.024675073102116585 -0.09246161580085754 -120.98683166503906 0.02582695707678795 0.999643862247467 0.007830353453755379 41.41117477416992 0.09224209934473038 -0.01018434762954712 0.9956840872764587 -547.4739990234375
* 0.9954692125320435 -0.021732542663812637 -0.09248688071966171 -122.32614135742188 0.020388182252645493 0.9996219277381897 -0.01888318732380867 42.281044006347656 0.09286893159151077 0.016909996047616005 0.9955343008041382 -545.6770629882813
* 0.995765745639801 -0.02568230591714382 -0.08818228542804718 -123.87264251708984 0.025433238595724106 0.9996561408042908 -0.007551044225692749 42.85828399658203 0.0883525162935257 0.005274294409900904 0.996074914932251 -546.3209838867188
* 0.9938049912452698 -0.03059602528810501 -0.1067747175693512 -124.79509735107422 0.03339197486639023 0.9992192983627319 0.02149409055709839 44.94786071777344 0.10604029148817062 -0.024928370490670204 0.9940488934516907 -543.511474609375
* 0.9959841966629028 -0.02269863896071911 -0.0865199863910675 -125.253173828125 0.020737292245030403 0.9994242191314697 -0.02715551294386387 46.53194808959961 0.08709318935871124 0.025250248610973358 0.9958797693252563 -545.9277954101563
* 0.9927127957344055 -0.032203905284404755 -0.11605937778949738 -122.95775604248047 0.037598300725221634 0.9984257221221924 0.04181631654500961 46.93803405761719 0.1145365759730339 -0.045877229422330856 0.9923587441444397 -542.6952514648438
* 0.9968540668487549 -0.030400890856981277 -0.07309764623641968 -120.92719268798828 0.029683716595172882 0.9994516968727112 -0.015210538171231747 47.526824951171875 0.07352662086486816 0.012990819290280342 0.9972082376480103 -548.2512817382813
* 0.995873749256134 -0.026011519134044647 -0.08685880154371262 -118.75816345214844 0.026034504175186157 0.9996588826179504 -0.004531173501163721 48.24510955810547 0.08695367723703384 0.0022491454146802425 0.996209442615509 -545.3296508789063
* 0.9968064427375793 -0.02858545072376728 -0.07446694374084473 -118.99767303466797 0.02700534276664257 0.9992952942848206 -0.026377486065030098 48.51160430908203 0.07517515122890472 0.02428019791841507 0.9968742728233337 -548.1333618164063
* 0.9932994246482849 -0.033464740961790085 -0.11055231839418411 -117.74108123779297 0.03610314056277275 0.9991745352745056 0.019050268456339836 48.949928283691406 0.10983014106750488 -0.022915925830602646 0.993685781955719 -543.4613647460938
* 0.9948681592941284 -0.02300930768251419 -0.09845484793186188 -116.29288482666016 0.02197614312171936 0.999657154083252 -0.014789685606956482 51.7161865234375 0.09876802563667297 0.012548141181468964 0.9950309991836548 -544.965087890625
#
* 0.9955250024795532 -0.02203201688826084 -0.09189349412918091 -115.47953033447266 0.022293731570243835 0.9997496008872986 0.0018668348202481866 51.51473617553711 0.09182966500520706 -0.003907773178070784 0.9957672357559204 -546.582275390625
* 0.9911726117134094 -0.02300252951681614 -0.13056601583957672 -116.01934814453125 0.02911255694925785 0.9985575079917908 0.04511379078030586 51.04879379272461 0.1293402761220932 -0.048517320305109024 0.9904129505157471 -540.1793823242188
* 0.9959831833839417 -0.029047822579741478 -0.08469634503126144 -122.50173950195313 0.02828815020620823 0.9995486736297607 -0.010107378475368023 50.66792297363281 0.08495202660560608 0.007670246530324221 0.9963558912277222 -544.3615112304688
* 0.9960582256317139 -0.029192112386226654 -0.08375828713178635 -129.07618713378906 0.030295128002762794 0.9994691610336304 0.011977835558354855 52.13038635253906 0.08336447924375534 -0.014468731358647346 0.9964144229888916 -547.011474609375
* 0.9965724349021912 -0.02782612293958664 -0.07790206372737885 -131.67828369140625 0.028964843600988388 0.9994881749153137 0.013578957878053188 55.60577392578125 0.07748464494943619 -0.015789473429322243 0.9968688488006592 -548.3431396484375
* 0.9927864074707031 -0.03495832160115242 -0.11468502879142761 -130.74485778808594 0.03855831176042557 0.9988248944282532 0.0293592419475317 55.283470153808594 0.11352424323558807 -0.033570174127817154 0.9929682016372681 -542.7498168945313
* 0.9977887868881226 -0.02583148702979088 -0.0612364299595356 -128.36947631835938 0.02540377713739872 0.9996476173400879 -0.0076855081133544445 53.80910110473633 0.061413705348968506 0.006112250965088606 0.9980939626693726 -548.3475341796875
* 0.9981082677841187 -0.016555311158299446 -0.059207506477832794 -124.33503723144531 0.015958240255713463 0.9998176097869873 -0.010473072528839111 58.202327728271484 0.05937042459845543 0.009507784619927406 0.9981909990310669 -550.2326049804688
* 0.9938565492630005 -0.020872140303254128 -0.10868895798921585 -124.94573974609375 0.02054077573120594 0.9997802972793579 -0.004129522014409304 60.02745819091797 0.10875163972377777 0.0018709590658545494 0.9940674304962158 -544.1429443359375
* 0.9947955012321472 -0.027814580127596855 -0.09802130609750748 -130.4182891845703 0.02640143781900406 0.9995288848876953 -0.015642397105693817 58.41460418701172 0.09841056913137436 0.012972443364560604 0.9950615763664246 -544.4971313476563
* 0.9943916201591492 -0.02838059887290001 -0.10188114643096924 -136.63845825195313 0.030985957011580467 0.9992285966873169 0.0241226926445961 57.865055084228516 0.1011182889342308 -0.02714494615793228 0.9945042729377747 -544.2035522460938
* 0.9935684204101563 -0.0216172207146883 -0.11115025728940964 -142.5458526611328 0.024545559659600258 0.999383807182312 0.02508295699954033 57.5220832824707 0.11053991317749023 -0.02765054628252983 0.9934871792793274 -542.5418090820313
* 0.998240053653717 -0.012543018907308578 -0.05795937776565552 -148.4592742919922 0.013033014722168446 0.9998815655708313 0.008156385272741318 58.1146125793457 0.057850562036037445 -0.008898070082068443 0.9982858300209045 -549.9512939453125
* 0.9960453510284424 -0.020449306815862656 -0.08646060526371002 -151.7139434814453 0.02043752744793892 0.999790370464325 -9.730271995067596E-4 61.98164367675781 0.08646274358034134 -7.985085248947144E-4 0.9962549805641174 -545.30078125
* 0.9948987364768982 -0.021777421236038208 -0.0984998345375061 -152.59310913085938 0.021927619352936745 0.9997591972351074 4.8497813986614347E-4 64.29805755615234 0.0984659194946289 -0.0026430203579366207 0.9951371550559998 -542.5403442382813
* 0.9952149987220764 -0.025213057175278664 -0.09439985454082489 -153.0042724609375 0.025503726676106453 0.9996725916862488 0.0019181163515895605 63.57289123535156 0.09432094544172287 -0.0043171476572752 0.995532751083374 -545.0293579101563
* 0.9966439604759216 -0.018435392528772354 -0.0797555074095726 -155.37351989746094 0.01722998544573784 0.9997276067733765 -0.015723465010523796 70.37752532958984 0.08002401888370514 0.014295862056314945 0.9966906905174255 -546.983154296875
* 0.9957565665245056 -0.025015665218234062 -0.08855995535850525 -157.75079345703125 0.027294952422380447 0.9993225932121277 0.024668093770742416 75.48365783691406 0.08788322657346725 -0.026981329545378685 0.9957656264305115 -543.572265625
* 0.9973866939544678 -0.03316585347056389 -0.06418302655220032 -168.06787109375 0.03604448586702347 0.9983677864074707 0.04429158940911293 83.7708511352539 0.06260962784290314 -0.046489983797073364 0.9969550371170044 -545.2725219726563
* 0.9982603192329407 -0.029380664229393005 -0.051114730536937714 -181.53662109375 0.02978929877281189 0.9995289444923401 0.007333233021199703 90.75199890136719 0.050875525921583176 -0.008843820542097092 0.9986661076545715 -544.1165771484375
* 0.9966489672660828 -0.035617876797914505 -0.0736328512430191 -198.49436950683594 0.03827168419957161 0.9986535906791687 0.035007283091545105 87.08269500732422 0.0722871646285057 -0.03770872578024864 0.9966710209846497 -541.9514770507813
* 0.9977676868438721 -0.03242102637887001 -0.05837905406951904 -211.27386474609375 0.0321376770734787 0.9994667172431946 -0.005715170409530401 88.32162475585938 0.058533553034067154 0.0038255813997238874 0.9982783198356628 -547.171630859375
* 0.9976192116737366 -0.029278934001922607 -0.062436606734991074 -213.130859375 0.028579596430063248 0.9995191693305969 -0.0119984932243824 89.63568115234375 0.06275822967290878 0.010184857062995434 0.9979769587516785 -545.7972412109375
* 0.9971887469291687 -0.037319570779800415 -0.06497257947921753 -217.347412109375 0.038426220417022705 0.9991340637207031 0.015931451693177223 93.86175537109375 0.0643221065402031 -0.018383992835879326 0.997759997844696 -544.3917236328125
* 0.9989820122718811 -0.03127387911081314 -0.032502733170986176 -221.1549072265625 0.030028676614165306 0.998826265335083 -0.03799434378743172 97.67195129394531 0.0336531437933445 0.036979008466005325 0.9987493753433228 -548.963134765625
* 0.9985367655754089 -0.02892991527915001 -0.04568374156951904 -223.0677032470703 0.027821825817227364 0.999309241771698 -0.024618061259388924 97.37569427490234 0.046364717185497284 0.023310372605919838 0.9986526966094971 -548.5009765625
* 0.9987277388572693 -0.0381358377635479 -0.032987553626298904 -222.20323181152344 0.037555962800979614 0.9991337060928345 -0.017899364233016968 100.46163177490234 0.03364192321896553 0.016637040302157402 0.9992955923080444 -548.495849609375
* 0.9984135627746582 -0.03453397750854492 -0.04446854814887047 -216.53831481933594 0.032811831682920456 0.9987075924873352 -0.03880070522427559 105.04737854003906 0.04575137794017792 0.0372793972492218 0.9982571005821228 -547.6669311523438
* 0.9984788298606873 -0.02613496221601963 -0.04854663833975792 -212.05648803710938 0.024695996195077896 0.9992465972900391 -0.02992364950478077 101.3377914428711 0.04929248243570328 0.028678560629487038 0.9983726143836975 -545.5385131835938
* 0.9980452656745911 -0.03836900740861893 -0.049328308552503586 -208.29705810546875 0.03716103732585907 0.9989936947822571 -0.02509397640824318 100.59883117675781 0.05024183914065361 0.023211166262626648 0.9984673261642456 -547.531494140625
* 0.9975969195365906 -0.03935748711228371 -0.05701957643032074 -205.935546875 0.03916814923286438 0.9992227554321289 -0.004361714236438274 101.40137481689453 0.05714726075530052 0.0021172012202441692 0.9983635544776917 -547.0753784179688
* 0.9977974891662598 -0.03445417433977127 -0.05668429285287857 -205.77906799316406 0.033460937440395355 0.9992720484733582 -0.018306460231542587 101.4909896850586 0.05727411434054375 0.01636875607073307 0.9982243776321411 -545.6333618164063
* 0.9986132979393005 -0.03967198356986046 -0.03460678458213806 -204.08885192871094 0.039094358682632446 0.9990890026092529 -0.017093002796173096 104.9712142944336 0.03525371104478836 0.015715686604380608 0.9992549419403076 -549.6903076171875
* 0.9977462887763977 -0.031112071126699448 -0.05944894626736641 -196.1048583984375 0.029386470094323158 0.999129056930542 -0.029614843428134918 103.9277114868164 0.06031891331076622 0.027800429612398148 0.9977920651435852 -548.3495483398438
* 0.997298002243042 -0.038995612412691116 -0.06225668266415596 -188.68702697753906 0.038804344832897186 0.9992377161979675 -0.004212091211229563 93.70494079589844 0.062373824417591095 0.0017841903027147055 0.9980514049530029 -546.022216796875
* 0.9979790449142456 -0.03705405071377754 -0.051619645208120346 -188.65911865234375 0.03566126152873039 0.9989833831787109 -0.02756768837571144 90.050048828125 0.05258901044726372 0.025670478120446205 0.9982863664627075 -548.9500122070313
* 0.9989038109779358 -0.04298800975084305 -0.018522635102272034 -190.41932678222656 0.042664382606744766 0.9989392161369324 -0.017310038208961487 99.01071166992188 0.019247429445385933 0.016500120982527733 0.9996787309646606 -555.3706665039063
* 0.9993351101875305 -0.02183866687119007 -0.029193704947829247 -191.8792266845703 0.021044304594397545 0.9994106888771057 -0.02710598148405552 116.62562561035156 0.02976880967617035 0.0264729093760252 0.9992064237594604 -555.7805786132813
* 0.9987203478813171 -0.033028554171323776 -0.038296811282634735 -195.41156005859375 0.032719772309064865 0.9994276165962219 -0.00855349749326706 123.6199951171875 0.038557764142751694 0.007288793101906776 0.9992300868034363 -549.7625732421875
* 0.9968122839927673 -0.03076174110174179 -0.07361283898353577 -193.4215545654297 0.029868993908166885 0.999467134475708 -0.013141768984496593 115.74409484863281 0.07397827506065369 0.010900440625846386 0.997200608253479 -543.5105590820313
* 0.9974005818367004 -0.044608138501644135 -0.05658648535609245 -194.481201171875 0.04600917547941208 0.9986577033996582 0.023777993395924568 112.57949829101563 0.055450186133384705 -0.026320405304431915 0.998114824295044 -544.5387573242188
* 0.9988464117050171 -0.041929326951503754 -0.023396985605359077 -198.72518920898438 0.041594166308641434 0.9990295767784119 -0.014459163881838322 121.68701934814453 0.023980874568223953 0.013468609191477299 0.9996219277381897 -552.906982421875
* 0.9974238276481628 -0.045094847679138184 -0.0557851605117321 -195.11456298828125 0.044870343059301376 0.9989789724349976 -0.005196866113692522 131.49671936035156 0.05596292018890381 0.002679672325029969 0.9984294772148132 -548.0062866210938
* 0.9974381327629089 -0.041144970804452896 -0.058517467230558395 -195.38381958007813 0.040341172367334366 0.9990763068199158 -0.014782268553972244 135.05010986328125 0.059072017669677734 0.01238302979618311 0.998177170753479 -548.0787353515625
* 0.9977658987045288 -0.04918288439512253 -0.045213621109724045 -194.28749084472656 0.048577647656202316 0.9987167716026306 -0.014299259521067142 138.7607421875 0.04585925117135048 0.012070246040821075 0.9988752603530884 -550.3263549804688
* 0.996179461479187 -0.04592902213335037 -0.07427621632814407 -189.21412658691406 0.0453958660364151 0.9989301562309265 -0.008796225301921368 134.84095764160156 0.07460114359855652 0.00539008853957057 0.9971991777420044 -543.5946655273438
* 0.996540904045105 -0.04678294062614441 -0.0686860978603363 -189.0640869140625 0.04592505469918251 0.998847246170044 -0.013957124203443527 123.3696060180664 0.06926024705171585 0.010753733105957508 0.9975409507751465 -545.8593139648438
* 0.9986743927001953 -0.040634237229824066 -0.03159863129258156 -186.48226928710938 0.039109792560338974 0.9981133937835693 -0.04732675105333328 121.17181396484375 0.03346247225999832 0.04602751135826111 0.9983798861503601 -548.900634765625
* 0.9959763884544373 -0.04396635293960571 -0.07809095829725266 -182.22634887695313 0.041970718652009964 0.9987547397613525 -0.02696344628930092 117.51889038085938 0.07917959988117218 0.023576727136969566 0.9965818524360657 -540.4940795898438
* 0.9960387945175171 -0.02919556200504303 -0.08399182558059692 -180.28350830078125 0.026958156377077103 0.9992551803588867 -0.02760130912065506 106.70284271240234 0.08473550528287888 0.025227032601833344 0.996084451675415 -534.7941284179688
