Left to Right transformation:

The overall results (combining 100 calibration together):
All unit in millimeters.



Ttotal = 
[[  0.98686708   0.01183957  -0.16109993  72.48966994]
 [ -0.04170821   0.98216908  -0.18331481   1.02207727]
 [  0.156057     0.18762655   0.96976414 -17.89815337]
 [  0.           0.           0.           1.        ]]


LeftIntrinsicTotal = 
[[ 2527.81672161  -127.67302781   760.9744534 ]
 [    0.          2406.47668633   693.18324823]
 [    0.             0.             1.        ]]


RightIntrinsicTotal =
[[ 2770.04622693    21.82956536   352.53107869]
 [    0.          2583.46067038   243.02804403]
 [    0.             0.             1.        ]]









The detailed results:

T1, T2, T3, T4, T5 are calculated from 20 alignments

T1 = 
[[  0.96871545  -0.00454543   0.24813247  72.09801532]
 [  0.02824678   0.99535434  -0.09204271   0.88344767]
 [ -0.24656135   0.09617214   0.96434352 -20.50512942]
 [  0.           0.           0.           1.        ]]

T2 = 
[[  0.95004327  -0.07878727  -0.30201053  82.58712411]
 [ -0.0584906    0.90553193  -0.42022706   7.51736913]
 [  0.30658872   0.41689866   0.85568619 -49.33764096]
 [  0.           0.           0.           1.        ]]
 
T3 = 
[[  0.9548403    0.00081505  -0.29711838  78.85266886]
 [ -0.0761587    0.96725881  -0.24209552   8.31345888]
 [  0.28719305   0.25379071   0.92363977 -34.19445766]
 [  0.           0.           0.           1.        ]]

T4 =
[[  0.99863437   0.00712117  -0.05175596  69.41116402]
 [ -0.02219255   0.95466527  -0.29685301  -5.2953016 ]
 [  0.04729567   0.29759621   0.95351959 -12.06568212]
 [  0.           0.           0.           1.        ]]

T5 = 
[[  0.97766998   0.03198102  -0.20769839  67.34755404]
 [ -0.03005571   0.99947106   0.01241965  -1.47887161]
 [  0.20798572  -0.0058998    0.97811407 -11.5534449 ]
 [  0.           0.           0.           1.        ]]



Intrinsic parameters:

L1 =
[[ 2712.21909612   -20.55728824   225.52763643]
 [    0.          2551.75037755   704.60361958]
 [    0.             0.             1.        ]]

R1 =
[[ 2721.34036507     5.30325289   923.24885148]
 [    0.          2575.04167584   453.02529911]
 [    0.             0.             1.        ]]

L2 =
[[ 2459.41492671  -108.64303639   795.38972038]
 [    0.          2355.0306688    673.02454469]
 [    0.             0.             1.        ]]

R2 =
[[ 2729.16958007   -77.14752514    -2.31451239]
 [    0.          2442.24920753  -407.33940578]
 [    0.             0.             1.        ]]

L3 =
[[ 2444.30657224  -150.28405274   928.50808584]
 [    0.          2358.0191206    751.30815541]
 [    0.             0.             1.        ]]

R3 =
[[ 2818.83640954    -1.93665763   162.65917049]
 [    0.          2675.9413017    144.60545144]
 [    0.             0.             1.        ]]

L4 =
[[ 2698.47376004   -63.2267445    390.57420949]
 [    0.          2561.28474896   436.41648458]
 [    0.             0.             1.        ]]

R4 =
[[ 2684.16220654     5.53655264   249.49742609]
 [    0.          2452.57125012  -327.77171483]
 [    0.             0.             1.        ]]

L5 =
[[ 2621.13344569  -114.66464628   675.65220665]
 [    0.          2510.48518056   481.46241868]
 [    0.             0.             1.        ]]

R5 =
[[ 2767.27915759    92.44301267    97.34194035]
 [    0.          2579.52433927   519.05741601]
 [    0.             0.             1.        ]]




