#
#
#
#
#
#
#
#
#
#
#
#
#
#
#
#
#
#
#
#
#
#
#
#
#
#
#
#
#
#
#
#
#
#
#
#
#
#
#
#
#
#
#
#
#
#
#
#
#
#
#
#
#
#
#
#
#
#
#
#
#
#
#
#
#
#
#
#
#
#
#
#
#
#
#
#
#
#
#
#
#
#
#
#
#
#
#
#
#
#
#
#
#
#
#
#
#
#
#
#
#
#
#
#
#
#
#
#
#
#
#
#
#
#
#
#
#
#
#
#
#
#
#
#
#
#
#
#
#
#
#
#
#
#
#
#
#
#
#
#
#
#
#
#
#
#
#
#
#
#
#
#
#
#
#
#
#
#
#
#
* 0.8584341406822205 0.011631118133664131 0.512782633304596 -524.9505004882813 0.22779211401939392 0.8870745897293091 -0.401500940322876 435.6348571777344 -0.4595755636692047 0.4614790380001068 0.7588443160057068 -1479.8875732421875
* 0.8730795383453369 -2.293623983860016E-4 0.4875679612159729 -515.0033569335938 0.210335373878479 0.9023192524909973 -0.376261442899704 429.3035888671875 -0.4398849308490753 0.4310678541660309 0.7878444790840149 -1470.571044921875
* 0.8922381401062012 -0.004332462325692177 0.4515337347984314 -510.7171936035156 0.21175555884838104 0.8871762156486511 -0.4099654257297516 426.8947448730469 -0.3988429307937622 0.4614110291004181 0.7924906015396118 -1480.88037109375
* 0.8864181041717529 -0.04785525053739548 0.46039456129074097 -503.6421203613281 0.2011980265378952 0.9355817437171936 -0.29017195105552673 423.1671447753906 -0.416879802942276 0.349852979183197 0.8389465808868408 -1486.5975341796875
* 0.8192582726478577 -0.052658405154943466 0.5709934234619141 -485.350341796875 0.23019437491893768 0.942203938961029 -0.243425190448761 403.8700256347656 -0.5252032279968262 0.3308762311935425 0.7840279340744019 -1453.9532470703125
#
* 0.762622058391571 -0.023755554109811783 0.6464075446128845 -457.56597900390625 0.23729336261749268 0.9399270415306091 -0.24541427195072174 359.16607666015625 -0.6017471551895142 0.3405473530292511 0.7224467396736145 -1417.9317626953125
* 0.790818452835083 -0.04333128780126572 0.6105145215988159 -458.07318115234375 0.22848336398601532 0.9462793469429016 -0.22880099713802338 348.5286560058594 -0.5678041577339172 0.32043322920799255 0.7582363486289978 -1431.3697509765625
* 0.8388232588768005 -0.025193875655531883 0.5438200235366821 -469.2214660644531 0.1913909614086151 0.9488083124160767 -0.25125956535339355 349.34637451171875 -0.5096518993377686 0.31484535336494446 0.8007051348686218 -1479.7501220703125
* 0.8991828560829163 -0.007740546017885208 0.43750378489494324 -468.8880920410156 0.18471886217594147 0.9131000638008118 -0.36349183320999146 347.4947509765625 -0.39667218923568726 0.4076617360115051 0.8224745392799377 -1498.3897705078125
* 0.901029646396637 -0.013960999436676502 0.4335319995880127 -453.40087890625 0.17672964930534363 0.9245737791061401 -0.3375335931777954 337.9765625 -0.39612117409706116 0.3807465434074402 0.8355365991592407 -1475.6983642578125
* 0.7898654341697693 -0.015856124460697174 0.613074541091919 -422.56500244140625 0.191861093044281 0.9558748602867126 -0.2224670946598053 311.5571594238281 -0.5824964046478271 0.2933448851108551 0.7580554485321045 -1402.5150146484375
* 0.713053822517395 -0.021773554384708405 0.7007704973220825 -399.540771484375 0.2255139797925949 0.9535229802131653 -0.19984140992164612 283.1993408203125 -0.6638508439064026 0.30053192377090454 0.6848239898681641 -1348.5985107421875
* 0.708238959312439 -0.022148603573441505 0.7056246399879456 -407.55108642578125 0.21382075548171997 0.9592905044555664 -0.1845034658908844 272.94586181640625 -0.672813892364502 0.2815503776073456 0.6841433644294739 -1391.0491943359375
* 0.6544327735900879 -0.0028855125419795513 0.7561140656471252 -393.0495300292969 0.19401293992996216 0.9671533703804016 -0.16423268616199493 243.9190216064453 -0.7308058738708496 0.25417575240135193 0.6334972381591797 -1347.3389892578125
* 0.634260356426239 0.014979303814470768 0.7729737758636475 -388.2402648925781 0.1914205700159073 0.965638279914856 -0.17578347027301788 214.73251342773438 -0.7490477561950684 0.25945615768432617 0.609599232673645 -1327.0211181640625
* 0.6571470499038696 -0.004201649688184261 0.7537500858306885 -402.17669677734375 0.17346781492233276 0.9739856719970703 -0.14580751955509186 195.5528564453125 -0.7335307598114014 0.22656889259815216 0.6407811045646667 -1370.6978759765625
* 0.6874675750732422 -0.004706875421106815 0.726199209690094 -413.803955078125 0.1528981328010559 0.9785018563270569 -0.13840240240097046 180.4187469482422 -0.7099375128746033 0.20618216693401337 0.6734083890914917 -1414.29638671875
* 0.7510356903076172 -0.016463618725538254 0.6600556969642639 -433.39697265625 0.13685239851474762 0.981860339641571 -0.13122670352458954 172.1407012939453 -0.6459236741065979 0.1888866275548935 0.7396658658981323 -1480.15380859375
* 0.7573062181472778 0.008094439283013344 0.653009295463562 -440.3356628417969 0.1298254281282425 0.9780988097190857 -0.16268625855445862 163.70343017578125 -0.6400259733200073 0.20798097550868988 0.7396700978279114 -1497.2928466796875
* 0.765923023223877 -0.0032579470425844193 0.6429235935211182 -443.7373046875 0.13028869032859802 0.9800248742103577 -0.15024979412555695 154.67462158203125 -0.629593014717102 0.19884592294692993 0.7510486841201782 -1500.730224609375
* 0.7746212482452393 0.00670212134718895 0.632389485836029 -449.7596130371094 0.12060381472110748 0.98002690076828 -0.15811686217784882 147.12916564941406 -0.6208198666572571 0.19874972105026245 0.7583419680595398 -1513.0133056640625
* 0.7941779494285583 -0.00818202830851078 0.607629656791687 -456.54833984375 0.10440713912248611 0.9868770241737366 -0.12317387759685516 140.63165283203125 -0.5986493825912476 0.16126327216625214 0.7846109867095947 -1526.3953857421875
* 0.7930006384849548 -3.8987770676612854E-4 0.6092201471328735 -460.4893493652344 0.11533968895673752 0.9820098876953125 -0.14950668811798096 134.18675231933594 -0.5982034206390381 0.18882662057876587 0.7787802219390869 -1531.1539306640625
* 0.7943001389503479 5.276000592857599E-4 0.6075248122215271 -464.42236328125 0.11144067347049713 0.9829043745994568 -0.14655672013759613 129.9431610107422 -0.5972176194190979 0.18411344289779663 0.7806630730628967 -1541.08251953125
* 0.7903391718864441 0.005736965220421553 0.612642228603363 -464.8106689453125 0.10478837043046951 0.9839550852775574 -0.1443978101015091 125.72662353515625 -0.6036423444747925 0.17832143604755402 0.7770578265190125 -1539.5643310546875
* 0.8129987120628357 -0.008793801069259644 0.5821986198425293 -473.32635498046875 0.10477978736162186 0.9857720136642456 -0.1314295083284378 123.35260772705078 -0.5727607607841492 0.16785505414009094 0.80235356092453 -1557.829833984375
* 0.8035582304000854 -0.008057056926190853 0.5951712131500244 -482.5584716796875 0.10669805854558945 0.9856612682342529 -0.1307145059108734 124.61603546142578 -0.5855854749679565 0.16854070127010345 0.7928966879844666 -1574.177978515625
* 0.8104749917984009 -0.0023897725623100996 0.585767924785614 -483.406005859375 0.10235457122325897 0.985184371471405 -0.13760124146938324 125.33086395263672 -0.5767620205879211 0.1714787632226944 0.7987127900123596 -1565.0225830078125
* 0.8136935830116272 0.0015731947496533394 0.5812915563583374 -491.53271484375 0.107355996966362 0.9823867082595825 -0.15293754637241364 125.71095275878906 -0.5712952017784119 0.18684983253479004 0.7991936802864075 -1578.377197265625
* 0.7836979031562805 0.0054810973815619946 0.6211175918579102 -491.8540344238281 0.10915844142436981 0.9831824898719788 -0.146408811211586 124.39588928222656 -0.611475944519043 0.1825409233570099 0.7699205279350281 -1568.02294921875
* 0.7977316975593567 -0.006449080538004637 0.6029776334762573 -498.6348571777344 0.12171173840761185 0.9810838103294373 -0.1505315601825714 128.73095703125 -0.5906023383140564 0.1934736967086792 0.7834274172782898 -1583.447509765625
* 0.8130630850791931 0.008551441133022308 0.5821123123168945 -504.0767822265625 0.11194030195474625 0.9789372086524963 -0.1707347184419632 131.15426635742188 -0.5713129639625549 0.20398038625717163 0.7949812412261963 -1591.7857666015625
* 0.7922757863998413 0.00560557609423995 0.6101368069648743 -507.7015380859375 0.1219550147652626 0.9783248901367188 -0.16735100746154785 131.25869750976563 -0.5978516936302185 0.20699788630008698 0.7744203209877014 -1589.45556640625
* 0.8001627326011658 0.019364243373274803 0.5994697213172913 -511.93438720703125 0.11304238438606262 0.976696789264679 -0.18243826925754547 130.4209442138672 -0.5890344977378845 0.21374624967575073 0.7793282270431519 -1590.1435546875
* 0.8022934198379517 -0.0010369475930929184 0.5969283580780029 -518.87353515625 0.10985691845417023 0.9831736087799072 -0.14594535529613495 133.62286376953125 -0.586734414100647 0.18266813457012177 0.7889085412025452 -1601.991455078125
* 0.78659987449646 0.02502412162721157 0.6169552206993103 -516.3804321289063 0.11197108030319214 0.9768306612968445 -0.1823822557926178 136.68191528320313 -0.6072263121604919 0.21254344284534454 0.7655737400054932 -1585.6064453125
* 0.799293041229248 -0.008790683001279831 0.6008765697479248 -524.7161254882813 0.11387773603200912 0.9839907884597778 -0.13708743453025818 139.93789672851563 -0.5900535583496094 0.17799988389015198 0.7874988913536072 -1601.426513671875
* 0.78492271900177 0.007282695733010769 0.619550347328186 -523.0588989257813 0.10715275257825851 0.9832679629325867 -0.14731387794017792 134.707763671875 -0.6102584600448608 0.18201692402362823 0.7710098028182983 -1591.091552734375
* 0.7892439961433411 -9.806905873119831E-4 0.6140783429145813 -528.1614379882813 0.10708889365196228 0.9848945736885071 -0.13606449961662292 129.04119873046875 -0.6046706438064575 0.1731494516134262 0.7774280309677124 -1602.86572265625
* 0.7529895901679993 0.009447283111512661 0.6579639911651611 -518.8198852539063 0.10742910206317902 0.9847160577774048 -0.13708464801311493 114.27291107177734 -0.6492044925689697 0.17390817403793335 0.740466833114624 -1565.624267578125
* 0.7708024978637695 0.0043290406465530396 0.6370587944984436 -529.3756103515625 0.08972030133008957 0.9892723560333252 -0.11527996510267258 102.01895141601563 -0.6307253837585449 0.14601552486419678 0.7621460556983948 -1585.566650390625
* 0.7959901690483093 0.020242366939783096 0.6049702763557434 -539.3236083984375 0.09824320673942566 0.9818680286407471 -0.16211844980716705 93.28504943847656 -0.5972842574119568 0.18847930431365967 0.7795695662498474 -1591.073486328125
#
#
#
* 0.9969905018806458 -0.07437160611152649 -0.021888554096221924 -564.0838623046875 0.07721877843141556 0.9769631028175354 0.1989889144897461 89.33301544189453 0.0065651386976242065 -0.20007282495498657 0.9797577857971191 -1636.234130859375
* 0.996207058429718 -0.05945245549082756 0.06353942304849625 -573.086181640625 0.05492277070879936 0.9960135817527771 0.07040458917617798 100.94911193847656 -0.06749127805233002 -0.06664180755615234 0.995490550994873 -1676.657470703125
* 0.9979403614997864 -0.04596415534615517 0.04475212097167969 -563.0059814453125 0.04742475971579552 0.9983453750610352 -0.0327698215842247 108.27393341064453 -0.04319155216217041 0.034829430282115936 0.9984582662582397 -1674.9730224609375
* 0.9983725547790527 -0.0428929477930069 0.037587448954582214 -553.736328125 0.04402356594800949 0.9985719323158264 -0.03053552284836769 104.14556884765625 -0.03624381497502327 0.032145291566848755 0.9988245964050293 -1666.00732421875
* 0.9987167716026306 -0.042862970381975174 0.02698075771331787 -546.4215087890625 0.041977666318416595 0.9986266493797302 0.03160727024078369 90.60569763183594 -0.028318380936980247 -0.030428793281316757 0.9991344213485718 -1658.7811279296875
#
#
#
#
* 0.9971530437469482 -0.051725585013628006 0.05486657842993736 -544.189697265625 0.050253063440322876 0.9983477592468262 0.027859777212142944 28.65043067932129 -0.05621710047125816 -0.025023192167282104 0.9981049299240112 -1699.2479248046875
* 0.9970989227294922 -0.04203870892524719 0.06345465034246445 -551.1226196289063 0.042472805827856064 0.9990822076797485 -0.005531720817089081 22.157075881958008 -0.06316398084163666 0.008210824802517891 0.997969388961792 -1701.1201171875
#
#
#
* 0.9915818572044373 -0.0425117053091526 0.12230435013771057 -579.8353881835938 0.0317486897110939 0.9955495595932007 0.08871103078126907 23.634868621826172 -0.1255275011062622 -0.0840812623500824 0.9885212779045105 -1696.9188232421875
* 0.9890037178993225 -0.06713030487298965 0.13177767395973206 -584.2576904296875 0.04619809240102768 0.9866777062416077 0.15597893297672272 30.097309112548828 -0.14048926532268524 -0.1481761336326599 0.9789319038391113 -1701.8160400390625
* 0.9843418598175049 -0.029191143810749054 0.173836350440979 -593.5261840820313 0.026462465524673462 0.9994852542877197 0.01804371178150177 35.222930908203125 -0.1742699295282364 -0.013160854578018188 0.9846105575561523 -1727.063232421875
* 0.9956889748573303 -0.04869020730257034 0.07894813269376755 -582.752197265625 0.04328170791268349 0.9966802597045898 0.06893233209848404 35.64055633544922 -0.08203844726085663 -0.06521815061569214 0.9944936037063599 -1693.4290771484375
* 0.9922128915786743 -0.04562339186668396 0.11589658260345459 -585.6160888671875 0.03197804093360901 0.9926091432571411 0.11705078184604645 38.737579345703125 -0.12037645280361176 -0.11243325471878052 0.9863414168357849 -1692.51220703125
* 0.9975480437278748 -0.04556971788406372 0.05311501771211624 -577.7802124023438 0.03879208490252495 0.9917147755622864 0.12244769930839539 38.57187271118164 -0.05825088173151016 -0.1200871542096138 0.9910534620285034 -1663.5667724609375
* 0.9958604574203491 -0.03750370442867279 0.08279697597026825 -582.2332153320313 0.030338775366544724 0.9958089590072632 0.0862589031457901 36.09067916870117 -0.08568109571933746 -0.08338987827301025 0.992827296257019 -1676.74072265625
* 0.9985197186470032 -0.049186937510967255 0.023214928805828094 -573.78173828125 0.04637238010764122 0.9928999543190002 0.10952550172805786 29.690326690673828 -0.02843327447772026 -0.10828696936368942 0.9937134981155396 -1651.53173828125
* 0.9980418086051941 -0.04006015136837959 0.04803784191608429 -579.3199462890625 0.03661250323057175 0.9968174695968628 0.07078807055950165 25.719989776611328 -0.05071675032377243 -0.06889067590236664 0.9963347315788269 -1662.1114501953125
* 0.9984628558158875 -0.04503368213772774 0.0323072224855423 -574.041748046875 0.04442664235830307 0.9988200664520264 0.019526656717061996 21.774261474609375 -0.03314442187547684 -0.018061261624097824 0.9992879033088684 -1644.2308349609375
* 0.9980726838111877 -0.0437285453081131 0.044029831886291504 -576.8409423828125 0.04369855299592018 0.9990413188934326 0.0018385015428066254 17.66720199584961 -0.04406401142477989 8.920766413211823E-5 0.999029278755188 -1645.297607421875
* 0.9979547262191772 -0.03959948569536209 0.05018128454685211 -581.243896484375 0.038007523864507675 0.9987484216690063 0.03245818242430687 14.531457901000977 -0.05139981955289841 -0.030484460294246674 0.9982133507728577 -1646.3614501953125
* 0.9977843165397644 -0.03969718888401985 0.053391169756650925 -581.2968139648438 0.038427527993917465 0.9989528656005859 0.024759117513895035 11.20996379852295 -0.05431415140628815 -0.022652480751276016 0.9982675313949585 -1634.4501953125
* 0.9991257190704346 -0.036309823393821716 0.020722646266222 -575.6502075195313 0.035714950412511826 0.9989454746246338 0.028786102309823036 8.522665977478027 -0.021741958335042 -0.02802073396742344 0.9993714690208435 -1609.5318603515625
* 0.9984575510025024 -0.05546433478593826 -0.0024985664058476686 -575.2704467773438 0.05547815188765526 0.9945979118347168 0.08771160244941711 5.652461051940918 -0.002375682583078742 -0.08771505951881409 0.9961434006690979 -1601.7308349609375
* 0.9985450506210327 -0.04733140394091606 0.025837315246462822 -586.6248779296875 0.04646524041891098 0.9983571171760559 0.033468905836343765 1.3293476104736328 -0.027374958619475365 -0.03221963718533516 0.9991064667701721 -1624.5880126953125
* 0.9981427788734436 -0.05939032882452011 0.013556621968746185 -590.6016845703125 0.057580623775720596 0.9924002289772034 0.1087307333946228 -1.6173014640808105 -0.019907085224986076 -0.10774841904640198 0.9939795136451721 -1624.792724609375
* 0.9976956844329834 -0.04623381793498993 0.04965636134147644 -595.646240234375 0.044422443956136703 0.9983198642730713 0.037150971591472626 -3.2622311115264893 -0.05128658562898636 -0.03485947847366333 0.9980760812759399 -1630.9112548828125
* 0.9977128505706787 -0.0572582371532917 0.03592383861541748 -597.8424682617188 0.054493263363838196 0.9957708716392517 0.07393939048051834 -3.9552383422851563 -0.04000154882669449 -0.07181279361248016 0.9966163635253906 -1627.6903076171875
* 0.9968166947364807 -0.06112051010131836 0.05119229480624199 -603.3523559570313 0.05836890637874603 0.9968433976173401 0.05378162860870361 -2.823861598968506 -0.05431389808654785 -0.05062247812747955 0.9972406029701233 -1628.53564453125
* 0.9983669519424438 -0.047652579843997955 0.03150342404842377 -602.7321166992188 0.04597062990069389 0.9975671768188477 0.052369337528944016 -2.5109193325042725 -0.03391829878091812 -0.05083564296364784 0.9981316328048706 -1617.6251220703125
* 0.9962952733039856 -0.05104394257068634 0.06920936703681946 -609.9916381835938 0.0493311770260334 0.9984326362609863 0.02635873854160309 -1.5725151300430298 -0.07044243812561035 -0.022846903651952744 0.9972548484802246 -1635.05517578125
* 0.9947934150695801 -0.04755210131406784 0.0901363268494606 -611.922119140625 0.046554189175367355 0.9988260865211487 0.013238037936389446 0.007840514183044434 -0.09065616875886917 -0.008972832933068275 0.995842456817627 -1639.2991943359375
* 0.994675874710083 -0.05682840943336487 0.08596600592136383 -612.8919067382813 0.05054911971092224 0.9960015416145325 0.07363313436508179 2.448380470275879 -0.08980287611484528 -0.06889574229717255 0.9935743808746338 -1644.2552490234375
* 0.996364176273346 -0.029764823615550995 0.07982631772756577 -614.8777465820313 0.02974196895956993 0.9995543956756592 0.0015844330191612244 11.70544719696045 -0.07983405143022537 7.956847548484802E-4 0.9968084096908569 -1648.2628173828125
* 0.9958979487419128 -0.05064518749713898 0.07498092204332352 -604.9003295898438 0.04511910676956177 0.9962531924247742 0.07375425100326538 15.892204284667969 -0.07843144237995148 -0.07006873935461044 0.994454562664032 -1635.68310546875
* 0.9984826445579529 -0.03995666652917862 0.03789032995700836 -597.8209228515625 0.03854365274310112 0.9985494613647461 0.03753645345568657 18.57408332824707 -0.03933126851916313 -0.03601902723312378 0.9985772967338562 -1623.6151123046875
* 0.9988086223602295 -0.04021447151899338 0.027640555053949356 -598.80810546875 0.03881446644663811 0.9980056881904602 0.04973749816417694 20.302358627319336 -0.02958163060247898 -0.048605382442474365 0.9983804225921631 -1629.41015625
* 0.9956897497177124 -0.031625133007764816 0.08718685060739517 -602.8786010742188 0.028639400377869606 0.9989612102508545 0.03538401052355766 22.758865356445313 -0.08821152150630951 -0.032734427601099014 0.9955642819404602 -1637.1326904296875
* 0.998508632183075 -0.04691503569483757 0.027914658188819885 -603.0496215820313 0.04499175772070885 0.9967883229255676 0.06621615588665009 28.292621612548828 -0.03092757612466812 -0.06486154347658157 0.9974154233932495 -1626.3631591796875
* 0.9978492259979248 -0.047057874500751495 0.045631010085344315 -604.60107421875 0.04423501342535019 0.9971432685852051 0.061192501336336136 33.01042938232422 -0.048376329243183136 -0.05904246121644974 0.9970830678939819 -1624.098876953125
* 0.9961487054824829 -0.04175115004181862 0.07709979265928268 -610.2750854492188 0.03473180532455444 0.9953025579452515 0.09034667909145355 36.56369400024414 -0.08050587773323059 -0.08732102066278458 0.992922306060791 -1632.3916015625
* 0.9943073987960815 -0.033805787563323975 0.10104326903820038 -617.771240234375 0.033932410180568695 0.999422013759613 5.51566481590271E-4 40.26889419555664 -0.10099975019693375 0.0028803646564483643 0.9948827028274536 -1641.91796875
* 0.9983411431312561 -0.047880399972200394 0.03197307139635086 -610.7589721679688 0.047213565558195114 0.9986501932144165 0.02155708149075508 43.536888122558594 -0.03295811265707016 -0.020011715590953827 0.9992568492889404 -1618.4427490234375
* 0.9963790774345398 -0.03322772681713104 0.07825914770364761 -617.9904174804688 0.03218361735343933 0.9993723034858704 0.01467579510062933 44.96384048461914 -0.07869382947683334 -0.01210387796163559 0.9968258142471313 -1636.02392578125
* 0.9990758895874023 -0.039980243891477585 0.01577596366405487 -605.69384765625 0.03970850259065628 0.9990525245666504 0.017703168094158173 43.14461898803711 -0.016464803367853165 -0.0170602947473526 0.9997193217277527 -1609.4443359375
* 0.9981892108917236 -0.03836103156208992 0.04633104428648949 -609.2462158203125 0.03866264224052429 0.9992355108261108 -0.005443274974822998 39.61444091796875 -0.04608289897441864 0.007224833592772484 0.9989118576049805 -1626.6353759765625
* 0.9977147579193115 -0.051323965191841125 0.0439416766166687 -606.7606201171875 0.04834495857357979 0.9966093301773071 0.06654716283082962 36.631675720214844 -0.047204241156578064 -0.06427083164453506 0.9968158006668091 -1627.4696044921875
* 0.9969131946563721 -0.025158461183309555 0.07436979562044144 -610.6434326171875 0.025406204164028168 0.9996725916862488 -0.002270139753818512 36.30473709106445 -0.07428450137376785 0.004152752459049225 0.997228741645813 -1644.3358154296875
* 0.9989016056060791 -0.04028644040226936 0.023922372609376907 -601.2102661132813 0.039830926805734634 0.9990127086639404 0.019571512937545776 34.69028091430664 -0.02468324452638626 -0.018597109243273735 0.9995226263999939 -1627.626953125
* 0.9987255930900574 -0.042505525052547455 0.027204196900129318 -598.6362915039063 0.04094672203063965 0.9976005554199219 0.05578918009996414 32.24939727783203 -0.02950630709528923 -0.05460420250892639 0.9980722665786743 -1633.7532958984375
* 0.9992468953132629 -0.03269878774881363 0.02088051475584507 -593.300048828125 0.031712643802165985 0.9984212517738342 0.046315938234329224 30.701290130615234 -0.022358058020472527 -0.04561885446310043 0.9987089037895203 -1631.84423828125
* 0.9972891807556152 -0.019523561000823975 0.0709419697523117 -597.1837768554688 0.02146792598068714 0.9994128346443176 -0.02662591077387333 27.764060974121094 -0.07037666440010071 0.02807696722447872 0.9971253871917725 -1646.6507568359375
* 0.9987109899520874 -0.04998260363936424 0.008822285570204258 -588.0243530273438 0.04903152957558632 0.9949623346328735 0.08741697669029236 24.125871658325195 -0.01314319297671318 -0.08687185496091843 0.9961328506469727 -1621.9295654296875
* 0.9988411068916321 -0.04716084897518158 0.009594643488526344 -589.1380004882813 0.04610125720500946 0.9947646260261536 0.09118130803108215 24.173185348510742 -0.013840651139616966 -0.09063342958688736 0.9957881569862366 -1626.6004638671875
* 0.9983745217323303 -0.04420556500554085 0.03597253933548927 -585.3184204101563 0.041582949459552765 0.9966164231300354 0.07086984813213348 26.447921752929688 -0.038979772478342056 -0.06925885379314423 0.9968369007110596 -1617.7646484375
* 0.9989681839942932 -0.03630785271525383 0.027277793735265732 -585.039794921875 0.03657061234116554 0.9992897510528564 -0.008874751627445221 29.378765106201172 -0.02693227306008339 0.009863309562206268 0.999588668346405 -1618.3824462890625
* 0.9995221495628357 -0.030545877292752266 0.004717470146715641 -577.96533203125 0.03063979558646679 0.9993441700935364 -0.019200962036848068 31.96920394897461 -0.00412389962002635 0.0193365179002285 0.9998044967651367 -1601.114990234375
* 0.9992732405662537 -0.024822993203997612 0.028924748301506042 -581.0185546875 0.025049598887562752 0.9996584057807922 -0.007196101360023022 32.890079498291016 -0.028732318431138992 0.007915602996945381 0.999555766582489 -1612.2982177734375
* 0.9992995262145996 -0.03683488816022873 0.006599133834242821 -575.30615234375 0.03656769543886185 0.998609185218811 0.03793014585971832 32.77385711669922 -0.007983140647411346 -0.037662215530872345 0.9992586374282837 -1602.576904296875
* 0.9995288252830505 -0.02972296066582203 -0.0076494584791362286 -572.2760620117188 0.02992206998169422 0.999208927154541 0.02612030692398548 31.153263092041016 0.006871022284030914 -0.026336781680583954 0.9996294379234314 -1599.18994140625
* 0.99937504529953 -0.03393737971782684 0.009880182333290577 -575.9325561523438 0.03368232026696205 0.9990992546081543 0.025733666494488716 30.307880401611328 -0.010740661062300205 -0.02538471296429634 0.9996199607849121 -1608.9844970703125
* 0.9997850656509399 -0.020624272525310516 0.002071212977170944 -572.066650390625 0.02054297737777233 0.9991114139556885 0.03674601763486862 30.033355712890625 -0.002823240589350462 -0.036695439368486404 0.9993224143981934 -1594.3094482421875
* 0.998186469078064 -0.023066330701112747 -0.05560173839330673 -562.55029296875 0.026485513895750046 0.9977595210075378 0.06140253692865372 25.57866096496582 0.05406494066119194 -0.0627637580037117 0.9965628385543823 -1554.9266357421875
* 0.9989341497421265 -0.04159315302968025 -0.02000952512025833 -572.5046997070313 0.04248568415641785 0.9980359077453613 0.045988310128450394 23.959495544433594 0.01806146651506424 -0.04678940027952194 0.9987413883209229 -1569.809326171875
* 0.9993331432342529 -0.0339604914188385 -0.013406173326075077 -573.53076171875 0.03405725955963135 0.9993971586227417 0.006399623118340969 21.80461883544922 0.013184783980250359 -0.0068518007174134254 0.9998894333839417 -1560.5433349609375
* 0.998609721660614 -0.03242132067680359 -0.041560616344213486 -571.08447265625 0.034082040190696716 0.9986289143562317 0.03967892751097679 15.435165405273438 0.040221262723207474 -0.04104016721248627 0.9983474612236023 -1549.1566162109375
* 0.998212993144989 -0.030289581045508385 -0.05150901526212692 -567.2555541992188 0.031075406819581985 0.9994118213653564 0.014354528859257698 11.043925285339355 0.051048021763563156 -0.015929415822029114 0.9985690116882324 -1540.246826171875
* 0.998202919960022 -0.03559689223766327 -0.048203907907009125 -562.8818969726563 0.03696427121758461 0.9989334344863892 0.027595218271017075 4.438608169555664 0.047174278646707535 -0.029327375814318657 0.9984558820724487 -1534.7801513671875
* 0.9950641989707947 -0.03622377663850784 -0.09238486737012863 -550.7258911132813 0.036918755620718 0.9992997050285339 0.0057304129004478455 -4.890605926513672 0.09211676567792892 -0.009112748317420483 0.99570631980896 -1511.3770751953125
* 0.9951698184013367 -0.0428193099796772 -0.08833716809749603 -551.5130615234375 0.04593208059668541 0.9983835816383362 0.033410847187042236 -11.584137916564941 0.08676789700984955 -0.03730694204568863 0.9955295920372009 -1514.5821533203125
* 0.9955055713653564 -0.040548600256443024 -0.08558262139558792 -555.3925170898438 0.04245636239647865 0.9988861083984375 0.020488141104578972 -19.47951316833496 0.08466067910194397 -0.024029510095715523 0.9961198568344116 -1522.5086669921875
* 0.9958512783050537 -0.03622810170054436 -0.08347337692975998 -554.9524536132813 0.03953536972403526 0.9984852075576782 0.03820941969752312 -29.738096237182617 0.0819668397307396 -0.041350994259119034 0.9957765936851501 -1516.4111328125
* 0.9729694724082947 -0.14209337532520294 0.18204250931739807 -531.3687133789063 0.03423069417476654 0.8683028817176819 0.49484774470329285 -41.713993072509766 -0.2283790558576584 -0.4752415716648102 0.8496986627578735 -1390.8970947265625
* 0.9980413913726807 0.02426084503531456 -0.057654961943626404 -595.3617553710938 -0.022507991641759872 0.999272882938385 0.030710764229297638 -34.01362991333008 0.05836232751607895 -0.029352543875575066 0.9978634715080261 -1494.6590576171875
* 0.9994217157363892 0.02641412988305092 -0.021397734060883522 -608.7342529296875 -0.025475142523646355 0.9987636804580688 0.0426400862634182 -13.893664360046387 0.022501733154058456 -0.04206995293498039 0.9988608360290527 -1524.58447265625
* 0.9980013370513916 0.040573764592409134 -0.04844028502702713 -602.1962280273438 -0.040228888392448425 0.9991573095321655 0.00789498072117567 -4.563723087310791 0.0487239696085453 -0.005930012091994286 0.9987941980361938 -1508.14453125
* 0.9996134638786316 0.006585037801414728 -0.026996120810508728 -604.5930786132813 -0.004325594287365675 0.9965713024139404 0.08260031789541245 0.7260240316390991 0.0274516511708498 -0.08245140314102173 0.9962165355682373 -1517.32275390625
* 0.9995592832565308 0.024231158196926117 -0.017128512263298035 -604.2012329101563 -0.024196481332182884 0.9997036457061768 0.0017213410465046763 11.509613037109375 0.017169278115034103 -0.0013056810712441802 0.9998513460159302 -1523.252685546875
* 0.9988565444946289 0.00879694800823927 0.04698363319039345 -595.5531005859375 -0.009551052004098892 0.9998237490653992 0.01603574864566326 23.209260940551758 -0.04683028161525726 -0.0164658036082983 0.9987667798995972 -1543.1287841796875
* 0.999904453754425 0.012287839315831661 0.006273483857512474 -585.145263671875 -0.012542836368083954 0.9989561438560486 0.04388049244880676 25.639379501342773 -0.00572364404797554 -0.043954674154520035 0.9990168213844299 -1532.93798828125
* 0.9997863173484802 0.020277561619877815 -0.003897320944815874 -586.5007934570313 -0.020121652632951736 0.9991936683654785 0.034688208252191544 31.436607360839844 0.004601675551384687 -0.03460200875997543 0.9993902444839478 -1547.0128173828125
* 0.9997805953025818 0.019771555438637733 -0.006840947084128857 -577.3456420898438 -0.01967540569603443 0.9997247457504272 0.012624438852071762 37.77883529663086 0.007092779502272606 -0.012486662715673447 0.9998965263366699 -1536.819580078125
* 0.9994072318077087 0.030307509005069733 -0.016292940825223923 -569.7119140625 -0.031537916511297226 0.9961216449737549 -0.08211648464202881 41.5198974609375 0.013745123520493507 0.08258230239152908 0.9964891076087952 -1537.5010986328125
* 0.9992330074310303 0.00792830903083086 0.03833222761750221 -565.54296875 -0.00940286461263895 0.9992058277130127 0.03866976127028465 48.05040740966797 -0.03799118474125862 -0.03900023177266121 0.9985163807868958 -1552.0299072265625
* 0.9999250173568726 0.011956661939620972 -0.0023902952671051025 -554.7186279296875 -0.011934309266507626 0.9999107718467712 0.005664236843585968 55.33538055419922 0.0024619176983833313 -0.005634889006614685 0.9999807476997375 -1550.3167724609375
* 0.9994720816612244 -0.01262466236948967 0.029914923012256622 -547.3974609375 0.011564895510673523 0.9992964267730713 0.035622842609882355 63.15048599243164 -0.030339548364281654 -0.03525785729289055 0.9989173412322998 -1557.6849365234375
* 0.9991046190261841 0.006203644443303347 -0.04183287173509598 -537.3184204101563 -0.0058504268527030945 0.9999459981918335 0.008353795856237411 65.9094009399414 0.04188665375113487 -0.008101211860775948 0.9990893006324768 -1548.884521484375
* 0.9985145330429077 0.01670687086880207 -0.05184640362858772 -537.0518188476563 -0.017476139590144157 0.9997388124465942 -0.014587584882974625 68.17289733886719 0.05159337446093559 0.015472464263439178 0.9985480904579163 -1555.8004150390625
* 0.9988336563110352 0.017329834401607513 -0.04504895955324173 -537.5103149414063 -0.01633797585964203 0.9996201395988464 0.02210242487490177 70.13306427001953 0.04541908949613571 -0.021340258419513702 0.9987397789955139 -1557.8148193359375
* 0.9972893595695496 0.0033313236199319363 -0.07349365204572678 -531.5628662109375 0.0016955409664660692 0.9976741075515747 0.06811292469501495 69.81877899169922 0.0735539048910141 -0.06805270165205002 0.9949663281440735 -1537.936279296875
* 0.9998192191123962 0.004413027316331863 -0.018453340977430344 -544.25390625 -0.0034214365296065807 0.9985886216163635 0.05296263098716736 72.1177749633789 0.018665168434381485 -0.05288967117667198 0.9984256029129028 -1567.26416015625
* 0.9995639324188232 -0.0064421286806464195 -0.028791088610887527 -543.7015380859375 0.008398006670176983 0.9976456761360168 0.06803300976753235 75.38142395019531 0.028289208188652992 -0.06824495643377304 0.9972671270370483 -1557.5472412109375
* 0.999647855758667 -0.012892620638012886 -0.023158906027674675 -543.9132690429688 0.014529462903738022 0.9973273873329163 0.07157284021377563 79.30180358886719 0.022178415209054947 -0.07188397645950317 0.9971660375595093 -1553.3182373046875
* 0.9991084933280945 -0.004043737892061472 -0.04200097173452377 -545.656005859375 0.005997112020850182 0.998908281326294 0.046280696988105774 83.0452651977539 0.04177217558026314 -0.046491071581840515 0.9980445504188538 -1550.2559814453125
* 0.9998613595962524 0.014328877441585064 0.008374917320907116 -551.0115966796875 -0.014168861322104931 0.9997378587722778 -0.01786654442548752 89.39815521240234 -0.008624664507806301 0.017745906487107277 0.9998049736022949 -1563.0606689453125
* 0.9988086819648743 -6.960899336263537E-4 -0.04877498373389244 -548.88037109375 0.0010199948446825147 0.999976634979248 0.006440356373786926 94.16443634033203 0.04877357929944992 -0.006482044234871864 0.9987884759902954 -1558.7021484375
* 0.9992554187774658 0.01598023995757103 -0.03509137034416199 -548.8369750976563 -0.01741371676325798 0.9989978671073914 -0.04118087887763977 98.0797348022461 0.034402310848236084 0.04176188260316849 0.9985347986221313 -1564.660888671875
* 0.9997355937957764 -0.00747867114841938 -0.02169962227344513 -549.489013671875 0.00797221902757883 0.9997163414955139 0.022350076586008072 101.8322982788086 0.02153049409389496 -0.022516842931509018 0.9995142817497253 -1572.6724853515625
* 0.9983587861061096 0.0054976725950837135 -0.05698799714446068 -535.3195190429688 -0.0071499343030154705 0.999552309513092 -0.02898162417113781 98.41332244873047 0.056807421147823334 0.029342027381062508 0.9979535937309265 -1543.642333984375
* 0.9986298084259033 -0.014661104418337345 -0.050215981900691986 -538.254150390625 0.01641848310828209 0.9992645382881165 0.034591734409332275 92.20565032958984 0.04967615753412247 -0.03536856174468994 0.9981386065483093 -1552.4556884765625
* 0.9985868334770203 -0.018840378150343895 -0.049672216176986694 -539.9672241210938 0.017653854563832283 0.9995444416999817 -0.024389706552028656 87.80181121826172 0.050113361328840256 0.02347872219979763 0.998467206954956 -1559.2244873046875
* 0.9976309537887573 -0.009698447771370411 -0.06809087842702866 -539.3710327148438 0.006906208116561174 0.9991229176521301 -0.041249241679906845 85.84967041015625 0.06843552738428116 0.040681738406419754 0.9968254566192627 -1560.0423583984375
* 0.9983065128326416 -0.011847849935293198 -0.05693637207150459 -535.4908447265625 0.013836117461323738 0.9993067383766174 0.03450243920087814 80.7774887084961 0.056492406874895096 -0.03523154556751251 0.9977809190750122 -1550.6533203125
* 0.9962876439094543 -0.006609034258872271 -0.08582129329442978 -530.1537475585938 0.007664849981665611 0.9998979568481445 0.011878523975610733 71.81574249267578 0.08573839068412781 -0.012491904199123383 0.9962391257286072 -1535.0048828125
* 0.9956067204475403 -0.007721990346908569 -0.09330406785011292 -528.7884521484375 0.009355699643492699 0.999809741973877 0.016992399469017982 58.654762268066406 0.09315947443246841 -0.01779036410152912 0.9954920411109924 -1524.486328125
* 0.9961937665939331 -0.0139039047062397 -0.0860380083322525 -533.2115478515625 0.01751277595758438 0.998993992805481 0.04123259335756302 47.752105712890625 0.08538252860307693 -0.04258221387863159 0.9954376816749573 -1531.923095703125
* 0.9913241267204285 -0.008401032537221909 -0.1311633586883545 -521.8768920898438 0.012344983406364918 0.999494731426239 0.02921893820166588 34.1357421875 0.13085609674453735 -0.030584389343857765 0.9909293055534363 -1499.211181640625
* 0.9949349164962769 -0.021599819883704185 -0.09816224873065948 -528.4927978515625 0.026941390708088875 0.9982112646102905 0.05333125963807106 20.535303115844727 0.09683911502361298 -0.05570562556385994 0.9937397837638855 -1524.0615234375
* 0.995298445224762 -0.02339719422161579 -0.0939755067229271 -534.166748046875 0.025621918961405754 0.9994177222251892 0.02244473807513714 8.582305908203125 0.0934000238776207 -0.02474682591855526 0.9953209757804871 -1543.4656982421875
* 0.9972865581512451 -0.01334755215793848 -0.07238229364156723 -540.8777465820313 0.016087576746940613 0.9991732239723206 0.03728530555963516 0.8015487790107727 0.07182911783456802 -0.038348376750946045 0.996679425239563 -1561.821533203125
* 0.9989402294158936 -0.019510654732584953 -0.04166094586253166 -540.1173706054688 0.021533507853746414 0.9985910654067993 0.048460058867931366 -1.261876106262207 0.040661025792360306 -0.04930565878748894 0.9979556798934937 -1563.8575439453125
* 0.997999906539917 -0.017005590721964836 -0.0608677864074707 -543.2664184570313 0.01898845285177231 0.9993054270744324 0.032004691660404205 1.1672465801239014 0.06028556823730469 -0.03309625759720802 0.9976322650909424 -1575.21826171875
* 0.9988332390785217 -0.025821125134825706 -0.040782418102025986 -539.6613159179688 0.028635211288928986 0.997149646282196 0.06977660953998566 4.924334526062012 0.03886871784925461 -0.07086294889450073 0.9967283010482788 -1568.181396484375
* 0.9978339076042175 -0.036102648824453354 -0.05497215688228607 -536.4619140625 0.040026940405368805 0.9966078400611877 0.07188074290752411 10.902790069580078 0.05219489336013794 -0.07392538338899612 0.9958967566490173 -1565.0784912109375
* 0.999271810054779 -0.012949167750775814 -0.035859376192092896 -538.7870483398438 0.014063190668821335 0.9994263052940369 0.03074822574853897 16.25708770751953 0.03544490039348602 -0.031229883432388306 0.9988833665847778 -1579.9420166015625
* 0.999557375907898 -0.02584211342036724 -0.014662805944681168 -536.4620361328125 0.026744600385427475 0.9975600838661194 0.06445673108100891 20.553363800048828 0.012965522706508636 -0.06482024490833282 0.9978125691413879 -1578.6121826171875
* 0.998511791229248 -0.00582824507728219 -0.054203253239393234 -538.5534057617188 0.006661682855337858 0.9998626708984375 0.015049666166305542 25.467193603515625 0.05411241203546524 -0.01538802683353424 0.9984160661697388 -1587.586669921875
* 0.9999469518661499 2.9909773729741573E-5 -0.010193932801485062 -537.83447265625 -6.981287151575089E-5 0.9999868273735046 -0.0047575123608112335 31.470338821411133 0.010197848081588745 0.004758377559483051 0.9999364614486694 -1582.4390869140625
* 0.9990876913070679 -0.023276574909687042 -0.03577415272593498 -535.2468872070313 0.024724606424570084 0.9988783597946167 0.040335580706596375 37.293243408203125 0.03479944169521332 -0.04118310287594795 0.9985452890396118 -1568.9178466796875
* 0.9988324046134949 -0.031086614355444908 -0.03695036843419075 -535.794189453125 0.03296451270580292 0.998147189617157 0.0511062853038311 41.384071350097656 0.035297468304634094 -0.05226454883813858 0.9980091452598572 -1570.4400634765625
* 0.9980011582374573 -0.026161475107073784 -0.05750923231244087 -535.35400390625 0.027689075097441673 0.9992823600769043 0.025776809081435204 44.50637435913086 0.05679794028401375 -0.027317455038428307 0.9980118274688721 -1566.624755859375
* 0.9990967512130737 -0.01583322137594223 -0.03940829262137413 -543.9564819335938 0.015805084258317947 0.9998725056648254 -0.0012436136603355408 48.66230392456055 0.0394272580742836 6.199702620506287E-4 0.9992222189903259 -1584.3486328125
* 0.9994688630104065 -0.015925684943795204 -0.02839718572795391 -549.6275024414063 0.015430549159646034 0.999719500541687 -0.01787000522017479 55.53936767578125 0.028678081929683685 0.01742270588874817 0.9994368553161621 -1588.1475830078125
* 0.9990038871765137 -0.019569164142012596 -0.04007996991276741 -544.932373046875 0.020563729107379913 0.9994904398918152 0.024337388575077057 60.288753509521484 0.039587583392858505 -0.025137092918157578 0.9988998174667358 -1565.83544921875
* 0.9992955923080444 -0.01948447711765766 -0.0320441834628582 -547.984130859375 0.020105192437767982 0.9996173977851868 0.01889287307858467 63.120296478271484 0.03166808933019638 -0.019523555412888527 0.9993076920509338 -1568.7230224609375
* 0.9992933869361877 -0.025724142789840698 -0.02736849896609783 -549.8860473632813 0.026069004088640213 0.9995861649513245 0.012001770548522472 69.69094848632813 0.02705272100865841 -0.012706502340734005 0.9995531439781189 -1572.71630859375
