#
#
#
#
#
#
#
#
#
#
#
#
#
#
#
#
#
#
#
#
#
#
#
#
#
#
#
#
#
#
#
#
#
#
#
#
#
#
#
#
#
#
#
#
#
#
#
#
#
#
#
#
#
#
#
#
#
#
#
#
#
#
#
#
#
#
#
#
#
#
#
#
#
#
#
#
#
#
#
#
#
#
#
#
#
#
#
#
#
#
#
#
#
#
#
#
#
#
#
#
#
#
#
#
#
#
#
#
#
#
#
#
#
#
#
#
#
#
#
#
#
#
#
#
#
#
#
#
#
#
#
#
#
#
#
#
#
#
#
#
#
#
#
#
#
#
#
#
#
#
#
#
#
#
#
#
#
#
#
#
#
#
#
#
#
#
#
#
#
#
#
#
#
#
#
#
#
#
#
#
#
#
#
#
#
#
#
#
#
#
#
#
#
#
#
#
#
#
#
#
#
#
#
#
#
#
#
#
#
#
#
#
#
#
#
#
#
#
#
#
#
#
#
#
#
#
#
#
#
#
#
#
#
#
#
#
#
#
#
#
#
#
#
#
#
#
#
#
#
#
#
#
#
#
#
#
#
#
#
#
#
#
#
#
#
#
#
#
#
#
#
#
#
#
#
#
#
#
#
#
#
#
#
#
#
#
#
#
#
#
#
#
#
#
#
#
#
#
#
#
#
#
#
#
#
#
#
#
#
#
#
#
#
#
#
#
#
#
#
#
#
#
#
#
#
#
#
#
#
#
#
#
#
#
#
#
#
#
#
#
#
#
#
#
#
#
#
#
#
#
#
#
#
#
#
#
#
#
#
#
#
#
#
#
#
#
#
#
#
#
#
#
#
#
#
#
#
#
#
#
#
#
#
#
#
#
#
#
#
#
#
#
#
#
#
#
#
#
#
#
#
#
#
#
#
#
#
#
#
#
#
#
#
#
#
#
#
#
#
#
#
#
#
#
#
#
#
#
#
#
#
#
#
#
#
#
#
#
#
#
#
#
#
#
#
#
#
#
#
#
#
#
#
#
#
#
#
#
#
#
#
#
#
#
#
#
#
#
#
#
#
#
#
#
#
#
#
#
#
#
#
#
#
#
#
#
#
#
#
#
#
#
#
#
#
#
#
#
#
#
#
#
#
#
#
#
#
#
#
#
#
#
#
#
#
#
#
#
#
#
#
#
#
#
#
#
#
#
#
#
#
#
#
#
#
#
#
#
#
#
#
#
#
#
#
#
#
#
#
#
#
#
#
#
#
#
#
#
#
#
#
#
#
#
#
#
#
#
#
#
#
#
#
#
#
#
#
#
#
#
#
#
#
#
#
#
#
#
#
#
#
#
#
#
#
#
#
#
#
#
#
#
#
#
#
#
#
#
#
#
#
#
#
#
#
#
#
#
#
#
#
#
#
#
#
#
#
#
#
#
#
#
#
#
#
#
#
#
#
#
#
#
#
#
#
#
#
#
#
#
#
#
#
#
#
#
#
#
#
#
#
#
#
#
#
#
#
#
#
#
#
#
#
#
#
#
#
#
#
#
#
#
#
#
#
#
#
#
*1 0.9277783632278442 -0.09903369098901749 0.35937321186065674 -360.9381103515625
*1 0.9277783632278442 -0.09903369098901749 0.35937321186065674 -360.9381103515625
*2 0.0025453492999076843 0.965312123298645 0.2611393332481384 -424.2359924316406
*1 0.9277783632278442 -0.09903369098901749 0.35937321186065674 -360.9381103515625
*2 0.0025453492999076843 0.965312123298645 0.2611393332481384 -424.2359924316406
*3 -0.37329840660095215 -0.2415287047624588 0.8958538174629211 -2063.144775390625
*1 0.9036280512809753 -0.12639209628105164 0.4089142978191376 -356.0829162597656
*1 0.9036280512809753 -0.12639209628105164 0.4089142978191376 -356.0829162597656
*2 -0.026605715975165367 0.9364824295043945 0.34974366426467896 -412.50579833984375
*1 0.9036280512809753 -0.12639209628105164 0.4089142978191376 -356.0829162597656
*2 -0.026605715975165367 0.9364824295043945 0.34974366426467896 -412.50579833984375
*3 -0.4276725649833679 -0.3270849287509918 0.8428246974945068 -2024.33740234375
*1 0.9185333847999573 -0.12232604622840881 0.3755826950073242 -353.95111083984375
*1 0.9185333847999573 -0.12232604622840881 0.3755826950073242 -353.95111083984375
*2 0.0029551717452704906 0.9524850249290466 0.30461689829826355 -408.04693603515625
*1 0.9185333847999573 -0.12232604622840881 0.3755826950073242 -353.95111083984375
*2 0.0029551717452704906 0.9524850249290466 0.30461689829826355 -408.04693603515625
*3 -0.3955300450325012 -0.2788509428501129 0.8752370476722717 -2018.9122314453125
*1 0.9034218192100525 -0.13101230561733246 0.40791475772857666 -347.6475524902344
*1 0.9034218192100525 -0.13101230561733246 0.40791475772857666 -347.6475524902344
*2 -0.016750667244195938 0.9400994777679443 0.34052959084510803 -400.18646240234375
*1 0.9034218192100525 -0.13101230561733246 0.40791475772857666 -347.6475524902344
*2 -0.016750667244195938 0.9400994777679443 0.34052959084510803 -400.18646240234375
*3 -0.428622305393219 -0.31463733315467834 0.8470702767372131 -1996.3446044921875
*1 0.9076074361801147 -0.1155862882733345 0.4032595455646515 -349.457275390625
*1 0.9076074361801147 -0.1155862882733345 0.4032595455646515 -349.457275390625
*2 -0.009562340565025806 0.9549241065979004 0.2967432141304016 -403.81549072265625
*1 0.9076074361801147 -0.1155862882733345 0.4032595455646515 -349.457275390625
*2 -0.009562340565025806 0.9549241065979004 0.2967432141304016 -403.81549072265625
*3 -0.4199109673500061 -0.2733446955680847 0.8655629754066467 -2018.5498046875
*1 0.9008158445358276 -0.13276489078998566 0.41307854652404785 -341.40447998046875
*1 0.9008158445358276 -0.13276489078998566 0.41307854652404785 -341.40447998046875
*2 -0.023602019995450974 0.9351495504379272 0.3535057008266449 -396.79144287109375
*1 0.9008158445358276 -0.13276489078998566 0.41307854652404785 -341.40447998046875
*2 -0.023602019995450974 0.9351495504379272 0.3535057008266449 -396.79144287109375
*3 -0.43375054001808167 -0.32835739850997925 0.8392161130905151 -1980.75390625
*1 0.895028293132782 -0.11440873146057129 0.43077215552330017 -342.0259094238281
*1 0.895028293132782 -0.11440873146057129 0.43077215552330017 -342.0259094238281
*2 -0.03898770734667778 0.9422508478164673 0.33267316222190857 -396.1402893066406
*1 0.895028293132782 -0.11440873146057129 0.43077215552330017 -342.0259094238281
*2 -0.03898770734667778 0.9422508478164673 0.33267316222190857 -396.1402893066406
*3 -0.4444807171821594 -0.3147175908088684 0.8388274908065796 -1980.3592529296875
*1 0.9158422946929932 -0.08704676479101181 0.3916444778442383 -345.8941345214844
*1 0.9158422946929932 -0.08704676479101181 0.3916444778442383 -345.8941345214844
*2 -0.01605367474257946 0.9670752882957458 0.25403881072998047 -397.3421936035156
*1 0.9158422946929932 -0.08704676479101181 0.3916444778442383 -345.8941345214844
*2 -0.01605367474257946 0.9670752882957458 0.25403881072998047 -397.3421936035156
*3 -0.40139058232307434 -0.23911626636981964 0.8842798471450806 -1995.362060546875
*1 0.9106689691543579 -0.08102589845657349 0.4047795236110687 -350.1398010253906
*1 0.9106689691543579 -0.08102589845657349 0.4047795236110687 -350.1398010253906
*2 -0.015444822609424591 0.9728476405143738 0.23099111020565033 -397.01348876953125
*1 0.9106689691543579 -0.08102589845657349 0.4047795236110687 -350.1398010253906
*2 -0.015444822609424591 0.9728476405143738 0.23099111020565033 -397.01348876953125
*3 -0.4130331873893738 -0.21677598357200623 0.8846771121025085 -1999.0618896484375
*1 0.9293780326843262 -0.08620352298021317 0.3585456609725952 -361.3301086425781
*1 0.9293780326843262 -0.08620352298021317 0.3585456609725952 -361.3301086425781
*2 -0.007198855746537447 0.9674635529518127 0.2529628872871399 -408.90728759765625
*1 0.9293780326843262 -0.08620352298021317 0.3585456609725952 -361.3301086425781
*2 -0.007198855746537447 0.9674635529518127 0.2529628872871399 -408.90728759765625
*3 -0.36921390891075134 -0.2378489077091217 0.8985269665718079 -2027.511474609375
*1 0.8922040462493896 -0.10609036684036255 0.43868717551231384 -364.5709228515625
*1 0.8922040462493896 -0.10609036684036255 0.43868717551231384 -364.5709228515625
*2 -0.031274858862161636 0.9547264575958252 0.2958836555480957 -414.9239501953125
*1 0.8922040462493896 -0.10609036684036255 0.43868717551231384 -364.5709228515625
*2 -0.031274858862161636 0.9547264575958252 0.2958836555480957 -414.9239501953125
*3 -0.45074278116226196 -0.2778763771057129 0.8484441041946411 -2008.5347900390625
*1 0.8997154235839844 -0.11517013609409332 0.4206872880458832 -365.9930419921875
*1 0.8997154235839844 -0.11517013609409332 0.4206872880458832 -365.9930419921875
*2 -0.03284282982349396 0.9434346556663513 0.329970121383667 -415.7680358886719
*1 0.8997154235839844 -0.11517013609409332 0.4206872880458832 -365.9930419921875
*2 -0.03284282982349396 0.9434346556663513 0.329970121383667 -415.7680358886719
*3 -0.43541935086250305 -0.3108655512332916 0.8449937105178833 -1989.343017578125
*1 0.9086247086524963 -0.1042117327451706 0.40406784415245056 -371.75762939453125
*1 0.9086247086524963 -0.1042117327451706 0.40406784415245056 -371.75762939453125
*2 -0.051365241408348083 0.9325092434883118 0.35751333832740784 -417.0487976074219
*1 0.9086247086524963 -0.1042117327451706 0.40406784415245056 -371.75762939453125
*2 -0.051365241408348083 0.9325092434883118 0.35751333832740784 -417.0487976074219
*3 -0.41457608342170715 -0.34578219056129456 0.8419044613838196 -2010.78662109375
*1 0.9298998713493347 -0.1001109704375267 0.3535445034503937 -377.58917236328125
*1 0.9298998713493347 -0.1001109704375267 0.3535445034503937 -377.58917236328125
*2 -0.01986437663435936 0.9465461373329163 0.321999192237854 -411.9402160644531
*1 0.9298998713493347 -0.1001109704375267 0.3535445034503937 -377.58917236328125
*2 -0.01986437663435936 0.9465461373329163 0.321999192237854 -411.9402160644531
*3 -0.3674074709415436 -0.3066263496875763 0.8781992197036743 -2035.8319091796875
*1 0.9126676917076111 -0.09420786798000336 0.3973565101623535 -371.8918151855469
*1 0.9126676917076111 -0.09420786798000336 0.3973565101623535 -371.8918151855469
*2 -0.0407366007566452 0.946707546710968 0.3195513188838959 -393.15093994140625
*1 0.9126676917076111 -0.09420786798000336 0.3973565101623535 -371.8918151855469
*2 -0.0407366007566452 0.946707546710968 0.3195513188838959 -393.15093994140625
*3 -0.40680837631225586 -0.3080107271671295 0.8601617217063904 -2007.8382568359375
*1 0.9247485995292664 -0.08539535850286484 0.37050965428352356 -376.90118408203125
*1 0.9247485995292664 -0.08539535850286484 0.37050965428352356 -376.90118408203125
*2 -0.031480737030506134 0.953444242477417 0.299967885017395 -388.29522705078125
*1 0.9247485995292664 -0.08539535850286484 0.37050965428352356 -376.90118408203125
*2 -0.031480737030506134 0.953444242477417 0.299967885017395 -388.29522705078125
*3 -0.37940043210983276 -0.2892390787601471 0.8789982795715332 -2027.5284423828125
*1 0.9221537709236145 -0.10025735944509506 0.3732433617115021 -380.02301025390625
*1 0.9221537709236145 -0.10025735944509506 0.3732433617115021 -380.02301025390625
*2 -0.017898064106702805 0.9531891942024231 0.30189022421836853 -383.0217590332031
*1 0.9221537709236145 -0.10025735944509506 0.3732433617115021 -380.02301025390625
*2 -0.017898064106702805 0.9531891942024231 0.30189022421836853 -383.0217590332031
*3 -0.3865652084350586 -0.2852417826652527 0.8771809935569763 -2035.2890625
*1 0.9126648306846619 -0.07944922149181366 0.40057533979415894 -375.88726806640625
*1 0.9126648306846619 -0.07944922149181366 0.40057533979415894 -375.88726806640625
*2 -0.05439149960875511 0.9480502605438232 0.31348058581352234 -370.4620056152344
*1 0.9126648306846619 -0.07944922149181366 0.40057533979415894 -375.88726806640625
*2 -0.05439149960875511 0.9480502605438232 0.31348058581352234 -370.4620056152344
*3 -0.4051925539970398 -0.3080773651599884 0.8609002828598022 -1996.6396484375
*1 0.9078810214996338 -0.09651952236890793 0.4076344668865204 -378.755615234375
*1 0.9078810214996338 -0.09651952236890793 0.4076344668865204 -378.755615234375
*2 -0.033979251980781555 0.9524931311607361 0.3027045726776123 -367.9657897949219
*1 0.9078810214996338 -0.09651952236890793 0.4076344668865204 -378.755615234375
*2 -0.033979251980781555 0.9524931311607361 0.3027045726776123 -367.9657897949219
*3 -0.41801121830940247 -0.28884562849998474 0.8614388108253479 -2004.182861328125
*1 0.905051052570343 -0.08356652408838272 0.4166882336139679 -380.4707336425781
*1 0.905051052570343 -0.08356652408838272 0.4166882336139679 -380.4707336425781
*2 -0.005252099595963955 0.9779177308082581 0.20899106562137604 -368.5590515136719
*1 0.905051052570343 -0.08356652408838272 0.4166882336139679 -380.4707336425781
*2 -0.005252099595963955 0.9779177308082581 0.20899106562137604 -368.5590515136719
*3 -0.42548173666000366 -0.19149741530418396 0.884610652923584 -2011.681396484375
*1 0.9167290329933167 -0.08609920740127563 0.3897751569747925 -377.43115234375
*1 0.9167290329933167 -0.08609920740127563 0.3897751569747925 -377.43115234375
*2 -0.008092383854091167 0.9719069600105286 0.23528552055358887 -368.6095886230469
*1 0.9167290329933167 -0.08609920740127563 0.3897751569747925 -377.43115234375
*2 -0.008092383854091167 0.9719069600105286 0.23528552055358887 -368.6095886230469
*3 -0.3996121883392334 -0.21901313960552216 0.8902726173400879 -2002.8203125
*1 0.9143747687339783 -0.06693678349256516 0.39895865321159363 -375.3298034667969
*1 0.9143747687339783 -0.06693678349256516 0.39895865321159363 -375.3298034667969
*2 -0.015462521463632584 0.9794232845306396 0.20129276812076569 -370.76141357421875
*1 0.9143747687339783 -0.06693678349256516 0.39895865321159363 -375.3298034667969
*2 -0.015462521463632584 0.9794232845306396 0.20129276812076569 -370.76141357421875
*3 -0.40475133061408997 -0.19039513170719147 0.8945211172103882 -2007.0931396484375
*1 0.8978530168533325 -0.10079418122768402 0.4282875955104828 -369.6356506347656
*1 0.8978530168533325 -0.10079418122768402 0.4282875955104828 -369.6356506347656
*2 -0.05505034327507019 0.9395676851272583 0.3379494845867157 -367.0676574707031
*1 0.8978530168533325 -0.10079418122768402 0.4282875955104828 -369.6356506347656
*2 -0.05505034327507019 0.9395676851272583 0.3379494845867157 -367.0676574707031
*3 -0.43699029088020325 -0.32718634605407715 0.8379920125007629 -1994.804443359375
*1 0.9724479913711548 -0.07385440170764923 0.22049959003925323 -372.541748046875
*1 0.9724479913711548 -0.07385440170764923 0.22049959003925323 -372.541748046875
*2 0.01597139984369278 0.9665427803993225 0.25606197118759155 -370.1706237792969
*1 0.9724479913711548 -0.07385440170764923 0.22049959003925323 -372.541748046875
*2 0.01597139984369278 0.9665427803993225 0.25606197118759155 -370.1706237792969
*3 -0.23255228996276855 -0.24566254019737244 0.9411754608154297 -2023.29833984375
*1 0.9251918196678162 -0.06353259086608887 0.3737826645374298 -370.3330383300781
*1 0.9251918196678162 -0.06353259086608887 0.3737826645374298 -370.3330383300781
*2 -0.007803351618349552 0.9821736216545105 0.1878875344991684 -363.9082336425781
*1 0.9251918196678162 -0.06353259086608887 0.3737826645374298 -370.3330383300781
*2 -0.007803351618349552 0.9821736216545105 0.1878875344991684 -363.9082336425781
*3 -0.3795846700668335 -0.17691673338413239 0.9082167744636536 -2022.380859375
*1 0.9447862505912781 -0.07802113890647888 0.31783849000930786 -371.9187927246094
*1 0.9447862505912781 -0.07802113890647888 0.31783849000930786 -371.9187927246094
*2 0.0022206632420420647 0.9722532033920288 0.23397959768772125 -361.3368835449219
*1 0.9447862505912781 -0.07802113890647888 0.31783849000930786 -371.9187927246094
*2 0.0022206632420420647 0.9722532033920288 0.23397959768772125 -361.3368835449219
*3 -0.32780134677886963 -0.22052504122257233 0.9187800288200378 -2035.760009765625
*1 0.8832281231880188 -0.09804443269968033 0.458284854888916 -361.1341857910156
*1 0.8832281231880188 -0.09804443269968033 0.458284854888916 -361.1341857910156
*2 -0.059768810868263245 0.9459207653999329 0.3188873529434204 -346.1825256347656
*1 0.8832281231880188 -0.09804443269968033 0.458284854888916 -361.1341857910156
*2 -0.059768810868263245 0.9459207653999329 0.3188873529434204 -346.1825256347656
*3 -0.4652872085571289 -0.30921947956085205 0.8295378088951111 -1984.073974609375
*1 0.9232392907142639 -0.08313485980033875 0.374763160943985 -366.0816955566406
*1 0.9232392907142639 -0.08313485980033875 0.374763160943985 -366.0816955566406
*2 -0.03491193801164627 0.9535761475563049 0.29916760325431824 -345.0957946777344
*1 0.9232392907142639 -0.08313485980033875 0.374763160943985 -366.0816955566406
*2 -0.03491193801164627 0.9535761475563049 0.29916760325431824 -345.0957946777344
*3 -0.3827601671218872 -0.28946852684020996 0.8774648308753967 -2013.9195556640625
*1 0.9388641119003296 -0.06333471834659576 0.3380124568939209 -366.62939453125
*1 0.9388641119003296 -0.06333471834659576 0.3380124568939209 -366.62939453125
*2 -0.027017395943403244 0.9658299088478088 0.2578181028366089 -339.5129699707031
*1 0.9388641119003296 -0.06333471834659576 0.3380124568939209 -366.62939453125
*2 -0.027017395943403244 0.9658299088478088 0.2578181028366089 -339.5129699707031
*3 -0.34331417083740234 -0.25137200951576233 0.9050908088684082 -2016.23486328125
*1 0.9092774987220764 -0.09967006742954254 0.4037449061870575 -365.2041320800781
*1 0.9092774987220764 -0.09967006742954254 0.4037449061870575 -365.2041320800781
*2 -0.03879968076944351 0.9458288550376892 0.32238173484802246 -335.0314636230469
*1 0.9092774987220764 -0.09967006742954254 0.4037449061870575 -365.2041320800781
*2 -0.03879968076944351 0.9458288550376892 0.32238173484802246 -335.0314636230469
*3 -0.4145295321941376 -0.30897682905197144 0.8561193943023682 -2003.2493896484375
*1 0.9214025139808655 -0.06272906064987183 0.383160799741745 -368.85137939453125
*1 0.9214025139808655 -0.06272906064987183 0.383160799741745 -368.85137939453125
*2 -0.015121416188776493 0.9800190925598145 0.19839729368686676 -337.5066223144531
*1 0.9214025139808655 -0.06272906064987183 0.383160799741745 -368.85137939453125
*2 -0.015121416188776493 0.9800190925598145 0.19839729368686676 -337.5066223144531
*3 -0.38847747445106506 -0.18876862525939941 0.9020496010780334 -2019.9520263671875
*1 0.9165807366371155 -0.08107559382915497 0.39119845628738403 -365.94329833984375
*1 0.9165807366371155 -0.08107559382915497 0.39119845628738403 -365.94329833984375
*2 -0.0347629152238369 0.95887690782547 0.28173428773880005 -336.3784484863281
*1 0.9165807366371155 -0.08107559382915497 0.39119845628738403 -365.94329833984375
*2 -0.0347629152238369 0.95887690782547 0.28173428773880005 -336.3784484863281
*3 -0.3984772562980652 -0.27201047539711 0.8760524988174438 -2010.063232421875
*1 0.9234801530838013 -0.05930757895112038 0.3786776065826416 -363.32171630859375
*1 0.9234801530838013 -0.05930757895112038 0.3786776065826416 -363.32171630859375
*2 -0.02075888216495514 0.9784557819366455 0.20547756552696228 -335.5356140136719
*1 0.9234801530838013 -0.05930757895112038 0.3786776065826416 -363.32171630859375
*2 -0.02075888216495514 0.9784557819366455 0.20547756552696228 -335.5356140136719
*3 -0.3832317590713501 -0.19778984785079956 0.9023604989051819 -2002.1580810546875
*1 0.9025683999061584 -0.09042886644601822 0.42062193155288696 -361.71307373046875
*1 0.9025683999061584 -0.09042886644601822 0.42062193155288696 -361.71307373046875
*2 -0.04223908111453056 0.9539061784744263 0.29716432094573975 -335.10467529296875
*1 0.9025683999061584 -0.09042886644601822 0.42062193155288696 -361.71307373046875
*2 -0.04223908111453056 0.9539061784744263 0.29716432094573975 -335.10467529296875
*3 -0.42862987518310547 -0.2861550450325012 0.8571077585220337 -2002.466796875
*1 0.9412001967430115 -0.06816256046295166 0.3304935097694397 -363.1108093261719
*1 0.9412001967430115 -0.06816256046295166 0.3304935097694397 -363.1108093261719
*2 -0.026440052315592766 0.9609971046447754 0.27534249424934387 -333.67767333984375
*1 0.9412001967430115 -0.06816256046295166 0.3304935097694397 -363.1108093261719
*2 -0.026440052315592766 0.9609971046447754 0.27534249424934387 -333.67767333984375
*3 -0.33689361810684204 -0.268075168132782 0.9027072191238403 -2013.1434326171875
*1 0.9449253082275391 -0.03987712413072586 0.32443147897720337 -371.1640319824219
*1 0.9449253082275391 -0.03987712413072586 0.32443147897720337 -371.1640319824219
*2 -0.020922595635056496 0.9827896356582642 0.18361541628837585 -334.9334411621094
*1 0.9449253082275391 -0.03987712413072586 0.32443147897720337 -371.1640319824219
*2 -0.020922595635056496 0.9827896356582642 0.18361541628837585 -334.9334411621094
*3 -0.3266924023628235 -0.18047089874744415 0.9278707504272461 -2053.06396484375
*1 0.952780544757843 -0.04074476659297943 0.300464391708374 -369.4934997558594
*1 0.952780544757843 -0.04074476659297943 0.300464391708374 -369.4934997558594
*2 -0.0020485129207372665 0.9897717237472534 0.14274349808692932 -324.7476806640625
*1 0.952780544757843 -0.04074476659297943 0.300464391708374 -369.4934997558594
*2 -0.0020485129207372665 0.9897717237472534 0.14274349808692932 -324.7476806640625
*3 -0.3037307858467102 -0.13678891956806183 0.9430155158042908 -2032.2088623046875
*1 0.9543690085411072 -0.020470216870307922 0.29747357964515686 -371.18939208984375
*1 0.9543690085411072 -0.020470216870307922 0.29747357964515686 -371.18939208984375
*2 0.005202739033848047 0.9985376000404358 0.05407032370567322 -316.86566162109375
*1 0.9543690085411072 -0.020470216870307922 0.29747357964515686 -371.18939208984375
*2 0.005202739033848047 0.9985376000404358 0.05407032370567322 -316.86566162109375
*3 -0.29866963624954224 -0.050215549767017365 0.9531614780426025 -2028.3499755859375
*1 0.9247168898582458 -0.061333317309617996 0.375322163105011 -370.915283203125
*1 0.9247168898582458 -0.061333317309617996 0.375322163105011 -370.915283203125
*2 -0.009790271520614624 0.9824596047401428 0.18629398941993713 -308.43695068359375
*1 0.9247168898582458 -0.061333317309617996 0.375322163105011 -370.915283203125
*2 -0.009790271520614624 0.9824596047401428 0.18629398941993713 -308.43695068359375
*3 -0.38069260120391846 -0.176112562417984 0.9079094529151917 -2021.9093017578125
*1 0.9501544833183289 -0.027990981936454773 0.3100851774215698 -372.4536437988281
*1 0.9501544833183289 -0.027990981936454773 0.3100851774215698 -372.4536437988281
*2 0.009694872424006462 0.9980214238166809 0.06234902888536453 -304.5728759765625
*1 0.9501544833183289 -0.027990981936454773 0.3100851774215698 -372.4536437988281
*2 0.009694872424006462 0.9980214238166809 0.06234902888536453 -304.5728759765625
*3 -0.31174296140670776 -0.056393057107925415 0.9486191272735596 -2019.3472900390625
*1 0.9316918253898621 -0.06880805641412735 0.3562944829463959 -373.79693603515625
*1 0.9316918253898621 -0.06880805641412735 0.3562944829463959 -373.79693603515625
*2 -0.00952709186822176 0.9765350222587585 0.2152133584022522 -304.4165954589844
*1 0.9316918253898621 -0.06880805641412735 0.3562944829463959 -373.79693603515625
*2 -0.00952709186822176 0.9765350222587585 0.2152133584022522 -304.4165954589844
*3 -0.36326926946640015 -0.2040780931711197 0.9091917872428894 -2025.0443115234375
*1 0.9126800298690796 -0.08188256621360779 0.400050550699234 -368.2037048339844
*1 0.9126800298690796 -0.08188256621360779 0.400050550699234 -368.2037048339844
*2 -0.01649259217083454 0.9711574912071228 0.23792706429958344 -300.4714050292969
*1 0.9126800298690796 -0.08188256621360779 0.400050550699234 -368.2037048339844
*2 -0.01649259217083454 0.9711574912071228 0.23792706429958344 -300.4714050292969
*3 -0.4085218906402588 -0.22391803562641144 0.8849930763244629 -1993.1104736328125
*1 0.9021942615509033 -0.03929494321346283 0.42922213673591614 -368.9911804199219
*1 0.9021942615509033 -0.03929494321346283 0.42922213673591614 -368.9911804199219
*2 -0.0019325088942423463 0.9953351020812988 0.09660424292087555 -302.23162841796875
*1 0.9021942615509033 -0.03929494321346283 0.42922213673591614 -368.9911804199219
*2 -0.0019325088942423463 0.9953351020812988 0.09660424292087555 -302.23162841796875
*3 -0.4315466284751892 -0.08814521878957748 0.8979088068008423 -1997.4200439453125
*1 0.9047589898109436 -0.064808189868927 0.42064371705055237 -370.5293884277344
*1 0.9047589898109436 -0.064808189868927 0.42064371705055237 -370.5293884277344
*2 -0.021778341382741928 0.9797235727310181 0.19923704862594604 -302.71502685546875
*1 0.9047589898109436 -0.064808189868927 0.42064371705055237 -370.5293884277344
*2 -0.021778341382741928 0.9797235727310181 0.19923704862594604 -302.71502685546875
*3 -0.4255541265010834 -0.1895924061536789 0.8849862217903137 -2003.69384765625
*1 0.9342108964920044 -0.09457045793533325 0.3435642719268799 -375.172119140625
*1 0.9342108964920044 -0.09457045793533325 0.3435642719268799 -375.172119140625
*2 -0.002770397812128067 0.9617300629615784 0.27403581142425537 -303.93951416015625
*1 0.9342108964920044 -0.09457045793533325 0.3435642719268799 -375.172119140625
*2 -0.002770397812128067 0.9617300629615784 0.27403581142425537 -303.93951416015625
*3 -0.356859415769577 -0.2571284770965576 0.898208498954773 -2023.4752197265625
*1 0.9237112402915955 -0.06054580211639404 0.37791773676872253 -374.3238830566406
*1 0.9237112402915955 -0.06054580211639404 0.37791773676872253 -374.3238830566406
*2 -0.017524858936667442 0.9793764352798462 0.20135222375392914 -300.9046630859375
*1 0.9237112402915955 -0.06054580211639404 0.37791773676872253 -374.3238830566406
*2 -0.017524858936667442 0.9793764352798462 0.20135222375392914 -300.9046630859375
*3 -0.38284140825271606 -0.19278699159622192 0.9036082029342651 -2012.70654296875
*1 0.9015443325042725 -0.07507967203855515 0.4258061647415161 -371.4035949707031
*1 0.9015443325042725 -0.07507967203855515 0.4258061647415161 -371.4035949707031
*2 -0.01203206367790699 0.9798038601875305 0.19966906309127808 -299.1990051269531
*1 0.9015443325042725 -0.07507967203855515 0.4258061647415161 -371.4035949707031
*2 -0.01203206367790699 0.9798038601875305 0.19966906309127808 -299.1990051269531
*3 -0.43272677063941956 -0.18529796600341797 0.8824138641357422 -1996.201416015625
*1 0.9353843927383423 -0.0674450471997261 0.34675246477127075 -376.6211242675781
*1 0.9353843927383423 -0.0674450471997261 0.34675246477127075 -376.6211242675781
*2 -0.013666186481714249 0.9735820889472961 0.2279895544052124 -305.9033508300781
*1 0.9353843927383423 -0.0674450471997261 0.34675246477127075 -376.6211242675781
*2 -0.013666186481714249 0.9735820889472961 0.2279895544052124 -305.9033508300781
*3 -0.3534944951534271 -0.2181713581085205 0.9097719192504883 -2028.8704833984375
*1 0.9294225573539734 -0.06639063358306885 0.36262384057044983 -372.20208740234375
*1 0.9294225573539734 -0.06639063358306885 0.36262384057044983 -372.20208740234375
*2 -0.003345813136547804 0.9817913770675659 0.19000659883022308 -305.37432861328125
*1 0.9294225573539734 -0.06639063358306885 0.36262384057044983 -372.20208740234375
*2 -0.003345813136547804 0.9817913770675659 0.19000659883022308 -305.37432861328125
*3 -0.36916399002075195 -0.17797645926475525 0.9122961759567261 -2019.4093017578125
*1 0.9128307104110718 -0.0727756917476654 0.4014646112918854 -364.71478271484375
*1 0.9128307104110718 -0.0727756917476654 0.4014646112918854 -364.71478271484375
*2 -0.026337049901485443 0.9710615277290344 0.23743169009685516 -301.24420166015625
*1 0.9128307104110718 -0.0727756917476654 0.4014646112918854 -364.71478271484375
*2 -0.026337049901485443 0.9710615277290344 0.23743169009685516 -301.24420166015625
*3 -0.4076523184776306 -0.2274823784828186 0.8844847679138184 -1994.09375
*1 0.9273305535316467 -0.07644576579332352 0.36598390340805054 -368.34942626953125
*1 0.9273305535316467 -0.07644576579332352 0.36598390340805054 -368.34942626953125
*2 -0.018960416316986084 0.9676033854484558 0.2518177330493927 -305.4574279785156
*1 0.9273305535316467 -0.07644576579332352 0.36598390340805054 -368.34942626953125
*2 -0.018960416316986084 0.9676033854484558 0.2518177330493927 -305.4574279785156
*3 -0.373903751373291 -0.24063242971897125 0.8958425521850586 -2027.153076171875
*1 0.9144030213356018 -0.1090395450592041 0.3894965350627899 -361.396484375
*1 0.9144030213356018 -0.1090395450592041 0.3894965350627899 -361.396484375
*2 -0.026888158172369003 0.9439773559570313 0.3289552927017212 -299.3856201171875
*1 0.9144030213356018 -0.1090395450592041 0.3894965350627899 -361.396484375
*2 -0.026888158172369003 0.9439773559570313 0.3289552927017212 -299.3856201171875
*3 -0.4040710926055908 -0.3114435076713562 0.8602158427238464 -1996.0748291015625
*1 0.9212042689323425 -0.08020535856485367 0.3803679943084717 -364.8973083496094
*1 0.9212042689323425 -0.08020535856485367 0.3803679943084717 -364.8973083496094
*2 -0.010137422010302544 0.9728460907936096 0.23129071295261383 -300.7556457519531
*1 0.9212042689323425 -0.08020535856485367 0.3803679943084717 -364.8973083496094
*2 -0.010137422010302544 0.9728460907936096 0.23129071295261383 -300.7556457519531
*3 -0.38911864161491394 -0.21709027886390686 0.8953770995140076 -2018.3365478515625
*1 0.8993250727653503 -0.0984441488981247 0.4257383644580841 -360.8443298339844
*1 0.8993250727653503 -0.0984441488981247 0.4257383644580841 -360.8443298339844
*2 -0.035592854022979736 0.9541513323783875 0.2972474992275238 -295.62493896484375
*1 0.8993250727653503 -0.0984441488981247 0.4257383644580841 -360.8443298339844
*2 -0.035592854022979736 0.9541513323783875 0.2972474992275238 -295.62493896484375
*3 -0.43600648641586304 -0.282647967338562 0.8545467257499695 -1991.97705078125
*1 0.9250828623771667 -0.06520038843154907 0.3737655282020569 -366.78570556640625
*1 0.9250828623771667 -0.06520038843154907 0.3737655282020569 -366.78570556640625
*2 -0.03111460618674755 0.9683852195739746 0.2475675344467163 -298.9488220214844
*1 0.9250828623771667 -0.06520038843154907 0.3737655282020569 -366.78570556640625
*2 -0.03111460618674755 0.9683852195739746 0.2475675344467163 -298.9488220214844
*3 -0.3786148726940155 -0.24083048105239868 0.8938081860542297 -2016.4462890625
*1 0.9201829433441162 -0.062262892723083496 0.3861564099788666 -370.6900329589844
*1 0.9201829433441162 -0.062262892723083496 0.3861564099788666 -370.6900329589844
*2 -0.013811261393129826 0.9811761379241943 0.1926921308040619 -299.4756164550781
*1 0.9201829433441162 -0.062262892723083496 0.3861564099788666 -370.6900329589844
*2 -0.013811261393129826 0.9811761379241943 0.1926921308040619 -299.4756164550781
*3 -0.3914128839969635 -0.18281510472297668 0.9020067453384399 -2031.1878662109375
*1 0.9261884689331055 -0.07330215722322464 0.3695020079612732 -372.1689147949219
*1 0.9261884689331055 -0.07330215722322464 0.3695020079612732 -372.1689147949219
*2 -0.013534223660826683 0.9734210968017578 0.22868256270885468 -294.3785705566406
*1 0.9261884689331055 -0.07330215722322464 0.3695020079612732 -372.1689147949219
*2 -0.013534223660826683 0.9734210968017578 0.22868256270885468 -294.3785705566406
*3 -0.3769712746143341 -0.21697567403316498 0.9005863666534424 -2025.8001708984375
*1 0.9368536472320557 -0.09209132194519043 0.3369784951210022 -376.2880859375
*1 0.9368536472320557 -0.09209132194519043 0.3369784951210022 -376.2880859375
*2 -0.003166950773447752 0.9618859887123108 0.2734829783439636 -288.9310302734375
*1 0.9368536472320557 -0.09209132194519043 0.3369784951210022 -376.2880859375
*2 -0.003166950773447752 0.9618859887123108 0.2734829783439636 -288.9310302734375
*3 -0.3498476445674896 -0.2574513852596283 0.900870144367218 -2029.3287353515625
*1 0.9674986600875854 -0.06359244883060455 0.24419747292995453 -385.0588073730469
*1 0.9674986600875854 -0.06359244883060455 0.24419747292995453 -385.0588073730469
*2 0.01467523630708456 0.9798005223274231 0.19950734078884125 -283.6231994628906
*1 0.9674986600875854 -0.06359244883060455 0.24419747292995453 -385.0588073730469
*2 0.01467523630708456 0.9798005223274231 0.19950734078884125 -283.6231994628906
*3 -0.25247305631637573 -0.18960998952388763 0.9489715695381165 -2055.19873046875
*1 0.9441587328910828 -0.08099289238452911 0.3189583122730255 -387.77532958984375
*1 0.9441587328910828 -0.08099289238452911 0.3189583122730255 -387.77532958984375
*2 -0.0018946174532175064 0.967431902885437 0.25317883491516113 -272.5939025878906
*1 0.9441587328910828 -0.08099289238452911 0.3189583122730255 -387.77532958984375
*2 -0.0018946174532175064 0.967431902885437 0.25317883491516113 -272.5939025878906
*3 -0.3296022117137909 -0.23981785774230957 0.9132860898971558 -2050.7919921875
*1 0.9432659149169922 -0.0794726014137268 0.3219679892063141 -392.54998779296875
*1 0.9432659149169922 -0.0794726014137268 0.3219679892063141 -392.54998779296875
*2 0.013801928609609604 0.9790695309638977 0.20312541723251343 -264.220703125
*1 0.9432659149169922 -0.0794726014137268 0.3219679892063141 -392.54998779296875
*2 0.013801928609609604 0.9790695309638977 0.20312541723251343 -264.220703125
*3 -0.3319006562232971 -0.18731990456581116 0.9246593713760376 -2057.69091796875
*1 0.9600976705551147 -0.09238307178020477 0.26345330476760864 -391.4720458984375
*1 0.9600976705551147 -0.09238307178020477 0.26345330476760864 -391.4720458984375
*2 0.013947774656116962 0.957744836807251 0.2873288094997406 -253.37184143066406
*1 0.9600976705551147 -0.09238307178020477 0.26345330476760864 -391.4720458984375
*2 0.013947774656116962 0.957744836807251 0.2873288094997406 -253.37184143066406
*3 -0.27938932180404663 -0.2723626494407654 0.9208701848983765 -2040.821533203125
*1 0.9751681685447693 -0.0644829124212265 0.21123172342777252 -393.0782165527344
*1 0.9751681685447693 -0.0644829124212265 0.21123172342777252 -393.0782165527344
*2 0.018948765471577644 0.9767554402351379 0.21358230710029602 -245.42718505859375
*1 0.9751681685447693 -0.0644829124212265 0.21123172342777252 -393.0782165527344
*2 0.018948765471577644 0.9767554402351379 0.21358230710029602 -245.42718505859375
*3 -0.2206117808818817 -0.2044493556022644 0.953819990158081 -2038.1455078125
*1 0.9495328664779663 -0.11480755358934402 0.29143819212913513 -389.8915100097656
*1 0.9495328664779663 -0.11480755358934402 0.29143819212913513 -389.8915100097656
*2 0.012867783196270466 0.943290114402771 0.33176150918006897 -235.10414123535156
*1 0.9495328664779663 -0.11480755358934402 0.29143819212913513 -389.8915100097656
*2 0.012867783196270466 0.943290114402771 0.33176150918006897 -235.10414123535156
*3 -0.31352657079696655 -0.3114384114742279 0.8971893787384033 -2012.4635009765625
*1 0.9514214396476746 -0.0700792595744133 0.2993588447570801 -396.468505859375
*1 0.9514214396476746 -0.0700792595744133 0.2993588447570801 -396.468505859375
*2 0.00861633475869894 0.9789825081825256 0.20382942259311676 -230.85519409179688
*1 0.9514214396476746 -0.0700792595744133 0.2993588447570801 -396.468505859375
*2 0.00861633475869894 0.9789825081825256 0.20382942259311676 -230.85519409179688
*3 -0.30787718296051025 -0.1915161907672882 0.9320809245109558 -2039.051513671875
*1 0.9552370309829712 -0.09238588064908981 0.2805650532245636 -393.9771423339844
*1 0.9552370309829712 -0.09238588064908981 0.2805650532245636 -393.9771423339844
*2 0.005445585586130619 0.9545772075653076 0.29795998334884644 -221.22265625
*1 0.9552370309829712 -0.09238588064908981 0.2805650532245636 -393.9771423339844
*2 0.005445585586130619 0.9545772075653076 0.29795998334884644 -221.22265625
*3 -0.29587262868881226 -0.28327029943466187 0.9123919010162354 -2018.6102294921875
*1 0.9845951199531555 -0.05333508923649788 0.16570313274860382 -403.3244934082031
*1 0.9845951199531555 -0.05333508923649788 0.16570313274860382 -403.3244934082031
*2 0.014481702819466591 0.9729118347167969 0.230781689286232 -217.91490173339844
*1 0.9845951199531555 -0.05333508923649788 0.16570313274860382 -403.3244934082031
*2 0.014481702819466591 0.9729118347167969 0.230781689286232 -217.91490173339844
*3 -0.17403343319892883 -0.22500979900360107 0.9588141441345215 -2060.748046875
*1 0.9803224205970764 -0.08312992751598358 0.17828920483589172 -396.9773864746094
*1 0.9803224205970764 -0.08312992751598358 0.17828920483589172 -396.9773864746094
*2 0.024125775322318077 0.9493285417556763 0.3134015202522278 -205.20095825195313
*1 0.9803224205970764 -0.08312992751598358 0.17828920483589172 -396.9773864746094
*2 0.024125775322318077 0.9493285417556763 0.3134015202522278 -205.20095825195313
*3 -0.19582296907901764 -0.30311721563339233 0.9327458739280701 -2016.49658203125
*1 0.9257906675338745 -0.11091407388448715 0.361025333404541 -395.6229248046875
*1 0.9257906675338745 -0.11091407388448715 0.361025333404541 -395.6229248046875
*2 -0.010935023427009583 0.9471299648284912 0.3207063674926758 -198.1273651123047
*1 0.9257906675338745 -0.11091407388448715 0.361025333404541 -395.6229248046875
*2 -0.010935023427009583 0.9471299648284912 0.3207063674926758 -198.1273651123047
*3 -0.3780364692211151 -0.301024854183197 0.8756221532821655 -2002.5205078125
*1 0.9611525535583496 -0.08050020039081573 0.2635055482387543 -402.0497741699219
*1 0.9611525535583496 -0.08050020039081573 0.2635055482387543 -402.0497741699219
*2 0.01987060159444809 0.973641037940979 0.22727850079536438 -196.8101043701172
*1 0.9611525535583496 -0.08050020039081573 0.2635055482387543 -402.0497741699219
*2 0.01987060159444809 0.973641037940979 0.22727850079536438 -196.8101043701172
*3 -0.2753802239894867 -0.21338066458702087 0.9374839067459106 -2028.4461669921875
*1 0.9183434247970581 -0.11032185703516006 0.37974196672439575 -409.9479675292969
*1 0.9183434247970581 -0.11032185703516006 0.37974196672439575 -409.9479675292969
*2 -0.019822638481855392 0.9457598328590393 0.32430315017700195 -197.3342742919922
*1 0.9183434247970581 -0.11032185703516006 0.37974196672439575 -409.9479675292969
*2 -0.019822638481855392 0.9457598328590393 0.32430315017700195 -197.3342742919922
*3 -0.39544951915740967 -0.30552035570144653 0.8663248419761658 -2065.5
*1 0.9723988175392151 -0.06420053541660309 0.2237144410610199 -406.3890686035156
*1 0.9723988175392151 -0.06420053541660309 0.2237144410610199 -406.3890686035156
*2 0.026537267491221428 0.9850877523422241 0.17007328569889069 -192.84219360351563
*1 0.9723988175392151 -0.06420053541660309 0.2237144410610199 -406.3890686035156
*2 0.026537267491221428 0.9850877523422241 0.17007328569889069 -192.84219360351563
*3 -0.23181749880313873 -0.15960612893104553 0.9597020745277405 -2045.56884765625
*1 0.9261119961738586 -0.07700870931148529 0.3689383566379547 -400.15924072265625
*1 0.9261119961738586 -0.07700870931148529 0.3689383566379547 -400.15924072265625
*2 -0.0010754279792308807 0.978036105632782 0.20849759876728058 -187.97396850585938
*1 0.9261119961738586 -0.07700870931148529 0.3689383566379547 -400.15924072265625
*2 -0.0010754279792308807 0.978036105632782 0.20849759876728058 -187.97396850585938
*3 -0.3774206340312958 -0.19365383684635162 0.9057005047798157 -2013.155029296875
*1 0.9585251808166504 -0.037505608052015305 0.2820497155189514 -404.8260192871094
*1 0.9585251808166504 -0.037505608052015305 0.2820497155189514 -404.8260192871094
*2 0.018710166215896606 0.9973007440567017 0.07119211554527283 -189.82456970214844
*1 0.9585251808166504 -0.037505608052015305 0.2820497155189514 -404.8260192871094
*2 0.018710166215896606 0.9973007440567017 0.07119211554527283 -189.82456970214844
*3 -0.28448382019996643 -0.06311722844839096 0.9567270874977112 -2039.603271484375
*1 0.9701398015022278 -0.08451849222183228 0.22674795985221863 -400.5009460449219
*1 0.9701398015022278 -0.08451849222183228 0.22674795985221863 -400.5009460449219
*2 0.03510617837309837 0.9757351875305176 0.21618404984474182 -188.18138122558594
*1 0.9701398015022278 -0.08451849222183228 0.22674795985221863 -400.5009460449219
*2 0.03510617837309837 0.9757351875305176 0.21618404984474182 -188.18138122558594
*3 -0.240040123462677 -0.20193152129650116 0.9496556520462036 -2023.62646484375
*1 0.96796715259552 -0.05996667593717575 0.24325481057167053 -396.5971374511719
*1 0.96796715259552 -0.05996667593717575 0.24325481057167053 -396.5971374511719
*2 0.023970328271389008 0.9882943034172058 0.15075451135635376 -187.74928283691406
*1 0.96796715259552 -0.05996667593717575 0.24325481057167053 -396.5971374511719
*2 0.023970328271389008 0.9882943034172058 0.15075451135635376 -187.74928283691406
*3 -0.24996984004974365 -0.14025618135929108 0.9581673741340637 -2015.1912841796875
*1 0.9931543469429016 -0.06085263192653656 0.09833897650241852 -396.07147216796875
*1 0.9931543469429016 -0.06085263192653656 0.09833897650241852 -396.07147216796875
*2 0.04268734157085419 0.9822201728820801 0.18288899958133698 -189.9548797607422
*1 0.9931543469429016 -0.06085263192653656 0.09833897650241852 -396.07147216796875
*2 0.04268734157085419 0.9822201728820801 0.18288899958133698 -189.9548797607422
*3 -0.10822253674268723 -0.17760850489139557 0.9782558679580688 -2023.5716552734375
*1 0.9872580170631409 0.039828822016716 0.15318036079406738 -392.5242919921875
*1 0.9872580170631409 0.039828822016716 0.15318036079406738 -392.5242919921875
*2 0.027484001591801643 0.9116028547286987 -0.4101853370666504 -190.6506805419922
*1 0.9872580170631409 0.039828822016716 0.15318036079406738 -392.5242919921875
*2 0.027484001591801643 0.9116028547286987 -0.4101853370666504 -190.6506805419922
*3 -0.15648607909679413 0.4091053307056427 0.8991031646728516 -2016.06103515625
*1 0.9631369113922119 -0.15417253971099854 0.2198343575000763 -392.955322265625
*1 0.9631369113922119 -0.15417253971099854 0.2198343575000763 -392.955322265625
*2 0.0037435218691825867 0.8250880241394043 0.5650160312652588 -192.50071716308594
*1 0.9631369113922119 -0.15417253971099854 0.2198343575000763 -392.955322265625
*2 0.0037435218691825867 0.8250880241394043 0.5650160312652588 -192.50071716308594
