#
#
#
#
#
#
#
#
#
#
#
#
#
#
#
#
#
#
#
#
#
#
#
#
#
#
#
#
#
#
#
#
#
#
#
#
#
#
#
#
#
#
#
#
#
#
#
#
#
#
#
#
#
#
#
#
#
#
#
#
#
#
#
#
#
#
#
#
#
#
#
#
#
#
#
#
#
#
#
#
#
#
#
#
#
#
#
#
#
#
#
#
#
#
#
#
#
#
#
#
#
#
#
#
#
#
#
#
#
#
#
#
#
#
#
#
#
#
#
#
#
#
#
#
#
#
#
#
#
#
#
#
#
#
#
#
#
#
#
#
#
#
#
#
#
#
#
#
#
#
#
#
#
#
#
#
#
#
#
#
#
#
#
#
#
#
#
#
#
#
#
#
#
#
#
#
#
#
#
#
#
#
#
#
#
#
#
#
#
#
#
#
#
#
#
#
#
#
#
#
#
#
#
#
#
#
#
#
#
#
#
#
#
#
#
#
#
#
#
#
#
#
#
#
#
#
#
#
#
#
#
#
#
#
#
#
#
#
#
#
#
#
#
#
#
#
#
#
#
#
#
#
#
#
#
#
#
#
#
#
#
#
#
#
#
#
#
#
#
#
* 0.9999640583992004 -0.0017013910692185163 -0.008311238139867783 -237.92344665527344 0.001685002469457686 0.9999963045120239 -0.002125475089997053 32.347373962402344 0.008315029554069042 0.0021111294627189636 0.9999631643295288 -537.849365234375
* 0.9977368116378784 0.012308214791119099 -0.06610510498285294 -224.3488006591797 -0.012712490744888783 0.9999027848243713 -0.005717065650969744 32.72339630126953 0.06602852046489716 0.006544214207679033 0.9977962374687195 -538.0819091796875
* 0.99445641040802 0.009183654561638832 -0.10474808514118195 -218.94862365722656 -0.007418565917760134 0.9998241662979126 0.017216073349118233 30.577606201171875 0.10488797724246979 -0.01634383201599121 0.9943497180938721 -535.3532104492188
* 0.9962924122810364 -0.007225904613733292 -0.08572867512702942 -221.37535095214844 0.010177543386816978 0.9993689656257629 0.03402819484472275 30.96064567565918 0.08542890101671219 -0.034774843603372574 0.9957371950149536 -537.1412353515625
* 0.9945676922798157 -0.004047999624162912 -0.10401403903961182 -220.18301391601563 0.008351394906640053 0.9991258978843689 0.04095900058746338 34.75449752807617 0.10375752300024033 -0.04160545766353607 0.9937320351600647 -532.2514038085938
* 0.9963545799255371 2.7676450554281473E-4 -0.08530952036380768 -219.3211669921875 3.2528312294743955E-4 0.9999752044677734 0.007028329651802778 41.94148254394531 0.08530956506729126 -0.007030758075416088 0.996329665184021 -535.39599609375
* 0.9962928295135498 -0.01061971578747034 -0.08536887168884277 -210.56907653808594 0.01429902482777834 0.9989902973175049 0.0425887294113636 50.188682556152344 0.08483059704303741 -0.043651845306158066 0.9954387545585632 -532.16455078125
* 0.9942266941070557 -0.014265929348766804 -0.10634645074605942 -205.80531311035156 0.018139200285077095 0.9992038011550903 0.035531263798475266 56.27499008178711 0.10575509816408157 -0.03725549206137657 0.993694007396698 -534.3004760742188
* 0.9961984157562256 -0.0013804559130221605 -0.08710150420665741 -201.66770935058594 0.0025504298973828554 0.9999080896377563 0.013307729735970497 62.232208251953125 0.08707533776760101 -0.013479601591825485 0.9961104393005371 -535.3296508789063
* 0.9976921081542969 -0.007541145663708448 -0.06747967004776001 -199.83253479003906 0.0079268179833889 0.9999536871910095 0.005430727265775204 67.9289779663086 0.06743578612804413 -0.005953424144536257 0.9977057576179504 -538.966552734375
* 0.9958816766738892 -0.0033530364744365215 -0.09060037136077881 -198.6249237060547 0.0033786906860768795 0.9999940991401672 1.1570937931537628E-4 70.56195068359375 0.09059964865446091 -4.216814413666725E-4 0.9958872199058533 -537.724365234375
* 0.9957672953605652 -4.502865194808692E-4 -0.09190938621759415 -200.14166259765625 0.0027607716619968414 0.9996834993362427 0.02499932423233986 68.67718505859375 0.09186924248933792 -0.025147590786218643 0.995453417301178 -535.2380981445313
* 0.9954331517219543 -5.077170208096504E-4 -0.09545939415693283 -203.2501220703125 5.32193633262068E-4 0.9999997615814209 2.179564326070249E-4 66.05661010742188 0.0954594537615776 -2.6810579583980143E-4 0.9954332113265991 -532.0349731445313
* 0.9957518577575684 -0.005683983210474253 -0.0919007956981659 -205.82986450195313 0.00658323522657156 0.9999334216117859 0.009471293538808823 69.91008758544922 0.09184104204177856 -0.0100364089012146 0.9957230687141418 -536.7010498046875
* 0.9979892373085022 -0.008223000913858414 -0.06284650415182114 -200.5017852783203 0.009799395687878132 0.9996444582939148 0.024796653538942337 75.2861099243164 0.06262044608592987 -0.025362996384501457 0.9977149367332458 -536.667724609375
* 0.9971963763237 -0.009317516349256039 -0.07424543797969818 -193.0797576904297 0.010263430885970592 0.9998710751533508 0.012352237477898598 80.22571563720703 0.07412096112966537 -0.013079964555799961 0.9971633553504944 -536.8563232421875
* 0.9927340149879456 -0.010679098777472973 -0.11985337734222412 -183.6084747314453 0.01546945795416832 0.9991156458854675 0.03909887373447418 76.86380767822266 0.1193300262093544 -0.040669191628694534 0.9920212030410767 -528.0123901367188
* 0.9886516332626343 0.006936746649444103 -0.1500650942325592 -177.60736083984375 -0.0094282953068614 0.999829113483429 -0.01590641587972641 67.1224594116211 0.14992929995059967 0.01714041642844677 0.9885479807853699 -523.2791748046875
* 0.9891365766525269 -0.007241813465952873 -0.14681941270828247 -175.05679321289063 0.011624769307672977 0.9995116591453552 0.02900809980928898 56.033180236816406 0.14653782546520233 -0.030400054529309273 0.9887377023696899 -524.0702514648438
* 0.9920991659164429 0.008480388671159744 -0.12516722083091736 -175.34701538085938 -0.008542119525372982 0.9999635815620422 3.335924702696502E-5 44.508731842041016 0.12516312301158905 0.001035747118294239 0.9921354651451111 -527.9730834960938
* 0.9901885390281677 -0.0023559166584163904 -0.13971590995788574 -176.17654418945313 0.0068623158149421215 0.9994716048240662 0.03177184239029884 32.304443359375 0.13956741988658905 -0.03241923078894615 0.9896815419197083 -526.8322143554688
* 0.9922988414764404 -0.0135571900755167 -0.12312038987874985 -178.47955322265625 0.018282495439052582 0.9991360902786255 0.03732062503695488 25.349384307861328 0.12250825017690659 -0.03928452357649803 0.9916895031929016 -530.257568359375
* 0.9935982823371887 0.0037294584326446056 -0.11290585249662399 -180.7422637939453 2.6578071992844343E-4 0.9993753433227539 0.03533852845430374 21.2396240234375 0.11296732723712921 -0.035142675042152405 0.9929768443107605 -531.5117797851563
* 0.9941120743751526 -0.007504825945943594 -0.10809316486120224 -183.19598388671875 0.011548146605491638 0.9992552995681763 0.03681670129299164 22.01239013671875 0.10773656517267227 -0.03784856200218201 0.9934585690498352 -534.0546875
* 0.9960066080093384 -0.010328501462936401 -0.08867502957582474 -184.14222717285156 0.01432766579091549 0.9989036321640015 0.04456727206707001 24.84103775024414 0.08811768889427185 -0.04566016420722008 0.9950628280639648 -536.1283569335938
* 0.9924755692481995 0.0012303178664296865 -0.12243328988552094 -180.36883544921875 0.0018962438916787505 0.9996753931045532 0.02540675364434719 23.318378448486328 0.12242501974105835 -0.025448093190789223 0.9921512603759766 -534.7681274414063
* 0.9911350607872009 0.006901102606207132 -0.13267596065998077 -177.56187438964844 -0.005021961405873299 0.9998825192451477 0.014483434148132801 16.474628448486328 0.13276053965091705 -0.01368908304721117 0.9910534024238586 -529.578369140625
* 0.9917923808097839 -0.0016685284208506346 -0.12784482538700104 -181.13890075683594 0.008224206045269966 0.998677134513855 0.05075777322053909 7.420927047729492 0.12759123742580414 -0.051392946392297745 0.9904941916465759 -530.6546630859375
* 0.9949662685394287 0.0035794104915112257 -0.10014180839061737 -183.52008056640625 -1.9398538279347122E-4 0.9994291663169861 0.033783357590436935 0.3204764723777771 0.10020580142736435 -0.03359420970082283 0.9943991899490356 -535.4938354492188
* 0.9923765063285828 -0.0021837239619344473 -0.12322037667036057 -178.50709533691406 0.009735694155097008 0.9981079697608948 0.060709159821271896 -1.860557198524475 0.12285491079092026 -0.06144633889198303 0.9905202984809875 -532.269775390625
* 0.9943020343780518 0.0030792737379670143 -0.10655096918344498 -177.43258666992188 0.0012137078447267413 0.9991912841796875 0.04019015282392502 -4.289453506469727 0.10658879578113556 -0.04009082913398743 0.9934942722320557 -535.1905517578125
* 0.9926210641860962 0.006011324469000101 -0.12110501527786255 -174.7158203125 -0.0024379941169172525 0.99955815076828 0.02962198294699192 -1.2905611991882324 0.12122981995344162 -0.02910851314663887 0.9921972155570984 -533.6134033203125
* 0.9980803728103638 0.009721031412482262 -0.06115809455513954 -169.22262573242188 -0.009443574585020542 0.9999438524246216 0.004802909679710865 6.295175552368164 0.06120159104466438 -0.004216498229652643 0.9981161952018738 -545.258056640625
* 0.9922288656234741 0.016500817611813545 -0.12332487106323242 -158.28382873535156 -0.01622886210680008 0.9998632073402405 0.0031989137642085552 2.9048759937286377 0.1233610138297081 -0.0011729899561032653 0.9923608303070068 -537.408203125
* 0.9914236664772034 0.015536155551671982 -0.12975791096687317 -155.84466552734375 -0.013387086801230907 0.9997588396072388 0.017407918348908424 -3.2443196773529053 0.12999729812145233 -0.015521899797022343 0.9913924336433411 -545.1904907226563
* 0.9953763484954834 0.016505710780620575 -0.094619520008564 -152.5986328125 -0.013419349677860737 0.9993603825569153 0.033148664981126785 -7.959987640380859 0.09510636329650879 -0.03172602131962776 0.9949609637260437 -546.7940673828125
* 0.9944679737091064 0.02512579970061779 -0.10198768973350525 -149.81690979003906 -0.0221534576267004 0.9992995262145996 0.030160313472151756 -8.532984733581543 0.10267427563667297 -0.02773442678153515 0.9943279027938843 -550.877197265625
* 0.9929443001747131 0.014241288416087627 -0.11772049963474274 -145.63699340820313 -0.008140579797327518 0.9986070990562439 0.05213165283203125 -1.5808097124099731 0.11829915642738342 -0.050805866718292236 0.9916769862174988 -551.466064453125
* 0.9954920411109924 0.004555908031761646 -0.09473241120576859 -141.43980407714844 2.528997720219195E-4 0.9987152218818665 0.050674062222242355 7.823405742645264 0.09484178572893143 -0.05046995356678963 0.9942117929458618 -557.9183349609375
* 0.9955449104309082 0.006193244829773903 -0.09408170729875565 -141.0073699951172 -0.001943637034855783 0.9989768862724304 0.04517979919910431 9.610160827636719 0.09426547586917877 -0.04479603096842766 0.994538426399231 -556.7288818359375
* 0.9948897361755371 0.005617137532681227 -0.10080796480178833 -143.16429138183594 -0.0018402813002467155 0.9992945790290833 0.03750677779316902 11.45185661315918 0.10094775259494781 -0.037129972130060196 0.9941982626914978 -560.3153076171875
* 0.9937640428543091 0.0029137677047401667 -0.11146415770053864 -145.88436889648438 0.0028148896526545286 0.9986847639083862 0.05119088292121887 11.584315299987793 0.11146694421768188 -0.05118579417467117 0.9924486875534058 -557.5835571289063
* 0.9943158626556396 -8.154482347890735E-4 -0.10646633058786392 -148.2842559814453 0.006111909169703722 0.9987592697143555 0.049418579787015915 10.711792945861816 0.10629415512084961 -0.04978878051042557 0.9930870532989502 -554.803466796875
* 0.9960039854049683 8.9069310342893E-4 -0.08930355310440063 -154.67530822753906 0.005582008510828018 0.9973751902580261 0.07218895852565765 11.059266090393066 0.08913366496562958 -0.07239935547113419 0.9933845400810242 -555.412109375
* 0.9944530129432678 0.006557945627719164 -0.10497649013996124 -163.1254425048828 -0.00175763841252774 0.9989516139030457 0.04574202746152878 16.223634719848633 0.10516663640737534 -0.04530416801571846 0.9934217929840088 -557.3905639648438
* 0.9942051768302917 0.006550935097038746 -0.10729813575744629 -168.6966552734375 0.0025634136982262135 0.9964137077331543 0.08457420766353607 22.642112731933594 0.10746760666370392 -0.0843595415353775 0.9906227588653564 -554.0369262695313
* 0.9963988065719604 0.016052361577749252 -0.08325538039207458 -173.63031005859375 -0.012634300626814365 0.9990624785423279 0.04140492528676987 23.758342742919922 0.0838422104716301 -0.04020431265234947 0.9956673383712769 -557.3719482421875
* 0.9951924085617065 0.010880887508392334 -0.09733110666275024 -176.2251739501953 -0.005144297610968351 0.9982455968856812 0.05898287147283554 19.804723739624023 0.09780236333608627 -0.05819898471236229 0.9935023188591003 -552.9075927734375
* 0.9926798343658447 0.021009692922234535 -0.11893263459205627 -179.04647827148438 -0.016850793734192848 0.999214768409729 0.03585553541779518 11.64716625213623 0.11959277838468552 -0.033589329570531845 0.992254376411438 -547.593994140625
* 0.9952597618103027 0.014901285991072655 -0.09610205143690109 -186.395751953125 -0.010352483950555325 0.9988105297088623 0.04764494299888611 4.135646343231201 0.09669793397188187 -0.04642458260059357 0.9942302107810974 -553.872314453125
* 0.9941767454147339 0.014831840991973877 -0.10673403739929199 -192.68077087402344 -0.012009763158857822 0.9995625615119934 0.02702188305556774 -2.0965688228607178 0.1070883572101593 -0.025583060458302498 0.9939200282096863 -549.458740234375
* 0.9968934655189514 0.01725948229432106 -0.07684364914894104 -199.5985565185547 -0.015115630812942982 0.9994829297065735 0.028375975787639618 -6.313359260559082 0.07729389518499374 -0.027126675471663475 0.9966388940811157 -557.7896728515625
* 0.9981082081794739 0.004580292385071516 -0.061307143419981 -197.08575439453125 -0.0015105439815670252 0.9987478256225586 0.050002727657556534 -5.720006465911865 0.06145962327718735 -0.049815911799669266 0.9968652725219727 -555.8182373046875
* 0.9958596229553223 0.00810279045253992 -0.09054001420736313 -193.33360290527344 -0.0019899290055036545 0.997724711894989 0.06738800555467606 0.05472872406244278 0.09088025242090225 -0.06692919880151749 0.9936097860336304 -555.2625732421875
* 0.9959378838539124 0.020684072747826576 -0.08763197809457779 -189.02635192871094 -0.019175445660948753 0.9996538758277893 0.018007218837738037 3.7795705795288086 0.08797434717416763 -0.016254065558314323 0.9959896206855774 -555.83349609375
* 0.9962537884712219 0.02101450227200985 -0.08388194441795349 -183.466796875 -0.017730707302689552 0.9990547299385071 0.0396866500377655 4.255200386047363 0.08463689684867859 -0.0380510613322258 0.9956845641136169 -556.6046752929688
* 0.9966052770614624 0.010673983953893185 -0.08162964880466461 -180.9374237060547 -0.009001413360238075 0.9997426867485046 0.02081374265253544 4.955597877502441 0.08183108270168304 -0.020008668303489685 0.9964448809623718 -557.0517578125
* 0.9966194033622742 0.0134798064827919 -0.08103985339403152 -171.29824829101563 -0.01146473828703165 0.999614953994751 0.02526274509727955 1.6810418367385864 0.0813494399189949 -0.024248603731393814 0.9963902235031128 -555.4431762695313
* 0.9933426976203918 0.0013612399343401194 -0.11518600583076477 -158.46829223632813 0.004642696585506201 0.9986450672149658 0.05182764306664467 -3.7584664821624756 0.11510073393583298 -0.05201777070760727 0.9919905066490173 -552.30810546875
* 0.9943982362747192 1.6012927517294884E-5 -0.10569527000188828 -147.53045654296875 0.002090637106448412 0.9998014569282532 0.019807685166597366 -9.650934219360352 0.1056748479604721 -0.019918080419301987 0.9942008256912231 -555.2980346679688
* 0.9957275986671448 0.0026649374049156904 -0.09229842573404312 -145.09107971191406 0.0035509138833731413 0.9977396726608276 0.0671011433005333 -12.78848648071289 0.09226887673139572 -0.06714257597923279 0.993467390537262 -556.7984619140625
* 0.9933164715766907 0.006567925214767456 -0.11523392051458359 -146.5046844482422 2.916769008152187E-4 0.9982341527938843 0.05939849838614464 -11.617447853088379 0.11542082577943802 -0.059035491198301315 0.9915603399276733 -553.552001953125
* 0.9940972328186035 0.009487352333962917 -0.10807527601718903 -151.07901000976563 -0.008109078742563725 0.9998801946640015 0.013172900304198265 -6.832730770111084 0.10818757861852646 -0.01221913006156683 0.9940548539161682 -553.2410278320313
* 0.9969655275344849 0.004279845394194126 -0.07772254198789597 -154.54122924804688 -1.0112422751262784E-4 0.9985584616661072 0.053672075271606445 2.8008077144622803 0.07784048467874527 -0.053501732647418976 0.9955286979675293 -558.2252197265625
* 0.9975757598876953 0.004935361444950104 -0.06940912455320358 -163.19776916503906 -0.0034936729352921247 0.9997760653495789 0.02085769549012184 12.095168113708496 0.06949681788682938 -0.020565025508403778 0.9973695874214172 -558.3580322265625
* 0.9953751564025879 -5.631601670756936E-4 -0.09605900198221207 -166.9223175048828 0.0033851645421236753 0.9995673894882202 0.029203519225120544 19.864809036254883 0.0960012897849083 -0.02939402125775814 0.9949465394020081 -554.03173828125
* 0.995680570602417 -0.002676648087799549 -0.09280309081077576 -166.60902404785156 0.0034928254317492247 0.9999563694000244 0.00861893780529499 19.515888214111328 0.09277626127004623 -0.008906244300305843 0.9956465363502502 -552.995361328125
* 0.9933109879493713 -0.0077822026796638966 -0.11520455777645111 -158.55465698242188 0.012638374231755733 0.9990593791007996 0.041470494121313095 20.441837310791016 0.11477375030517578 -0.04264950379729271 0.9924750924110413 -548.3999633789063
* 0.9934043288230896 -0.00409172335639596 -0.11458802223205566 -151.4958038330078 0.008406337350606918 0.9992727041244507 0.03718354180455208 13.44497013092041 0.11435280740261078 -0.03790196776390076 0.9927163124084473 -548.9277954101563
* 0.9910309910774231 -0.0032056833151727915 -0.1335907280445099 -146.50369262695313 0.005177997052669525 0.9998824596405029 0.014408662915229797 4.516407012939453 0.13352908194065094 -0.01497157197445631 0.9909312129020691 -544.4907836914063
* 0.9938084483146667 -0.012358523905277252 -0.11041419208049774 -143.63848876953125 0.016128722578287125 0.9993146657943726 0.03330575302243233 -3.6206798553466797 0.10992715507745743 -0.03488078713417053 0.9933267831802368 -549.3265380859375
* 0.9960138201713562 -0.018809719011187553 -0.08718844503164291 -141.9732208251953 0.02312419004738331 0.9985442161560059 0.048725493252277374 -5.015436172485352 0.08614523708820343 -0.05054783076047897 0.9949988126754761 -551.3167724609375
* 0.9954628944396973 -0.0174877867102623 -0.09352477639913559 -145.7437286376953 0.023092787712812424 0.9979802966117859 0.05917319282889366 -1.9914230108261108 0.09230130165815353 -0.06106486916542053 0.9938562512397766 -550.3204956054688
* 0.9958892464637756 -0.004624503664672375 -0.09045539051294327 -146.33091735839844 0.006263125222176313 0.9998212456703186 0.01782446913421154 -2.7387895584106445 0.09035702794790268 -0.01831812597811222 0.9957403540611267 -550.2568359375
* 0.9974722266197205 -0.006609502248466015 -0.0707421600818634 -145.62306213378906 0.009020171128213406 0.9993878602981567 0.03379228711128235 2.6041524410247803 0.070475734770298 -0.034345369786024094 0.9969214200973511 -555.1401977539063
* 0.996565043926239 -0.017597662284970284 -0.08091611415147781 -148.07931518554688 0.021808134391903877 0.9984380006790161 0.05143176019191742 13.442549705505371 0.07988487929105759 -0.05302012339234352 0.9953924417495728 -554.29736328125
* 0.9973627924919128 -0.018431348726153374 -0.07018963247537613 -149.8375244140625 0.020896203815937042 0.9991849660873413 0.03452645614743233 32.83926010131836 0.0694962814450264 -0.03590249642729759 0.9969354271888733 -554.3172607421875
* 0.9955579042434692 -0.01202764455229044 -0.09337370842695236 -148.61109924316406 0.017667116597294807 0.9980541467666626 0.059792641550302505 50.455997467041016 0.09247306734323502 -0.0611770823597908 0.9938335418701172 -546.86572265625
* 0.995764434337616 -0.009350350126624107 -0.09145911037921906 -152.4243927001953 0.014041407033801079 0.9986114501953125 0.05076844245195389 53.86922073364258 0.09085763245820999 -0.051838018000125885 0.9945133328437805 -546.2630615234375
* 0.9957320690155029 2.9963976703584194E-4 -0.09228509664535522 -156.2369842529297 0.0010209553875029087 0.9998977184295654 0.01424797996878624 54.48007583618164 0.09228015691041946 -0.01428176462650299 0.9956302046775818 -547.7283325195313
* 0.9957208633422852 -0.011016154661774635 -0.09174679964780807 -154.09727478027344 0.014486681669950485 0.9992014169692993 0.03723298758268356 59.418800354003906 0.09126356989145279 -0.03840314969420433 0.9950855374336243 -545.0855102539063
* 0.9956508278846741 -0.004529662895947695 -0.09304673969745636 -153.16734313964844 0.006285456940531731 0.9998075366020203 0.018571339547634125 59.65450668334961 0.09294493496417999 -0.01907578855752945 0.9954880475997925 -545.3955078125
* 0.9954951405525208 0.0017847464187070727 -0.09478941559791565 -155.04080200195313 -0.0016510272398591042 0.9999973177909851 0.0014750976115465164 57.05024719238281 0.09479202330112457 -0.001312321051955223 0.9954957962036133 -546.7052612304688
* 0.9959884881973267 9.709423175081611E-4 -0.08946871012449265 -155.93760681152344 3.633780579548329E-4 0.9998889565467834 0.014881603419780731 57.812442779541016 0.08947345614433289 -0.0148547925055027 0.9958779215812683 -547.0494995117188
* 0.9969955682754517 0.004049203358590603 -0.0773443803191185 -157.3213348388672 -0.0045773060992360115 0.9999669790267944 -0.006668375339359045 62.531063079833984 0.0773150697350502 0.00700200442224741 0.9969816207885742 -550.9127197265625
* 0.996845006942749 -0.0028353137895464897 -0.07931330054998398 -155.1101531982422 0.004852044861763716 0.99966961145401 0.025229981169104576 70.36459350585938 0.07921580970287323 -0.025535600259900093 0.9965299367904663 -550.965576171875
* 0.9967381954193115 -0.00990101508796215 -0.08008518815040588 -152.7732696533203 0.013381491415202618 0.998984158039093 0.04302418977022171 79.36493682861328 0.07957807928323746 -0.043955907225608826 0.9958585500717163 -549.445556640625
* 0.9965490698814392 -0.0074064056389033794 -0.08266647905111313 -153.3128662109375 0.010576295666396618 0.9992230534553528 0.0379582978785038 85.47301483154297 0.08232133835554123 -0.038701992481946945 0.9958536028862 -549.7532348632813
* 0.9974335432052612 -0.003979845438152552 -0.07147755473852158 -153.42263793945313 0.004194832406938076 0.9999868273735046 0.002839950378984213 89.92680358886719 0.07146552205085754 -0.003132864600047469 0.997437596321106 -551.9751586914063
* 0.9971480369567871 -0.004271010868251324 -0.07533964514732361 -151.60926818847656 0.004879408050328493 0.9999567270278931 0.007876426912844181 88.58273315429688 0.07530295848846436 -0.0082219447940588 0.9971262812614441 -550.6874389648438
* 0.996596097946167 -0.006675450596958399 -0.08215951919555664 -151.59768676757813 0.007752816192805767 0.9998878836631775 0.01278581004589796 88.85906982421875 0.08206517994403839 -0.013379625976085663 0.9965367317199707 -550.87890625
* 0.9968110918998718 -0.0021983354818075895 -0.07975821942090988 -152.7681884765625 0.004038706887513399 0.9997291564941406 0.0229050125926733 91.47325134277344 0.0796864852309227 -0.02315446361899376 0.9965505599975586 -548.935302734375
* 0.9958194494247437 0.004818901419639587 -0.09120802581310272 -153.5196990966797 -0.0016062362119555473 0.9993768334388733 0.03525056317448616 94.33686065673828 0.09132131189107895 -0.03495706245303154 0.9952072501182556 -547.236572265625
* 0.9960509538650513 0.0028929237741976976 -0.08872706443071365 -155.9774932861328 -0.0017165465978905559 0.9999094605445862 0.013317806646227837 95.54324340820313 0.08875780552625656 -0.013113265857100487 0.9959664344787598 -549.6417846679688
* 0.9966158866882324 -0.003453317331150174 -0.08211756497621536 -158.1867218017578 0.004548931960016489 0.9999028444290161 0.013143365271389484 91.67913818359375 0.08206445723772049 -0.01347276195883751 0.9965354204177856 -549.1453857421875
* 0.9968110918998718 0.00435100169852376 -0.07966925203800201 -160.70211791992188 -0.0032052756287157536 0.9998894929885864 0.0144875543192029 87.68603515625 0.07972374558448792 -0.014186324551701546 0.9967154860496521 -547.6011962890625
* 0.9927525520324707 -0.0018941593589261174 -0.12015528976917267 -162.593017578125 0.006471195723861456 0.9992676377296448 0.03770340606570244 79.84000396728516 0.11999616771936417 -0.038208045065402985 0.9920381903648376 -541.4017333984375
* 0.9947173595428467 0.0067221601493656635 -0.10242396593093872 -168.99815368652344 -0.0035144391003996134 0.9994986653327942 0.031454216688871384 65.7574691772461 0.1025843396782875 -0.030928412452340126 0.994242787361145 -544.422119140625
* 0.9949795007705688 0.0012694095494225621 -0.10006354004144669 -171.7851104736328 2.2566653206013143E-4 0.9998883605003357 0.014915947802364826 52.31981658935547 0.10007160902023315 -0.014863953925669193 0.9948685765266418 -544.29541015625
* 0.9933884739875793 -0.0037101346533745527 -0.11473443359136581 -172.2508087158203 0.007836117409169674 0.999337911605835 0.035519737750291824 48.9261474609375 0.11452698707580566 -0.036184296011924744 0.9927603602409363 -541.7786254882813
* 0.9966855645179749 0.00322439125739038 -0.08127627521753311 -175.2891082763672 -0.0014395893085747957 0.9997567534446716 0.021992815658450127 45.77568054199219 0.08132769912481308 -0.021803241223096848 0.9964483380317688 -549.6503295898438
* 0.996921956539154 -0.0014951026532799006 -0.07837522029876709 -176.67657470703125 0.0040555973537266254 0.9994630217552185 0.03250429779291153 44.89241409301758 0.078284852206707 -0.03272244706749916 0.9963932633399963 -550.1743774414063
* 0.9953117966651917 -0.0014492996269837022 -0.09669835865497589 -176.0137481689453 0.002519236644729972 0.9999368190765381 0.010929841548204422 46.52585220336914 0.09667673707008362 -0.011122534051537514 0.9952530860900879 -545.8373413085938
* 0.9962959289550781 4.3060502503067255E-4 -0.08597981184720993 -178.40896606445313 0.0018647172255441546 0.9996441602706909 0.02659863606095314 47.532840728759766 0.0859609916806221 -0.026660775765776634 0.9959411025047302 -548.5199584960938
* 0.996161937713623 -0.00212801992893219 -0.08749402314424515 -177.43212890625 0.004756579175591469 0.9995433688163757 0.029830211773514748 47.93715286254883 0.08739093691110611 -0.030132222920656204 0.9957176446914673 -547.2090454101563
* 0.995508074760437 -0.008489614352583885 -0.09428710490465164 -178.7467041015625 0.011294745840132236 0.9995081424713135 0.029243357479572296 48.97515106201172 0.09399280697107315 -0.030177248641848564 0.995114803314209 -547.0228271484375
* 0.9954218864440918 0.003888355800881982 -0.0954914540052414 -180.79757690429688 -0.0034582382068037987 0.9999828934669495 0.0046559409238398075 45.991188049316406 0.09550825506448746 -0.004304682370275259 0.9954187273979187 -547.8279418945313
* 0.9946718811988831 -0.006482873111963272 -0.10288006067276001 -180.75367736816406 0.009791504591703415 0.9994499683380127 0.03167511150240898 37.94720458984375 0.10261845588684082 -0.032513994723558426 0.994188666343689 -545.710205078125
* 0.9951419234275818 -0.008224492892622948 -0.09809890389442444 -180.57229614257813 0.011635554023087025 0.9993457198143005 0.03423725813627243 29.552143096923828 0.09775345772504807 -0.03521266579627991 0.9945868849754333 -545.1747436523438
* 0.9956493377685547 -0.010828969068825245 -0.09254024177789688 -182.16705322265625 0.014708387665450573 0.9990370273590088 0.04132881760597229 23.10210609436035 0.09200388938188553 -0.042510420083999634 0.994850218296051 -546.502685546875
* 0.9955124855041504 -0.006226613186299801 -0.09441801905632019 -185.2504119873047 0.008312203921377659 0.9997296929359436 0.021698083728551865 16.612075805664063 0.09425771981477737 -0.022385818883776665 0.9952955842018127 -546.9806518554688
* 0.9944888949394226 0.0072648171335458755 -0.10458323359489441 -186.94801330566406 -0.005067463032901287 0.999761164188385 0.021248772740364075 7.252749443054199 0.10471294075250626 -0.020601985976099968 0.9942885041236877 -543.76708984375
* 0.9972427487373352 -0.005082934629172087 -0.07402396947145462 -189.78756713867188 0.00767151964828372 0.9993677139282227 0.03471037745475769 0.5719040632247925 0.07380102574825287 -0.035182829946279526 0.9966515302658081 -549.8002319335938
* 0.9965512156486511 0.0014074600767344236 -0.08295881003141403 -191.9915008544922 1.5841868298593909E-4 0.9998220205307007 0.018850931897759438 9.6421480178833 0.08297087997198105 -0.018799344077706337 0.9963740110397339 -551.2821044921875
* 0.998159646987915 0.008355679921805859 -0.060051046311855316 -199.84927368164063 -0.007466326002031565 0.9998593330383301 0.014998900704085827 24.475324630737305 0.06016824394464493 -0.014523194171488285 0.9980819821357727 -553.1871948242188
* 0.9974321722984314 0.00117360835429281 -0.07159865647554398 -208.1365966796875 0.0012893980601802468 0.999409556388855 0.03432728350162506 23.302465438842773 0.07159698754549026 -0.034331727772951126 0.9968419671058655 -549.2897338867188
* 0.995759904384613 0.004518367350101471 -0.0918719694018364 -211.33700561523438 -0.002038384787738323 0.9996315240859985 0.02705676294863224 10.14881420135498 0.09196070581674576 -0.026755033060908318 0.995402455329895 -545.902099609375
* 0.9961885213851929 0.012416078709065914 -0.08632966876029968 -211.463623046875 -0.012068390846252441 0.9999164938926697 0.004534333012998104 -2.9155778884887695 0.08637908846139908 -0.003475444857031107 0.9962555766105652 -549.8814697265625
* 0.9957646727561951 -0.007323677651584148 -0.09163816273212433 -207.47825622558594 0.010760942474007607 0.9992547035217285 0.037058424204587936 -15.430174827575684 0.09129881858825684 -0.03788786381483078 0.995101809501648 -548.22607421875
* 0.9970327615737915 0.005246156360954046 -0.07678986340761185 -205.87246704101563 -0.0028548494447022676 0.9995086193084717 0.03120255097746849 -27.292625427246094 0.07691620290279388 -0.030890993773937225 0.9965581297874451 -552.2210083007813
* 0.9973503947257996 0.0012380211846902966 -0.07272645086050034 -205.57022094726563 0.0036666388623416424 0.9977290034294128 0.06725136935710907 -41.52838897705078 0.0726449266076088 -0.06734009832143784 0.9950811862945557 -553.4038696289063
* 0.9958468079566956 0.012850106693804264 -0.09012492746114731 -201.99154663085938 -0.011747922748327255 0.9998496174812317 0.01273640338331461 -55.14582061767578 0.09027541428804398 -0.0116249555721879 0.9958482384681702 -549.765625
* 0.9971544146537781 0.008466867730021477 -0.07489883899688721 -199.72640991210938 -0.005250387359410524 0.9990600347518921 0.04302201420068741 -66.51622009277344 0.07519306987524033 -0.04250657930970192 0.9962618350982666 -555.3720703125
* 0.9971637725830078 0.009430776350200176 -0.0746583566069603 -195.37281799316406 -0.007243465632200241 0.9995381832122803 0.029498811811208725 -77.2901611328125 0.07490243762731552 -0.028874596580863 0.9967719912528992 -555.6500244140625
* 0.999029815196991 0.013023260049521923 -0.04205295443534851 -199.35321044921875 -0.011699617840349674 0.9994335174560547 0.031542494893074036 -85.87376403808594 0.042440265417099 -0.031020112335681915 0.998616635799408 -561.0051879882813
* 0.9973571300506592 0.016828065738081932 -0.07067043334245682 -201.26333618164063 -0.015225507318973541 0.9996159076690674 0.023137912154197693 -86.64010620117188 0.07103300839662552 -0.022000987082719803 0.997230589389801 -557.8858032226563
* 0.9994171857833862 0.0177404023706913 -0.029141586273908615 -200.20928955078125 -0.016540059819817543 0.9990264177322388 0.04088849946856499 -88.64674377441406 0.029838919639587402 -0.04038288816809654 0.9987378716468811 -563.0979614257813
* 0.9993336200714111 0.01644061878323555 -0.03256738558411598 -200.92630004882813 -0.014125818386673927 0.9974437355995178 0.07004041969776154 -86.96678924560547 0.03363597020506859 -0.06953392922878265 0.9970116019248962 -565.739990234375
* 0.9989357590675354 0.023213716223835945 -0.039837226271629333 -202.3498992919922 -0.02054992876946926 0.9976080060005188 0.0659932941198349 -89.93860626220703 0.04127420112490654 -0.06510460376739502 0.9970237612724304 -564.1044311523438
* 0.9991515874862671 0.021168729290366173 -0.035305626690387726 -205.14376831054688 -0.01886315643787384 0.9977471232414246 0.0643739104270935 -94.40583801269531 0.036589115858078 -0.06365352869033813 0.997300386428833 -566.0673828125
* 0.999108076095581 0.02638036571443081 -0.03294895589351654 -200.2897186279297 -0.02472635731101036 0.9984624981880188 0.0496034137904644 -93.26105499267578 0.03420717269182205 -0.04874466359615326 0.9982246160507202 -564.4894409179688
* 0.9983416795730591 0.01991264894604683 -0.05399857088923454 -191.76795959472656 -0.017571410164237022 0.9988998174667358 0.04347050189971924 -94.24485778808594 0.054805103689432144 -0.042449772357940674 0.9975935816764832 -564.6419067382813
* 0.9992095232009888 0.02576574683189392 -0.03024962730705738 -183.90499877929688 -0.024873152375221252 0.9992552399635315 0.029486877843737602 -94.9903564453125 0.030987178906798363 -0.028711333870887756 0.9991066455841064 -570.4879760742188
* 0.999005138874054 0.006425641477108002 -0.044114015996456146 -171.53564453125 -0.00302036851644516 0.9970411658287048 0.07680455595254898 -83.06609344482422 0.044477321207523346 -0.07659511268138885 0.9960690140724182 -566.5997924804688
* 0.9991154074668884 0.02499007061123848 -0.03380131348967552 -162.4541473388672 -0.024189673364162445 0.9994223713874817 0.023853031918406487 -76.83414459228516 0.03437819331884384 -0.023014482110738754 0.999143123626709 -567.4698486328125
* 0.9986205101013184 0.008351723663508892 -0.051824942231178284 -156.2720184326172 -0.0048012034967541695 0.9976570010185242 0.06823928654193878 -74.78134155273438 0.05227377265691757 -0.0678965374827385 0.9963213205337524 -566.83154296875
* 0.9961643218994141 0.014041322283446789 -0.08635813742876053 -151.5321502685547 -0.012439558282494545 0.999740719795227 0.019045792520046234 -72.54545593261719 0.086603544652462 -0.01789865456521511 0.9960813522338867 -560.2767333984375
* 0.9982929825782776 4.451800195965916E-4 -0.0583881251513958 -152.15902709960938 0.004152505658566952 0.9968987107276917 0.07857928425073624 -74.98757934570313 0.058242373168468475 -0.07868785411119461 0.995195746421814 -565.3729248046875
* 0.9988216757774353 0.006611460354179144 -0.048059556633234024 -156.8067626953125 -0.002332753734663129 0.9960709810256958 0.08852258324623108 -77.04426574707031 0.04845632612705231 -0.08830640465021133 0.9949133396148682 -566.7420654296875
* 0.9988669157028198 0.00292379898019135 -0.04748266935348511 -163.60421752929688 1.3303998275659978E-4 0.9979350566864014 0.06422393769025803 -70.30760955810547 0.04757273569703102 -0.06415770202875137 0.9968044757843018 -568.64599609375
* 0.9980053305625916 0.01428972277790308 -0.061477452516555786 -167.56936645507813 -0.012291260063648224 0.9993877410888672 0.03274499997496605 -53.93661117553711 0.061908092349767685 -0.03192424774169922 0.9975705146789551 -565.1438598632813
* 0.9966393113136292 0.0028142398223280907 -0.08185630291700363 -170.8958740234375 -6.435624527512118E-5 0.9994361996650696 0.033563558012247086 -41.62834167480469 0.08190499246120453 -0.03344567492604256 0.9960781931877136 -562.7019653320313
* 0.9977224469184875 -1.7991330241784453E-4 -0.06743907183408737 -175.0838165283203 0.002542126690968871 0.9993863105773926 0.0349263995885849 -32.05853271484375 0.0673917680978775 -0.035018496215343475 0.9971112012863159 -566.7088012695313
* 0.9971977472305298 -0.008364827372133732 -0.07433004677295685 -174.2664031982422 0.015062419697642326 0.9958282113075256 0.08999226987361908 -20.05756378173828 0.07326757162809372 -0.09085992723703384 0.9931641817092896 -561.102783203125
* 0.9980257153511047 0.008470847271382809 -0.06222038343548775 -177.72964477539063 -0.005935408640652895 0.9991492629051208 0.040803611278533936 -2.7659642696380615 0.06251347064971924 -0.04035395383834839 0.9972273707389832 -566.6506958007813
* 0.9991822838783264 6.566831143572927E-4 -0.040409572422504425 -182.52423095703125 0.0014905814314261079 0.9985900521278381 0.053055886179208755 17.509849548339844 0.04038781672716141 -0.05307295545935631 0.9977729916572571 -566.420166015625
* 0.9958492517471313 0.011023841798305511 -0.0903404951095581 -188.35963439941406 -0.005515320226550102 0.9981228709220886 0.06098680570721626 29.359214782714844 0.09084364026784897 -0.060235608369112015 0.9940412044525146 -555.1093139648438
* 0.9962418675422668 0.0026676394045352936 -0.08656522631645203 -201.42404174804688 0.0016012969426810741 0.9987874627113342 0.049194492399692535 34.42327880859375 0.0865919440984726 -0.04914842173457146 0.9950301647186279 -554.7874755859375
* 0.9981697201728821 0.003964216914027929 -0.06033226102590561 -217.2079315185547 -0.001454452984035015 0.9991341829299927 0.041567206382751465 33.04380416870117 0.06044524535536766 -0.041403550654649734 0.9973118305206299 -560.0648193359375
* 0.996277928352356 0.008004006929695606 -0.0858185812830925 -223.39598083496094 -0.007409428711980581 0.9999459981918335 0.007230997085571289 34.67399978637695 0.08587227761745453 -0.006568373180925846 0.9962838888168335 -554.9898071289063
* 0.9985603094100952 -0.005150606855750084 -0.05337926000356674 -229.29046630859375 0.00776968989521265 0.998770534992218 0.048952534794807434 44.34371566772461 0.05306193232536316 -0.049296993762254715 0.9973730444908142 -560.6671142578125
* 0.9972716569900513 0.007429732941091061 -0.0734335333108902 -229.17015075683594 -0.00711885467171669 0.9999643564224243 0.004478177987039089 46.62409210205078 0.07346463203430176 -0.003943372052162886 0.9972893595695496 -555.8713989257813
* 0.9987489581108093 0.013237345963716507 -0.04820411652326584 -229.92190551757813 -0.013508230447769165 0.9998943209648132 -0.005322881042957306 53.1771125793457 0.048128992319107056 0.00596719840541482 0.9988226890563965 -560.1741333007813
* 0.9984084367752075 0.013148970901966095 -0.054826874285936356 -225.40997314453125 -0.011397993192076683 0.9994191527366638 0.03210608661174774 71.22916412353516 0.05521762743592262 -0.03143027424812317 0.997978925704956 -560.8942260742188
* 0.9987847208976746 0.004367005079984665 -0.04907488822937012 -217.1389923095703 -0.002198077505454421 0.9990226626396179 0.044139400124549866 90.79985809326172 0.04922010377049446 -0.043978091329336166 0.9978187084197998 -562.307373046875
* 0.9985740184783936 0.010473842732608318 -0.052330728620290756 -206.19883728027344 -0.008892914280295372 0.999500036239624 0.030329983681440353 105.97499084472656 0.05262264609336853 -0.02982155606150627 0.9981685280799866 -561.1458129882813
* 0.9987430572509766 0.017973756417632103 -0.04677167907357216 -197.95423889160156 -0.019132103770971298 0.9995173215866089 -0.024462657049298286 117.57442474365234 0.04630982503294945 0.02532658912241459 0.9986054301261902 -562.4495849609375
* 0.9987599849700928 0.009924978949129581 -0.04876823350787163 -193.67532348632813 -0.010356392711400986 0.9999088644981384 -0.008625563234090805 121.7181625366211 0.04867860674858093 0.009119758382439613 0.9987723231315613 -562.3615112304688
* 0.9977535605430603 0.0187490563839674 -0.06430143117904663 -196.59408569335938 -0.018162263557314873 0.9997878074645996 0.009679964743554592 124.85709381103516 0.06446972489356995 -0.00849053543061018 0.9978829622268677 -559.5015869140625
* 0.9980267286300659 0.009527386166155338 -0.06205035746097565 -204.33938598632813 -0.008264229632914066 0.9997539520263672 0.020563246682286263 130.11009216308594 0.06223144382238388 -0.020010052248835564 0.9978604912757874 -555.7538452148438
* 0.9991762638092041 0.0016512323636561632 -0.04052688926458359 -216.5269317626953 -0.0015866458415985107 0.9999970197677612 0.0015971832908689976 134.06106567382813 0.04052983596920967 -0.0015317259822040796 0.9991765022277832 -558.0604248046875
* 0.9984176158905029 0.009266063570976257 -0.0554499588906765 -224.69435119628906 -0.010067448019981384 0.9998478293418884 -0.014211704954504967 135.06063842773438 0.055310286581516266 0.014747303910553455 0.9983596205711365 -553.8201293945313
* 0.9992876648902893 0.007744899019598961 -0.03691411763429642 -233.75486755371094 -0.008433323353528976 0.9997916221618652 -0.01856178045272827 142.75869750976563 0.03676312044262886 0.01885972172021866 0.9991453886032104 -558.9642944335938
