#
#
#
#
#
#
#
#
#
#
#
#
#
#
#
#
#
#
#
#
#
#
#
#
#
#
#
#
#
#
#
#
#
#
#
#
#
#
#
#
#
#
#
#
#
#
#
#
#
#
#
#
#
#
#
#
#
#
#
#
#
#
#
#
#
#
#
#
#
#
#
#
#
#
#
#
#
#
#
#
#
#
#
#
#
#
#
#
#
#
#
#
#
#
#
#
#
#
#
#
#
#
#
#
#
#
#
#
#
#
#
#
#
#
#
#
#
#
#
#
#
#
#
#
#
#
#
#
#
#
#
#
#
#
#
#
#
#
#
#
#
#
#
#
#
#
#
#
#
#
#
#
#
#
#
#
#
#
#
#
#
#
#
#
#
#
#
#
#
#
#
#
#
#
#
#
#
#
#
#
#
#
#
#
#
#
#
#
#
#
#
#
#
#
#
#
#
#
#
#
#
#
#
#
#
#
#
#
#
#
#
#
#
#
#
#
#
#
#
#
#
#
#
#
#
#
#
#
#
#
#
#
#
#
#
#
#
#
#
#
#
#
#
#
#
#
#
#
#
#
#
#
#
#
#
#
#
#
#
#
#
#
#
#
#
#
#
#
#
#
#
#
#
#
#
#
#
#
#
#
#
#
#
#
#
#
#
#
#
#
#
#
#
#
#
#
#
#
#
#
#
#
#
#
#
#
#
#
#
#
#
#
#
#
#
#
#
#
#
#
#
#
#
#
#
#
#
#
#
#
#
#
#
#
#
#
#
#
#
#
#
#
#
#
#
#
#
#
#
#
#
#
#
#
#
#
#
#
#
#
#
#
#
#
#
#
#
#
#
#
#
#
#
#
#
#
#
#
#
#
#
#
#
#
#
#
#
#
#
#
#
#
#
#
#
#
#
#
#
#
#
#
#
#
#
#
#
#
#
#
#
#
#
#
#
#
#
#
#
#
#
#
#
#
#
#
#
#
#
#
#
#
#
#
#
#
#
#
#
#
#
#
#
#
#
#
#
#
#
#
#
#
#
#
#
#
#
#
#
#
#
#
#
#
#
#
#
#
#
#
#
#
#
#
#
#
#
#
#
#
#
#
#
#
#
#
#
#
#
#
#
#
#
#
#
#
#
#
#
#
#
#
#
#
#
#
#
#
#
#
#
#
#
#
#
#
#
#
#
#
#
#
#
#
#
#
#
#
#
#
#
#
#
#
#
#
#
#
#
#
#
#
#
#
#
#
#
#
#
#
#
#
#
#
#
#
#
#
#
#
#
#
#
#
#
#
#
#
#
#
#
#
#
#
#
#
#
#
#
#
#
#
#
#
#
#
#
#
#
#
#
#
#
* 0.9997820854187012 -0.0173233300447464 0.011732714250683784 -17.498991012573242 0.017667345702648163 0.9992319941520691 -0.03495820239186287 -21.565059661865234 -0.011120292358100414 0.03515723720192909 0.9993199706077576 -214.87013244628906
* 0.9997992515563965 -0.01987409219145775 0.002915970515459776 -18.415239334106445 0.019863752648234367 0.9996601343154907 -0.01685098372399807 -16.2550106048584 -0.002582262270152569 0.01690489985048771 0.9998538494110107 -213.82884216308594
* 0.999715268611908 -0.02389322593808174 -6.436671828851104E-4 -18.853302001953125 0.023827124387025833 0.9996442198753357 -0.011943245306611061 -13.450331687927246 9.266145061701536E-4 0.01192389614880085 0.9999285340309143 -213.4580535888672
* 0.9997219443321228 -0.021464191377162933 -0.009849871508777142 -18.772502899169922 0.021254582330584526 0.9996553659439087 -0.015372473746538162 -11.048585891723633 0.010174249298870564 0.015158222056925297 0.9998334050178528 -213.32049560546875
* 0.9997420310974121 -0.02219221368432045 -0.0050017922185361385 -18.196897506713867 0.022050563246011734 0.9996211528778076 -0.01643919013440609 -8.386988639831543 0.005362535826861858 0.016324033960700035 0.9998524188995361 -213.47886657714844
* 0.9997026324272156 -0.023311739787459373 0.00727454898878932 -17.11006736755371 0.02336684986948967 0.9996033310890198 -0.01568954810500145 -5.731391906738281 -0.006908094510436058 0.0158542487770319 0.9998504519462585 -213.6190185546875
* 0.9996795058250427 -0.0239810012280941 -0.008202905766665936 -15.732681274414063 0.023789722472429276 0.9995865225791931 -0.016121935099363327 -3.09120774269104 0.008583944290876389 0.015921007841825485 0.9998363852500916 -213.74183654785156
* 0.9996878504753113 -0.024474354460835457 -0.005167005583643913 -13.937544822692871 0.024396827444434166 0.999693751335144 -0.0040481118485331535 -1.0497686862945557 0.005262312013655901 0.003920177463442087 0.9999784827232361 -213.41973876953125
* 0.999713659286499 -0.023175563663244247 0.006093193776905537 -12.141740798950195 0.02316831611096859 0.9996976256370544 -0.008187150582671165 -1.2734043598175049 -0.0059037888422608376 0.008325361646711826 0.9999479651451111 -213.21070861816406
* 0.9996771216392517 -0.024060161784291267 -0.008280527777969837 -10.661250114440918 0.02385052852332592 0.9995512962341309 -0.018088802695274353 -3.5463197231292725 0.008709849789738655 0.01788485236465931 0.9998021125793457 -212.89407348632813
* 0.9996481537818909 -0.024032676592469215 0.011288726702332497 -8.96977424621582 0.024144979193806648 0.9995939135551453 -0.015089660882949829 -6.466033458709717 -0.010923674330115318 0.015356306917965412 0.9998223781585693 -212.92347717285156
* 0.9996570348739624 -0.02391011081635952 0.010736862197518349 -7.690230369567871 0.02409747987985611 0.9994391798973083 -0.02322104200720787 -8.823079109191895 -0.010177799500524998 0.02347121201455593 0.9996726512908936 -212.8821258544922
* 0.9991951584815979 -0.026822946965694427 0.029847729951143265 -6.202488422393799 0.027350271120667458 0.9994381070137024 -0.01933647319674492 -9.63508415222168 -0.029314476996660233 0.020136650651693344 0.9993672966957092 -213.27505493164063
* 0.9991433620452881 -0.026920681819319725 0.031448930501937866 -4.297794342041016 0.02775447629392147 0.9992151856422424 -0.028233647346496582 -8.551599502563477 -0.030666358768939972 0.029081709682941437 0.9991063475608826 -213.42007446289063
* 0.9990749955177307 -0.03242111951112747 0.02826814539730549 -2.4541261196136475 0.03311191499233246 0.9991023540496826 -0.026391256600618362 -5.228769779205322 -0.02738930657505989 0.027302274480462074 0.9992517828941345 -213.61688232421875
* 0.9988069534301758 -0.03010314516723156 0.0384652242064476 -1.0975888967514038 0.03113321028649807 0.9991227984428406 -0.027975495904684067 -1.7278964519500732 -0.03759150207042694 0.0291390810161829 0.9988681077957153 -212.83558654785156
* 0.9982817769050598 -0.033496588468551636 0.04809059947729111 -0.7416845560073853 0.03562787175178528 0.9983331561088562 -0.04538614675402641 1.9607495069503784 -0.046492330729961395 0.04702095314860344 0.9978111982345581 -213.16615295410156
* 0.9991717338562012 -0.03625650703907013 0.01850743405520916 -1.5921440124511719 0.03677302971482277 0.9988219141960144 -0.03163716942071915 7.968330383300781 -0.01734074577689171 0.032290976494550705 0.9993278980255127 -213.69451904296875
* 0.9991258978843689 -0.04164730757474899 0.0037825703620910645 -3.1657214164733887 0.04165724292397499 0.998936653137207 -0.019713740795850754 14.899032592773438 -0.002959685167297721 0.019853530451655388 0.9997983574867249 -213.02621459960938
* 0.9990809559822083 -0.04284052178263664 -0.0018337819492444396 -6.104818820953369 0.04274722561240196 0.9989452958106995 -0.016712795943021774 19.744169235229492 0.002545681782066822 0.016618486493825912 0.9998584985733032 -212.20892333984375
* 0.9989076256752014 -0.04541505500674248 -0.011069418862462044 -10.101341247558594 0.0453384667634964 0.998968780040741 -0.0020330208353698254 24.231857299804688 0.011148182675242424 0.001528371125459671 0.999936580657959 -212.14028930664063
* 0.9981165528297424 -0.047167688608169556 -0.03924625739455223 -14.780835151672363 0.047073449939489365 0.9988888502120972 -0.0018785572610795498 28.658641815185547 0.03928910568356514 2.7002399292541668E-5 0.9992278218269348 -211.17391967773438
#
#
#
#
* 0.9982549548149109 -0.04348734766244888 -0.03995130956172943 -31.02015495300293 0.04319029301404953 0.9990326762199402 -0.00824202410876751 29.717823028564453 0.040271081030368805 0.006502143107354641 0.9991676211357117 -209.95217895507813
* 0.9984020590782166 -0.03950096294283867 -0.04041161760687828 -32.17350769042969 0.0391901433467865 0.9991960525512695 -0.008428514003753662 27.50006866455078 0.04071206599473953 0.006831319071352482 0.9991474747657776 -209.68685913085938
* 0.9986220598220825 -0.036039818078279495 -0.03814578428864479 -31.891298294067383 0.0354778878390789 0.9992533922195435 -0.015278791077435017 25.5941162109375 0.038667939603328705 0.013904416933655739 0.9991551041603088 -209.50685119628906
* 0.9992862343788147 -0.03361181914806366 -0.017234889790415764 -30.48929786682129 0.033357322216033936 0.9993338584899902 -0.01478353887796402 24.051713943481445 0.01772029884159565 0.01419808529317379 0.9997419118881226 -209.71551513671875
* 0.9993000626564026 -0.028383653610944748 -0.024368267506361008 -28.36032485961914 0.027983348816633224 0.9994707107543945 -0.016568543389439583 22.75294303894043 0.024825623258948326 0.0158750731498003 0.9995654225349426 -209.46670532226563
* 0.9991248250007629 -0.02220800332725048 -0.03544824942946434 -25.489665985107422 0.021743161603808403 0.9996733665466309 -0.013414479792118073 22.45206642150879 0.03573456034064293 0.012632028199732304 0.9992809891700745 -209.39117431640625
* 0.9990906119346619 -0.01745465025305748 -0.03890164941549301 -22.455202102661133 0.01683768630027771 0.9997283816337585 -0.016102982684969902 22.2319393157959 0.039172135293483734 0.015433397144079208 0.9991127848625183 -208.8614044189453
* 0.9998488426208496 -0.015442985109984875 -0.007985985837876797 -19.107446670532227 0.015262346714735031 0.9996398091316223 -0.022069640457630157 20.428743362426758 0.00832392182201147 0.02194449119269848 0.9997240304946899 -208.76925659179688
* 0.9999303221702576 -0.011525326408445835 0.002521927934139967 -16.34145736694336 0.011563866399228573 0.9997997283935547 -0.01632688008248806 17.877243041992188 -0.0023332613054662943 0.016354981809854507 0.9998629689216614 -207.84617614746094
* 0.9999672770500183 -0.007700324058532715 -0.0024454770609736443 -14.418974876403809 0.007607571315020323 0.9993412494659424 -0.035484496504068375 15.606857299804688 0.0027170926332473755 0.0354648120701313 0.9993667006492615 -207.37998962402344
* 0.9999751448631287 -0.006010110955685377 0.00367708969861269 -13.135905265808105 0.006117811892181635 0.9995206594467163 -0.030346613377332687 12.704233169555664 -0.003492962568998337 0.030368445441126823 0.999532163143158 -206.207763671875
* 0.9999116659164429 -0.005516343750059605 0.012088711373507977 -12.176015853881836 0.005828650202602148 0.9996435642242432 -0.02604970522224903 9.303187370300293 -0.011940724216401577 0.0261179618537426 0.9995869994163513 -205.5476837158203
* 0.999959409236908 -0.004567893221974373 -0.0077627189457416534 -11.998815536499023 0.0044157616794109344 0.9998027682304382 -0.019358115270733833 7.064243316650391 0.007849584333598614 0.019323159009218216 0.9997817873954773 -204.6104278564453
* 0.9999716281890869 -0.0031108770053833723 -0.006854611914604902 -11.650084495544434 0.002954246010631323 0.9997406601905823 -0.022580038756132126 6.299346446990967 0.0069230408407747746 0.022559255361557007 0.9997208714485168 -203.7120819091797
* 0.9999997615814209 5.240623140707612E-4 -3.422261797823012E-4 -10.737946510314941 -5.322332726791501E-4 0.9997803568840027 -0.02095293439924717 4.466521263122559 3.311204491183162E-4 0.020953236147761345 0.9997797608375549 -202.5316925048828
* 0.9997530579566956 8.131168433465064E-4 0.022200630977749825 -8.300993919372559 -1.1230479140067473E-4 0.9995006322860718 -0.03159978240728378 -1.895141363143921 -0.02221527323126793 0.03158959746360779 0.9992532730102539 -202.3057861328125
* 0.9998931884765625 0.003112299367785454 0.01427300926297903 -5.330800533294678 -0.0027672636788338423 0.9997031092643738 -0.024209601804614067 -9.373040199279785 -0.014344161376357079 0.024167628958821297 0.9996042251586914 -201.38148498535156
* 0.9998214840888977 0.004957636818289757 0.01823115162551403 -2.4276723861694336 -0.004417511634528637 0.9995517730712891 -0.029609063640236855 -15.307831764221191 -0.01836981065571308 0.029523344710469246 0.9993944764137268 -199.8104248046875
* 0.999233603477478 0.007942222990095615 0.038329169154167175 -0.1514432728290558 -0.006754903122782707 0.9994954466819763 -0.03103690780699253 -18.593059539794922 -0.038556355983018875 0.03075430728495121 0.998782217502594 -198.48500061035156
#
#
#
#
#
#
#
#
#
#
#
#
#
#
#
#
#
#
#
#
#
#
#
#
#
#
#
#
#
#
#
#
#
#
#
#
#
#
#
#
#
#
#
#
#
#
#
#
#
#
#
#
#
#
#
#
#
#
#
* 0.9993810653686523 0.020910555496811867 0.0282980278134346 22.55816078186035 -0.018788160756230354 0.997174859046936 -0.07272157818078995 -24.184051513671875 -0.029738174751400948 0.07214432209730148 0.9969508647918701 -221.93995666503906
* 0.9994025230407715 0.011576905846595764 0.03257583826780319 20.186250686645508 -0.00962834432721138 0.9982207417488098 -0.058836787939071655 -15.733440399169922 -0.03319844976067543 0.05848737433552742 0.9977361559867859 -223.4136199951172
* 0.9988486766815186 0.0022741351276636124 0.04792362451553345 18.286827087402344 5.238679004833102E-4 0.9983197450637817 -0.05793669819831848 -8.92345142364502 -0.04797428101301193 0.057894472032785416 0.9971696138381958 -225.5372314453125
* 0.9992121458053589 -0.00476139085367322 0.03940654546022415 16.067537307739258 0.006646346300840378 0.9988532066345215 -0.04740672931075096 -2.6788477897644043 -0.03913509473204613 0.04763065278530121 0.9980983138084412 -228.9912567138672
* 0.9994220733642578 -0.009704289957880974 0.03258449211716652 12.558029174804688 0.011381478048861027 0.9986253380775452 -0.05115720257163048 4.088171482086182 -0.03204270824790001 0.05149785429239273 0.9981591701507568 -232.5292205810547
* 0.9997413754463196 -0.01625302992761135 0.015912460163235664 9.121818542480469 0.01685097999870777 0.9991697669029236 -0.03707967326045036 10.703919410705566 -0.015296046622097492 0.037337567657232285 0.9991859197616577 -235.06192016601563
* 0.9985037446022034 -0.02110709808766842 0.05044743791222572 6.404538631439209 0.02308669686317444 0.9989858269691467 -0.038642819970846176 15.110918998718262 -0.04958011955022812 0.039749015122652054 0.9979791045188904 -235.97203063964844
* 0.9990659356117249 -0.02199401520192623 0.037195637822151184 4.104099750518799 0.02332601137459278 0.9991040825843811 -0.035296496003866196 15.783262252807617 -0.03638548403978348 0.036130499094724655 0.9986845850944519 -237.9418487548828
* 0.9990123510360718 -0.025143222883343697 0.03663726896047592 2.48638653755188 0.026534397155046463 0.998943030834198 -0.03751654177904129 16.50939178466797 -0.035654742270708084 0.03845098242163658 0.9986242651939392 -241.01856994628906
* 0.9994945526123047 -0.028798073530197144 0.013478381559252739 0.9643669128417969 0.029159605503082275 0.9992331266403198 -0.02610641159117222 19.489553451538086 -0.012715696357190609 0.026485582813620567 0.9995684623718262 -244.22300720214844
* 0.9995836019515991 -0.028850415721535683 -8.285228977911174E-4 -0.40163326263427734 0.028820477426052094 0.9989656209945679 -0.035154227167367935 23.356168746948242 0.0018424239242449403 0.035115063190460205 0.9993817210197449 -246.914306640625
* 0.9993572235107422 -0.031820233911275864 0.016524765640497208 -0.6183571815490723 0.03254827857017517 0.9984689950942993 -0.04470972716808319 26.56461524963379 -0.015076259151101112 0.045218199491500854 0.9988634586334229 -248.6083526611328
* 0.9993916153907776 -0.033989354968070984 0.00785007793456316 0.5489093065261841 0.03435738384723663 0.9981552958488464 -0.05004127696156502 29.14039421081543 -0.0061341868713498116 0.0502798892557621 0.998716413974762 -251.27145385742188
* 0.9983116388320923 -0.035114020109176636 0.046273209154605865 3.3438117504119873 0.03715606406331062 0.9983547329902649 -0.04365596920251846 31.07842254638672 -0.044663626700639725 0.045300938189029694 0.9979745149612427 -253.5853729248047
* 0.9964655637741089 -0.03371851518750191 0.07694089412689209 7.698439121246338 0.036789655685424805 0.9985753297805786 -0.03862921521067619 31.347429275512695 -0.07552827894687653 0.04132264852523804 0.9962872266769409 -255.55233764648438
* 0.9953930377960205 -0.027515776455402374 0.09184753149747849 13.172162055969238 0.031147675588726997 0.9987853169441223 -0.03815888240933418 29.161365509033203 -0.09068552404642105 0.04084325209259987 0.9950419664382935 -257.7696228027344
* 0.9951056241989136 -0.019511191174387932 0.09687291830778122 18.91265869140625 0.022609909996390343 0.9992684721946716 -0.0308168176561594 23.897619247436523 -0.09620029479265213 0.03285561501979828 0.9948198795318604 -260.4764404296875
* 0.9982966780662537 -0.0101146986708045 0.057461559772491455 23.88093376159668 0.010923197492957115 0.9998487234115601 -0.013476939871907234 16.140764236450195 -0.057316020131111145 0.014080961234867573 0.9982571601867676 -263.5033264160156
* 0.9958228468894958 -0.0018737106584012508 0.09129053354263306 27.890499114990234 0.002872226992622018 0.9999386668205261 -0.010621916502714157 9.60010814666748 -0.09126453846693039 0.01083905715495348 0.9957680106163025 -263.35968017578125
* 0.9955941438674927 0.004478982649743557 0.09366340190172195 30.91294288635254 -0.004163396544754505 0.9999848008155823 -0.0033835130743682384 6.958139896392822 -0.09367663413286209 0.002977949334308505 0.9955984354019165 -264.80926513671875
* 0.9956756830215454 0.007914706133306026 0.09256261587142944 33.45845413208008 -0.007299859542399645 0.9999493956565857 -0.006796237546950579 7.395047187805176 -0.09261122345924377 0.0060904547572135925 0.9956839084625244 -267.45013427734375
* 0.9969341158866882 0.014308434911072254 0.07693056762218475 36.03969192504883 -0.012768344022333622 0.9997124671936035 -0.0202544666826725 9.528656959533691 -0.07719774544239044 0.019209392368793488 0.9968309998512268 -270.39990234375
* 0.9976464509963989 0.022668346762657166 0.06471730768680573 38.6484489440918 -0.021467754617333412 0.9995896220207214 -0.01892668381333351 14.041540145874023 -0.06511925160884857 0.017492087557911873 0.9977244138717651 -273.2652282714844
* 0.9995014667510986 0.03138159215450287 0.0035377806052565575 41.256263732910156 -0.0313776396214962 0.999500036239624 0.0036837663501501083 21.621700286865234 -0.0034198323264718056 -0.0037936626467853785 0.9999871850013733 -278.4109802246094
* 0.998885989189148 0.03090033307671547 0.035670310258865356 42.440067291259766 -0.030357493087649345 0.9994229078292847 -0.015191630460321903 29.21268653869629 -0.03611860051751137 0.014091135933995247 0.9992483854293823 -278.38336181640625
* 0.9982665181159973 0.03404837101697922 0.04801098629832268 42.57371520996094 -0.03323932737112045 0.9992986917495728 -0.01720130443572998 35.87432861328125 -0.048562437295913696 0.015574940480291843 0.9986989498138428 -279.08746337890625
* 0.9973062872886658 0.03238325193524361 0.06581678986549377 41.643497467041016 -0.030209321528673172 0.9989809989929199 -0.03350767493247986 40.63074493408203 -0.06683427095413208 0.03142845258116722 0.9972692131996155 -280.293212890625
* 0.9960365891456604 0.034321561455726624 0.08205653727054596 40.02861785888672 -0.03151550889015198 0.998887836933136 -0.035047147423028946 43.372657775878906 -0.08316761255264282 0.0323215126991272 0.99601149559021 -280.8805847167969
* 0.9949846863746643 0.03097515180706978 0.09511079639196396 37.44369125366211 -0.025145646184682846 0.997776210308075 -0.06171536073088646 44.09614944458008 -0.09681040793657303 0.05901356786489487 0.9935519695281982 -283.3453674316406
* 0.9965739250183105 0.036679334938526154 0.0741289034485817 34.02067565917969 -0.03243225812911987 0.9978187680244446 -0.05748432129621506 43.32737350463867 -0.07607513666152954 0.054882556200027466 0.9955906867980957 -285.93115234375
* 0.9967032074928284 0.03933161869645119 0.07096293568611145 30.347383499145508 -0.036036450415849686 0.9982486367225647 -0.046899810433387756 41.217628479003906 -0.07268273085355759 0.044187281280756 0.9963759183883667 -287.67413330078125
* 0.9946084022521973 0.03776293992996216 0.09658189862966537 27.959867477416992 -0.03169729560613632 0.9974831938743591 -0.06341323256492615 39.84713363647461 -0.09873293340206146 0.060009315609931946 0.9933030605316162 -288.56121826171875
* 0.9974910020828247 0.040369901806116104 0.058154549449682236 26.477285385131836 -0.03884512186050415 0.998884379863739 -0.026829596608877182 41.75123977661133 -0.05917217582464218 0.024502597749233246 0.9979471564292908 -291.65765380859375
* 0.9980522394180298 0.035252589732408524 0.0514666847884655 25.475845336914063 -0.03345246613025665 0.9988228678703308 -0.035106733441352844 45.589473724365234 -0.05264310538768768 0.03331600874662399 0.9980576038360596 -294.5997314453125
* 0.9969865679740906 0.0387994758784771 0.06717412918806076 22.810861587524414 -0.03455858677625656 0.9974181056022644 -0.06293932348489761 46.86062240600586 -0.06944215297698975 0.06042758747935295 0.9957544207572937 -296.224609375
* 0.9984188675880432 0.038936372846364975 0.040539711713790894 17.738636016845703 -0.03692605718970299 0.9981244802474976 -0.04880988225340843 42.5676383972168 -0.04236358404159546 0.047235097736120224 0.997985303401947 -301.6855163574219
* 0.9953823089599609 0.04245130345225334 -0.08609045296907425 10.108749389648438 -0.04598252475261688 0.9981539249420166 -0.03965805470943451 34.408409118652344 0.08424871414899826 0.043432943522930145 0.9954978227615356 -302.4961242675781
* 0.9892667531967163 0.04142484813928604 -0.14012351632118225 3.049755573272705 -0.0474727638065815 0.9980616569519043 -0.04021850973367691 29.923826217651367 0.13818661868572235 0.046438250690698624 0.9893168807029724 -300.98626708984375
* 0.9919424057006836 0.03338788449764252 -0.12220803648233414 -2.7001404762268066 -0.03955988585948944 0.9980352520942688 -0.048570580780506134 30.205928802490234 0.12034698575735092 0.05301312357187271 0.9913154244422913 -302.43609619140625
* 0.9937880635261536 0.031016306951642036 -0.10687685012817383 -7.464969158172607 -0.035094767808914185 0.9987108707427979 -0.03665229305624962 30.998910903930664 0.10560295730829239 0.040174782276153564 0.9935964345932007 -303.4618835449219
* 0.9974466562271118 0.02920345775783062 -0.06516879051923752 -11.797207832336426 -0.031373392790555954 0.9989690184593201 -0.03278821334242821 29.035049438476563 0.06414474546909332 0.03474840149283409 0.9973353743553162 -304.93731689453125
* 0.9956578016281128 0.025969645008444786 -0.0893915444612503 -15.150919914245605 -0.028245599940419197 0.9993004202842712 -0.024479743093252182 26.267473220825195 0.08869397640228271 0.026897704228758812 0.9956956505775452 -305.947265625
* 0.998539924621582 0.021834585815668106 -0.04940662160515785 -16.804378509521484 -0.02407790906727314 0.9986677169799805 -0.04562272131443024 26.155778884887695 0.04834530130028725 0.046745069324970245 0.9977362155914307 -308.3227233886719
* 0.9963745474815369 0.021416660398244858 -0.08233312517404556 -17.36170768737793 -0.022299999371170998 0.9997003078460693 -0.010029351338744164 28.993885040283203 0.08209431171417236 0.011828336864709854 0.9965543150901794 -308.7418212890625
* 0.9991896152496338 0.015345100313425064 -0.037208087742328644 -15.982563972473145 -0.017829449847340584 0.9975355267524719 -0.06784894317388535 31.63242530822754 0.036075856536626816 0.0684567242860794 0.9970015287399292 -311.083740234375
* 0.9951246976852417 0.011796708218753338 -0.09791573137044907 -13.88784408569336 -0.015324290841817856 0.9992504715919495 -0.03552546352148056 33.15996551513672 0.09742394089698792 0.036852091550827026 0.9945604205131531 -312.38787841796875
* 0.9970028400421143 0.0066111721098423 -0.07708101719617844 -10.615299224853516 -0.010943871922791004 0.9983620643615723 -0.05614206939935684 35.32145309448242 0.07658424973487854 0.056816719472408295 0.9954430460929871 -314.5244445800781
* 0.9999274015426636 -0.002185405697673559 -0.011840526014566422 -8.052458763122559 0.0019114381866529584 0.9996969103813171 -0.02450992912054062 39.584590911865234 0.011891093105077744 0.024484844878315926 0.999629557132721 -317.1774597167969
* 0.9995326399803162 -0.008752668276429176 0.029283953830599785 -6.356781959533691 0.009292720817029476 0.9997978806495667 -0.01778060384094715 44.7326774597168 -0.02912185713648796 0.01804373413324356 0.999413013458252 -318.35333251953125
* 0.9997780919075012 -0.009893757291138172 0.018585456535220146 -4.760717868804932 0.010479304008185863 0.9994710087776184 -0.03076070360839367 50.59666442871094 -0.01827072724699974 0.03094797022640705 0.9993540048599243 -321.379638671875
* 0.998609721660614 -0.020189782604575157 0.048688873648643494 -2.7143595218658447 0.020257506519556046 0.9997937679290771 -5.542095750570297E-4 58.14204406738281 -0.04866712912917137 0.0015390533953905106 0.9988138675689697 -323.38525390625
* 0.9998531937599182 -0.014934524893760681 0.008368185721337795 -0.5323283076286316 0.01510489359498024 0.9997117519378662 -0.018611837178468704 65.08116149902344 -0.00808725692331791 0.01873483695089817 0.99979168176651 -323.84918212890625
#
#
#
#
#
#
#
#
#
#
#
#
#
#
#
#
#
#
#
#
#
#
#
#
#
* 0.9937610030174255 0.011045435443520546 -0.11097265779972076 13.580382347106934 -0.004968568682670593 0.9984414577484131 0.05559328570961952 -16.854724884033203 0.111419178545475 -0.054703470319509506 0.9922674298286438 -367.95245361328125
* 0.9856351613998413 0.011498074978590012 0.1684902310371399 15.756926536560059 -0.011939824558794498 0.99992835521698 0.0011418224312365055 -22.762704849243164 -0.16846001148223877 -0.003145501483231783 0.9857041835784912 -359.7078552246094
* 0.985735297203064 0.016893239691853523 0.16744635999202728 12.6815185546875 -0.016632167622447014 0.9998561143875122 -0.003431424032896757 -21.359073638916016 -0.167475163936615 5.891777109354734E-4 0.9858767986297607 -363.0325927734375
* 0.9947283267974854 0.01559896394610405 0.1013416051864624 6.4705047607421875 -0.012580467388033867 0.999436616897583 -0.03112964518368244 -16.047487258911133 -0.10176491737365723 0.029682355001568794 0.9943662285804749 -371.549072265625
* 0.9931042194366455 0.018413005396723747 0.11576994508504868 -0.9091447591781616 -0.013264985755085945 0.9988648295402527 -0.04575711116194725 -8.318567276000977 -0.1164759024977684 0.04389767721295357 0.9922235608100891 -371.78729248046875
* 0.9775059223175049 0.025474071502685547 0.20935779809951782 -6.316140651702881 -0.01583666354417801 0.9987241625785828 -0.04795551300048828 -1.5772571563720703 -0.21030740439891815 0.043553102761507034 0.976665198802948 -366.5106201171875
* 0.9772839546203613 0.019179992377758026 0.2110583633184433 -9.29504108428955 -0.010770783759653568 0.9990893006324768 -0.0412924587726593 1.482365369796753 -0.21165326237678528 0.038072969764471054 0.9766035079956055 -364.0159912109375
* 0.98696368932724 0.019852178171277046 0.159706249833107 -9.388765335083008 -0.014171663671731949 0.9992105960845947 -0.03711991012096405 4.750344276428223 -0.16031204164028168 0.034364476799964905 0.9864685535430908 -366.5364074707031
* 0.9986273646354675 0.0221514031291008 0.04743701219558716 -7.343588352203369 -0.02101614512503147 0.9994428753852844 -0.025939006358385086 7.575145244598389 -0.04797986149787903 0.024898236617445946 0.9985383749008179 -369.38885498046875
* 0.9990326762199402 0.016946960240602493 0.040548358112573624 -2.443950653076172 -0.016856011003255844 0.9998478889465332 -0.004522617906332016 12.393806457519531 -0.040613554418087006 0.0038264766335487366 0.9991680979728699 -374.4739990234375
* 0.9994936585426331 0.012240460142493248 0.029331764206290245 4.000717639923096 -0.012220523320138454 0.9999191761016846 -0.0035410216078162193 19.65989112854004 -0.02936747297644615 0.0031724823638796806 0.9995640516281128 -377.2370910644531
* 0.9989453554153442 0.008700190111994743 0.045056987553834915 10.181641578674316 -0.01024581678211689 0.9994216561317444 0.032428257167339325 28.52822494506836 -0.044743575155735016 -0.03286406770348549 0.9984581470489502 -378.23638916015625
* 0.9999104142189026 0.013294030912220478 2.4195434525609016E-4 15.537489891052246 -0.01330144889652729 0.9923096895217896 0.12306367605924606 41.05087661743164 0.0014012479223310947 -0.12306425720453262 0.9923980236053467 -379.93853759765625
* 0.9998162984848022 0.013284715823829174 0.013726526871323586 20.883220672607422 -0.014492884278297424 0.9962108135223389 0.08575653284788132 55.23666000366211 -0.012529943138360977 -0.08594809472560883 0.996221125125885 -382.0848388671875
* 0.9976043105125427 0.00250442186370492 0.06911607086658478 28.584060668945313 -0.0027394527569413185 0.9999939203262329 0.0021673429291695356 66.76811218261719 -0.0691051036119461 -0.0023598403204232454 0.9976068139076233 -381.45556640625
* 0.9820989370346069 -0.002816027496010065 0.1883389949798584 37.04607391357422 0.015846172347664833 0.9975504875183105 -0.06813289225101471 71.56153869628906 -0.18768109381198883 0.06988944113254547 0.979740560054779 -373.6436767578125
* 0.9877771735191345 0.005544914864003658 0.15576647222042084 44.57075500488281 0.0033943508751690388 0.9983360171318054 -0.05756843835115433 72.84392547607422 -0.15582162141799927 0.05738529935479164 0.9861170649528503 -373.20257568359375
* 0.9887468218803406 0.0025544101372361183 0.14956921339035034 51.804664611816406 0.004441507160663605 0.9988877177238464 -0.046946652233600616 71.83853149414063 -0.14951790869235992 0.047074414789676666 0.987637996673584 -372.94317626953125
* 0.9914694428443909 9.131411206908524E-4 0.13032765686511993 57.677574157714844 0.002458420814946294 0.9996510148048401 -0.026310406625270844 70.47032165527344 -0.13030126690864563 0.026398077607154846 0.9911231398582458 -373.2489318847656
* 0.9935927391052246 8.79716535564512E-4 0.11300681531429291 61.043190002441406 0.0036181574687361717 0.9991818070411682 -0.040286630392074585 69.28549194335938 -0.1129448339343071 0.04042911157011986 0.9927785992622375 -374.73260498046875
* 0.9939361214637756 0.004207808990031481 0.10986851155757904 61.56668472290039 5.175440455786884E-4 0.9990464448928833 -0.04366045445203781 68.03571319580078 -0.10994250327348709 0.043444328010082245 0.9929882287979126 -374.5492858886719
* 0.9942312836647034 0.001570728956721723 0.1072366014122963 61.28662872314453 0.0026036163326352835 0.9992159605026245 -0.03950897231698036 66.42076873779297 -0.10720963776111603 0.0395519956946373 0.9934496283531189 -375.60528564453125
* 0.99757319688797 0.0011442835675552487 0.06960130482912064 60.67452621459961 -1.7649776418693364E-4 0.9998869895935059 -0.015040015801787376 60.829769134521484 -0.06960561126470566 0.014982941560447216 0.9974622130393982 -379.28106689453125
* 0.9986251592636108 0.005625634919852018 0.05209585651755333 62.14190673828125 -0.0066642072051763535 0.999811053276062 0.018269777297973633 51.79059982299805 -0.05197810381650925 -0.018600139766931534 0.9984751343727112 -382.8948974609375
* 0.9959309697151184 -0.011008544825017452 0.08943308889865875 62.87351608276367 0.012509679421782494 0.9997752904891968 -0.017123442143201828 41.58089065551758 -0.0892195850610733 0.018164195120334625 0.9958464503288269 -380.3127136230469
* 0.9925653338432312 -0.01021050475537777 0.12127519398927689 64.06977081298828 0.01346857100725174 0.9995521903038025 -0.026725681498646736 34.73060607910156 -0.12094315886497498 0.02815205417573452 0.9922602772712708 -377.0546875
* 0.9927036166191101 -0.017239443957805634 0.11933225393295288 64.46784973144531 0.020336300134658813 0.9994693994522095 -0.02544400840997696 32.18234634399414 -0.1188255175948143 0.027676763013005257 0.9925294518470764 -378.4226379394531
* 0.9929293394088745 -0.011242417618632317 0.1181643009185791 63.08949279785156 0.012796621769666672 0.9998327493667603 -0.013068988919258118 33.34385299682617 -0.11799276620149612 0.01448032446205616 0.9929090142250061 -379.4739685058594
* 0.9921906590461731 -0.016694722697138786 0.12359946221113205 60.189598083496094 0.018114928156137466 0.9997752904891968 -0.01101264450699091 35.81784439086914 -0.1233830377459526 0.013157221488654613 0.9922720789909363 -379.2959899902344
* 0.9933274388313293 -0.018744733184576035 0.11378548294305801 57.30098342895508 0.021421561017632484 0.9995049238204956 -0.02304214797914028 34.68264389038086 -0.11329245567321777 0.025317445397377014 0.9932392835617065 -378.4377136230469
* 0.9935603737831116 -0.019222339615225792 0.1116517186164856 55.66434097290039 0.023691484704613686 0.998936653137207 -0.0395490862429142 29.941909790039063 -0.11076801270246506 0.04193120077252388 0.9929615259170532 -379.67584228515625
* 0.9920902252197266 -0.014767220243811607 0.12464704364538193 54.93232727050781 0.018515001982450485 0.9993904829025269 -0.029595740139484406 26.05705451965332 -0.12412924319505692 0.031661104410886765 0.9917610287666321 -380.2872314453125
* 0.9947192668914795 -0.01109367050230503 0.10202197730541229 54.732486724853516 0.011394672095775604 0.9999302625656128 -0.0031396541744470596 23.997724533081055 -0.10197515040636063 0.004277179948985577 0.9947779178619385 -381.0058898925781
* 0.9951674938201904 -0.009683782234787941 0.09770328551530838 54.2932014465332 0.009694025851786137 0.9999529719352722 -4.3548032408580184E-4 20.56743049621582 -0.09768957644701004 0.0013721082359552383 0.9952161908149719 -382.2528381347656
* 0.9927052855491638 -0.011762422509491444 0.11998257040977478 52.55522918701172 0.01613471284508705 0.9992146492004395 -0.03619295358657837 14.378013610839844 -0.11945781856775284 0.03785645589232445 0.9921174645423889 -382.487548828125
* 0.9882825016975403 -0.015319992788136005 0.1518581211566925 48.66243362426758 0.020357226952910423 0.9992745518684387 -0.03219117224216461 8.753661155700684 -0.15125006437301636 0.03489700332283974 0.9878794550895691 -380.5047912597656
* 0.9713377952575684 -0.010213913396000862 0.2374793291091919 41.93827819824219 0.016764642670750618 0.9995238184928894 -0.02591281570494175 5.712235927581787 -0.23709701001644135 0.029142998158931732 0.971048891544342 -382.395751953125
* 0.9427502155303955 -0.00977372843772173 0.3333531320095062 28.929899215698242 0.025867482647299767 0.9986918568611145 -0.04411022737622261 3.694953203201294 -0.3324816823005676 0.050199609249830246 0.9417728185653687 -383.4028015136719
* 0.921787440776825 -0.011443832889199257 0.3875240087509155 12.447038650512695 0.035636335611343384 0.9978225231170654 -0.055503327399492264 4.179971218109131 -0.3860410153865814 0.06496388465166092 0.9201913475990295 -386.2878112792969
* 0.9310058355331421 -0.03907766193151474 0.36290377378463745 -5.565333366394043 0.04753950983285904 0.9987622499465942 -0.014629025012254715 8.072993278503418 -0.36187905073165894 0.030863486230373383 0.9317141175270081 -392.97113037109375
* 0.9418875575065613 -0.02868635393679142 0.3346986174583435 -20.05142593383789 0.06530977785587311 0.9929496049880981 -0.09892188012599945 13.742925643920898 -0.329497367143631 0.11502406746149063 0.9371238350868225 -390.7039489746094
* 0.9923194646835327 -0.03744072839617729 -0.11789219826459885 -31.865604400634766 0.038517069071531296 0.9992294907569885 0.00753241078928113 20.805692672729492 0.11752402782440186 -0.012023969553411007 0.9929972887039185 -390.4176330566406
* 0.9923948049545288 -0.03583481162786484 -0.11775670200586319 -37.562110900878906 0.037461068481206894 0.9992223978042603 0.0122956782579422 25.965530395507813 0.11722923070192337 -0.016622012481093407 0.992965817451477 -384.64605712890625
* 0.9944195747375488 -0.04685109481215477 -0.09451442211866379 -40.08275604248047 0.050306905061006546 0.9981075525283813 0.03536374494433403 30.317148208618164 0.0926833227276802 -0.03992975503206253 0.994894802570343 -383.900634765625
* 0.9968436360359192 -0.03731277585029602 -0.07006170600652695 -41.22322463989258 0.037345804274082184 0.9993023872375488 2.826268319040537E-4 33.27418518066406 0.07000696659088135 -0.002906808629631996 0.9975423812866211 -385.2980651855469
* 0.9925422668457031 -0.032738976180553436 -0.11741407960653305 -41.501220703125 0.028965307399630547 0.9990341663360596 -0.03304048627614975 31.432493209838867 0.11838717758655548 0.02938464842736721 0.9925326704978943 -382.1441650390625
* 0.9955427050590515 -0.029119106009602547 -0.08969330787658691 -42.30678176879883 0.029205329716205597 0.999573290348053 5.255150608718395E-4 25.623207092285156 0.08964450657367706 -0.0031512132845818996 0.9959688782691956 -385.8749694824219
* 0.9911476373672485 -0.031020935624837875 -0.1290818750858307 -45.192501068115234 0.0373818539083004 0.9981587529182434 0.047766514122486115 17.850627899169922 0.12736715376377106 -0.05217757076025009 0.9904822111129761 -385.02783203125
* 0.9848350882530212 -0.03503817319869995 -0.16991247236728668 -52.83329772949219 0.0361873060464859 0.9993364810943604 0.0041332002729177475 10.055289268493652 0.16965962946414948 -0.010227772407233715 0.985449492931366 -388.9568176269531
* 0.9679579138755798 -0.02403970994055271 -0.24995537102222443 -62.86741256713867 0.03329785168170929 0.9988941550254822 0.03319184482097626 5.652090549468994 0.24888575077056885 -0.040459826588630676 0.9676872491836548 -381.2644958496094
* 0.9853392839431763 -0.021616170182824135 -0.16922558844089508 -73.63121795654297 0.0241062194108963 0.9996230006217957 0.013138923794031143 4.683941841125488 0.1688825637102127 -0.017034202814102173 0.9854888319969177 -382.9422912597656
* 0.9935232400894165 -0.02638836018741131 -0.11051389575004578 -80.22957611083984 0.027137516066432 0.9996136426925659 0.005992481485009193 5.78772497177124 0.11031784117221832 -0.008961272425949574 0.9938557744026184 -383.21002197265625
* 0.9970259070396423 -0.021586976945400238 -0.07396676391363144 -83.34722137451172 0.021099641919136047 0.9997574090957642 -0.006302759982645512 9.251850128173828 0.07408968359231949 0.004714846611022949 0.9972402453422546 -385.9080810546875
* 0.9968498349189758 -0.01804516837000847 -0.07721775025129318 -83.67108917236328 0.01892307586967945 0.9997527003288269 0.011673526838421822 13.52833080291748 0.07699282467365265 -0.013106449507176876 0.9969452619552612 -383.8106384277344
* 0.9972008466720581 -0.015920748934149742 -0.07303958386182785 -84.3180160522461 0.015365677885711193 0.9998567700386047 -0.007080668117851019 14.634037971496582 0.07314669340848923 0.005930075887590647 0.997303307056427 -383.0183410644531
* 0.9970071315765381 -0.01859881542623043 -0.07502376288175583 -85.43147277832031 0.021488815546035767 0.9990097284317017 0.038957688957452774 11.378887176513672 0.07422968745231628 -0.04046178609132767 0.9964196681976318 -383.7534484863281
* 0.9956098794937134 -0.014082612469792366 -0.09252198040485382 -86.27310180664063 0.012555223889648914 0.9997895359992981 -0.016222059726715088 5.259910583496094 0.09273583441972733 0.014980755746364594 0.9955777525901794 -382.5861511230469
* 0.9953343272209167 -0.019393615424633026 -0.09450434148311615 -86.26707458496094 0.019812222570180893 0.9997943639755249 0.0043254997581243515 0.5919201374053955 0.09440582990646362 -0.006186157930642366 0.9955143332481384 -382.84295654296875
* 0.997331976890564 -0.014976547099649906 -0.07142871618270874 -84.83187103271484 0.015458902344107628 0.9998537302017212 0.007306959480047226 -2.1884732246398926 0.07131366431713104 -0.008400163613259792 0.9974183440208435 -383.1338806152344
* 0.9984577894210815 -0.018726883456110954 -0.052238475531339645 -84.13739776611328 0.020238207653164864 0.9993427395820618 0.030074620619416237 -1.0784121751785278 0.051645707339048386 -0.031093979254364967 0.9981810450553894 -386.9241638183594
* 0.9998159408569336 -0.01780494675040245 -0.0069715119898319244 -85.3447265625 0.017868701368570328 0.9996214509010315 0.02091923914849758 5.3083343505859375 0.006601159926503897 -0.021048469468951225 0.9997564554214478 -391.9498596191406
* 0.9956921935081482 -0.016898978501558304 -0.09115429222583771 -92.60665893554688 0.020028214901685715 0.9992076754570007 0.034391824156045914 18.274446487426758 0.0905056819319725 -0.03607785701751709 0.9952419996261597 -386.4233093261719
* 0.9955162405967712 -0.025376910343766212 -0.0911097526550293 -99.41708374023438 0.028900861740112305 0.9988428354263306 0.038441002368927 22.055492401123047 0.09003353863954544 -0.04091037064790726 0.995097815990448 -385.2869567871094
* 0.9968175292015076 -0.01659071072936058 -0.07795596122741699 -105.66459655761719 0.01727907732129097 0.9998086094856262 0.009173769503831863 27.19585609436035 0.07779364287853241 -0.010500101372599602 0.9969138503074646 -385.75482177734375
* 0.9992790222167969 -0.02309112437069416 -0.030096614733338356 -109.23858642578125 0.023721573874354362 0.999444305896759 0.023417456075549126 32.329071044921875 0.029543861746788025 -0.024123068898916245 0.9992719888687134 -386.7571716308594
* 0.9995147585868835 -0.025292495265603065 -0.018123161047697067 -109.37381744384766 0.025174273177981377 0.9996801018714905 -0.0024136726278811693 38.27691650390625 0.01818310096859932 0.0019477136665955186 0.9998324513435364 -387.6980895996094
* 0.9987726807594299 -0.014848948456346989 -0.04722912609577179 -106.33069610595703 0.014512239024043083 0.9998777508735657 -0.005803762003779411 45.38718032836914 0.04731433466076851 0.005102728493511677 0.9988666772842407 -389.07196044921875
