#
#
#
#
#
#
#
#
#
#
#
#
#
#
#
#
#
#
#
#
#
#
#
#
#
#
#
#
#
#
#
#
#
#
#
#
#
#
#
#
#
#
#
#
#
#
#
#
#
#
#
#
#
#
#
#
#
#
#
#
#
#
#
#
#
#
#
#
#
#
#
#
#
#
#
#
#
#
#
#
#
#
#
#
#
#
#
#
#
#
#
#
#
#
#
#
#
#
#
#
#
#
#
#
#
#
#
#
#
#
#
#
#
#
#
#
#
#
*1 0.9967633485794067 0.006103776395320892 -0.08016017079353333 -14.499826431274414
*1 0.9967633485794067 0.006103776395320892 -0.08016017079353333 -14.499826431274414
*2 -0.010772211477160454 0.9982685446739197 -0.05782812461256981 9.710721969604492
*1 0.9967633485794067 0.006103776395320892 -0.08016017079353333 -14.499826431274414
*2 -0.010772211477160454 0.9982685446739197 -0.05782812461256981 9.710721969604492
*3 0.0796680673956871 0.05850398913025856 0.9951031804084778 -155.4791717529297
*1 0.9967117309570313 0.0022326000034809113 -0.08099853247404099 -14.77523422241211
*1 0.9967117309570313 0.0022326000034809113 -0.08099853247404099 -14.77523422241211
*2 -0.006435869727283716 0.9986491203308105 -0.05156281217932701 6.88755989074707
*1 0.9967117309570313 0.0022326000034809113 -0.08099853247404099 -14.77523422241211
*2 -0.006435869727283716 0.9986491203308105 -0.05156281217932701 6.88755989074707
*3 0.08077365905046463 0.05191408842802048 0.9953795671463013 -155.69654846191406
*1 0.9953849911689758 -0.001033175503835082 -0.0959569588303566 -16.072450637817383
*1 0.9953849911689758 -0.001033175503835082 -0.0959569588303566 -16.072450637817383
*2 -0.003680570051074028 0.998799741268158 -0.048843394964933395 3.97943115234375
*1 0.9953849911689758 -0.001033175503835082 -0.0959569588303566 -16.072450637817383
*2 -0.003680570051074028 0.998799741268158 -0.048843394964933395 3.97943115234375
*3 0.09589191526174545 0.048970695585012436 0.9941864609718323 -156.00865173339844
*1 0.995571494102478 -0.0027661160565912724 -0.09396851807832718 -17.82493019104004
*1 0.995571494102478 -0.0027661160565912724 -0.09396851807832718 -17.82493019104004
*2 -0.0014239285374060273 0.9990127682685852 -0.04440158233046532 1.127181053161621
*1 0.995571494102478 -0.0027661160565912724 -0.09396851807832718 -17.82493019104004
*2 -0.0014239285374060273 0.9990127682685852 -0.04440158233046532 1.127181053161621
*3 0.0939982607960701 0.04433828219771385 0.9945845007896423 -156.3121795654297
*1 0.9950723052024841 -0.005128263030201197 -0.09902092069387436 -19.808706283569336
*1 0.9950723052024841 -0.005128263030201197 -0.09902092069387436 -19.808706283569336
*2 9.000760037451982E-4 0.9990914463996887 -0.04261055961251259 -1.6334352493286133
*1 0.9950723052024841 -0.005128263030201197 -0.09902092069387436 -19.808706283569336
*2 9.000760037451982E-4 0.9990914463996887 -0.04261055961251259 -1.6334352493286133
*3 0.09914916008710861 0.04231100156903267 0.9941726326942444 -156.50503540039063
*1 0.994743824005127 -0.007841283455491066 -0.10209555178880692 -21.544445037841797
*1 0.994743824005127 -0.007841283455491066 -0.10209555178880692 -21.544445037841797
*2 0.0042256806045770645 0.999360978603363 -0.03549761325120926 -4.045026779174805
*1 0.994743824005127 -0.007841283455491066 -0.10209555178880692 -21.544445037841797
*2 0.0042256806045770645 0.999360978603363 -0.03549761325120926 -4.045026779174805
*3 0.10230832546949387 0.034879159182310104 0.9941410422325134 -156.39781188964844
*1 0.995121955871582 -0.009070640429854393 -0.09823505580425262 -22.847515106201172
*1 0.995121955871582 -0.009070640429854393 -0.09823505580425262 -22.847515106201172
*2 0.005531824193894863 0.9993312358856201 -0.036148931831121445 -6.027791976928711
*1 0.995121955871582 -0.009070640429854393 -0.09823505580425262 -22.847515106201172
*2 0.005531824193894863 0.9993312358856201 -0.036148931831121445 -6.027791976928711
*3 0.0984969288110733 0.035428740084171295 0.994506299495697 -156.5062255859375
#
#
#
#
#
#
*1 0.9963799118995667 -0.007458371575921774 -0.08468121290206909 -25.827669143676758
*1 0.9963799118995667 -0.007458371575921774 -0.08468121290206909 -25.827669143676758
*2 0.004222139250487089 0.9992343187332153 -0.03889923170208931 -7.018803596496582
*1 0.9963799118995667 -0.007458371575921774 -0.08468121290206909 -25.827669143676758
*2 0.004222139250487089 0.9992343187332153 -0.03889923170208931 -7.018803596496582
*3 0.08490867912769318 0.038403380662202835 0.9956485629081726 -158.71365356445313
*1 0.9967836737632751 -0.005436705891042948 -0.0799507200717926 -26.805755615234375
*1 0.9967836737632751 -0.005436705891042948 -0.0799507200717926 -26.805755615234375
*2 0.0018869718769565225 0.9989848136901855 -0.045009538531303406 -4.974854946136475
*1 0.9967836737632751 -0.005436705891042948 -0.0799507200717926 -26.805755615234375
*2 0.0018869718769565225 0.9989848136901855 -0.045009538531303406 -4.974854946136475
*3 0.08011642098426819 0.04471641406416893 0.9957821369171143 -159.33917236328125
*1 0.9964573979377747 -0.003251106943935156 -0.08403269201517105 -28.11345863342285
*1 0.9964573979377747 -0.003251106943935156 -0.08403269201517105 -28.11345863342285
*2 -6.235124892555177E-4 0.9989128708839417 -0.046614546328783035 -2.569779634475708
*1 0.9964573979377747 -0.003251106943935156 -0.08403269201517105 -28.11345863342285
*2 -6.235124892555177E-4 0.9989128708839417 -0.046614546328783035 -2.569779634475708
*3 0.08409503847360611 0.04650433734059334 0.9953721761703491 -159.46270751953125
*1 0.9956273436546326 -0.0030854237265884876 -0.09335895627737045 -29.56060028076172
*1 0.9956273436546326 -0.0030854237265884876 -0.09335895627737045 -29.56060028076172
*2 -0.0012164885411038995 0.9989175200462341 -0.04650320112705231 -0.46509113907814026
*1 0.9956273436546326 -0.0030854237265884876 -0.09335895627737045 -29.56060028076172
*2 -0.0012164885411038995 0.9989175200462341 -0.04650320112705231 -0.46509113907814026
*3 0.09340351074934006 0.046415966004133224 0.9945460557937622 -158.8816375732422
*1 0.9955060482025146 -0.001784631167538464 -0.09467796981334686 -31.166973114013672
*1 0.9955060482025146 -0.001784631167538464 -0.09467796981334686 -31.166973114013672
*2 -0.002913694130256772 0.9987464547157288 -0.04997183382511139 0.7405089735984802
*1 0.9955060482025146 -0.001784631167538464 -0.09467796981334686 -31.166973114013672
*2 -0.002913694130256772 0.9987464547157288 -0.04997183382511139 0.7405089735984802
*3 0.09465060383081436 0.050025664269924164 0.9942530393600464 -158.5994873046875
*1 0.9952071905136108 -0.0023753000423312187 -0.0977577492594719 -32.834407806396484
*1 0.9952071905136108 -0.0023753000423312187 -0.0977577492594719 -32.834407806396484
*2 -0.0018947484204545617 0.9990273118019104 -0.04405689239501953 1.1617887020111084
*1 0.9952071905136108 -0.0023753000423312187 -0.0977577492594719 -32.834407806396484
*2 -0.0018947484204545617 0.9990273118019104 -0.04405689239501953 1.1617887020111084
*3 0.09776945412158966 0.044033490121364594 0.9942347407341003 -158.42909240722656
*1 0.994784414768219 -0.0023200917057693005 -0.10197149962186813 -34.65706253051758
*1 0.994784414768219 -0.0023200917057693005 -0.10197149962186813 -34.65706253051758
*2 -0.0022823060862720013 0.9989632964134216 -0.04546692594885826 1.3248440027236938
*1 0.994784414768219 -0.0023200917057693005 -0.10197149962186813 -34.65706253051758
*2 -0.0022823060862720013 0.9989632964134216 -0.04546692594885826 1.3248440027236938
*3 0.10197343677282333 0.04546503722667694 0.9937478303909302 -158.47007751464844
*1 0.9950963854789734 1.7601778381504118E-4 -0.09890756756067276 -36.52873992919922
*1 0.9950963854789734 1.7601778381504118E-4 -0.09890756756067276 -36.52873992919922
*2 -0.00498830946162343 0.9987913966178894 -0.048897042870521545 1.5633114576339722
*1 0.9950963854789734 1.7601778381504118E-4 -0.09890756756067276 -36.52873992919922
*2 -0.00498830946162343 0.9987913966178894 -0.048897042870521545 1.5633114576339722
*3 0.09878156334161758 0.0491531640291214 0.9938946962356567 -158.51470947265625
*1 0.9958641529083252 -2.0439624495338649E-4 -0.090851329267025 -38.31337356567383
*1 0.9958641529083252 -2.0439624495338649E-4 -0.090851329267025 -38.31337356567383
*2 -0.004104117397218943 0.9988501667976379 -0.04776537045836449 1.7847621440887451
*1 0.9958641529083252 -2.0439624495338649E-4 -0.090851329267025 -38.31337356567383
*2 -0.004104117397218943 0.9988501667976379 -0.04776537045836449 1.7847621440887451
*3 0.0907587856054306 0.04794320836663246 0.9947184324264526 -158.74537658691406
*1 0.9957166910171509 -3.5133055644109845E-4 -0.0924534946680069 -40.09123611450195
*1 0.9957166910171509 -3.5133055644109845E-4 -0.0924534946680069 -40.09123611450195
*2 -0.004158140625804663 0.9987851977348328 -0.0491001196205616 2.3334579467773438
*1 0.9957166910171509 -3.5133055644109845E-4 -0.0924534946680069 -40.09123611450195
*2 -0.004158140625804663 0.9987851977348328 -0.0491001196205616 2.3334579467773438
*3 0.09236060082912445 0.04927676171064377 0.9945058226585388 -158.85633850097656
*1 0.9961236119270325 6.411001231754199E-5 -0.08796246349811554 -41.37015151977539
*1 0.9961236119270325 6.411001231754199E-5 -0.08796246349811554 -41.37015151977539
*2 -0.004742711782455444 0.9985550045967102 -0.053529031574726105 3.1908373832702637
*1 0.9961236119270325 6.411001231754199E-5 -0.08796246349811554 -41.37015151977539
*2 -0.004742711782455444 0.9985550045967102 -0.053529031574726105 3.1908373832702637
*3 0.08783410489559174 0.053741227835416794 0.994684636592865 -158.98098754882813
*1 0.996550440788269 0.0024480826687067747 -0.08295155316591263 -42.40726089477539
*1 0.996550440788269 0.0024480826687067747 -0.08295155316591263 -42.40726089477539
*2 -0.006722135003656149 0.9986312985420227 -0.051867105066776276 4.192141532897949
*1 0.996550440788269 0.0024480826687067747 -0.08295155316591263 -42.40726089477539
*2 -0.006722135003656149 0.9986312985420227 -0.051867105066776276 4.192141532897949
*3 0.08271321654319763 0.05224832892417908 0.9952030777931213 -159.15252685546875
*1 0.9961531162261963 0.0024303975515067577 -0.08759469538927078 -43.355552673339844
*1 0.9961531162261963 0.0024303975515067577 -0.08759469538927078 -43.355552673339844
*2 -0.006943598855286837 0.9986329674720764 -0.05180712044239044 5.06555700302124
*1 0.9961531162261963 0.0024303975515067577 -0.08759469538927078 -43.355552673339844
*2 -0.006943598855286837 0.9986329674720764 -0.05180712044239044 5.06555700302124
*3 0.08735119551420212 0.05221857875585556 0.9948082566261292 -159.09397888183594
*1 0.9967114329338074 0.0035898976493626833 -0.08095055818557739 -44.31608581542969
*1 0.9967114329338074 0.0035898976493626833 -0.08095055818557739 -44.31608581542969
*2 -0.007864735089242458 0.9985556602478027 -0.05314818024635315 5.948249340057373
*1 0.9967114329338074 0.0035898976493626833 -0.08095055818557739 -44.31608581542969
*2 -0.007864735089242458 0.9985556602478027 -0.05314818024635315 5.948249340057373
*3 0.08064499497413635 0.053612589836120605 0.9953002333641052 -159.5348358154297
#
#
#
#
#
#
#
#
#
#
#
*1 0.9972021579742432 0.009760526940226555 -0.0741129070520401 -45.16261672973633
*1 0.9972021579742432 0.009760526940226555 -0.0741129070520401 -45.16261672973633
*2 -0.014382350258529186 0.9979664087295532 -0.062097858637571335 10.921643257141113
*1 0.9972021579742432 0.009760526940226555 -0.0741129070520401 -45.16261672973633
*2 -0.014382350258529186 0.9979664087295532 -0.062097858637571335 10.921643257141113
*3 0.07335611432790756 0.06299009919166565 0.9953145384788513 -161.8408660888672
*1 0.9968233108520508 0.010675353929400444 -0.07892704010009766 -43.956260681152344
*1 0.9968233108520508 0.010675353929400444 -0.07892704010009766 -43.956260681152344
*2 -0.01573648303747177 0.9978391528129578 -0.06379303336143494 12.378299713134766
*1 0.9968233108520508 0.010675353929400444 -0.07892704010009766 -43.956260681152344
*2 -0.01573648303747177 0.9978391528129578 -0.06379303336143494 12.378299713134766
*3 0.07807549089193344 0.06483248621225357 0.9948370456695557 -162.18075561523438
*1 0.9967613816261292 0.012279987335205078 -0.07947329431772232 -42.46792984008789
*1 0.9967613816261292 0.012279987335205078 -0.07947329431772232 -42.46792984008789
*2 -0.017679480835795403 0.9975553750991821 -0.06760809570550919 13.83700942993164
*1 0.9967613816261292 0.012279987335205078 -0.07947329431772232 -42.46792984008789
*2 -0.017679480835795403 0.9975553750991821 -0.06760809570550919 13.83700942993164
*3 0.07844880223274231 0.06879424303770065 0.994541585445404 -162.73785400390625
#
#
#
#
#
#
#
#
#
#
#
#
#
#
#
#
#
#
#
#
#
#
#
#
#
#
#
#
#
#
#
#
#
#
#
#
#
#
#
#
#
#
#
#
#
#
#
#
#
#
#
#
#
#
*1 0.984699010848999 0.013553112745285034 -0.173733189702034 -45.78208923339844
*1 0.984699010848999 0.013553112745285034 -0.173733189702034 -45.78208923339844
*2 -0.03334825858473778 0.9932360649108887 -0.11122885346412659 24.194292068481445
*1 0.984699010848999 0.013553112745285034 -0.173733189702034 -45.78208923339844
*2 -0.03334825858473778 0.9932360649108887 -0.11122885346412659 24.194292068481445
*3 0.17104558646678925 0.11531825363636017 0.9784910082817078 -199.46588134765625
*1 0.9873365759849548 0.012877168133854866 -0.1581137776374817 -36.83521270751953
*1 0.9873365759849548 0.012877168133854866 -0.1581137776374817 -36.83521270751953
*2 -0.03077993169426918 0.993347704410553 -0.11097238212823868 22.613271713256836
*1 0.9873365759849548 0.012877168133854866 -0.1581137776374817 -36.83521270751953
*2 -0.03077993169426918 0.993347704410553 -0.11097238212823868 22.613271713256836
*3 0.15562793612480164 0.11443141847848892 0.9811651110649109 -199.6403350830078
*1 0.9924947619438171 0.014561343006789684 -0.12141358107328415 -29.569950103759766
*1 0.9924947619438171 0.014561343006789684 -0.12141358107328415 -29.569950103759766
*2 -0.025688359513878822 0.9955973625183105 -0.09015440940856934 23.05929946899414
*1 0.9924947619438171 0.014561343006789684 -0.12141358107328415 -29.569950103759766
*2 -0.025688359513878822 0.9955973625183105 -0.09015440940856934 23.05929946899414
*3 0.11956128478050232 0.09259430319070816 0.9884994029998779 -200.09133911132813
*1 0.9964799284934998 0.012688844464719296 -0.0828588679432869 -24.45956039428711
*1 0.9964799284934998 0.012688844464719296 -0.0828588679432869 -24.45956039428711
*2 -0.01895827241241932 0.9970279335975647 -0.07468199729919434 23.150697708129883
*1 0.9964799284934998 0.012688844464719296 -0.0828588679432869 -24.45956039428711
*2 -0.01895827241241932 0.9970279335975647 -0.07468199729919434 23.150697708129883
*3 0.08165998756885529 0.07598761469125748 0.9937592148780823 -199.89242553710938
*1 0.9972468018531799 0.011551114730536938 -0.07323933392763138 -21.75843048095703
*1 0.9972468018531799 0.011551114730536938 -0.07323933392763138 -21.75843048095703
*2 -0.015798477455973625 0.9982520341873169 -0.05696018040180206 22.351802825927734
*1 0.9972468018531799 0.011551114730536938 -0.07323933392763138 -21.75843048095703
*2 -0.015798477455973625 0.9982520341873169 -0.05696018040180206 22.351802825927734
*3 0.07244838774204254 0.057958077639341354 0.9956865906715393 -199.53260803222656
*1 0.9969512224197388 0.011234017089009285 -0.07720552384853363 -21.076675415039063
*1 0.9969512224197388 0.011234017089009285 -0.07720552384853363 -21.076675415039063
*2 -0.016059057787060738 0.9979798793792725 -0.061477746814489365 21.45456314086914
*1 0.9969512224197388 0.011234017089009285 -0.07720552384853363 -21.076675415039063
*2 -0.016059057787060738 0.9979798793792725 -0.061477746814489365 21.45456314086914
*3 0.07635398209095001 0.06252782791852951 0.9951180815696716 -199.99746704101563
*1 0.9969514608383179 0.010787534527480602 -0.07726691663265228 -21.74956512451172
*1 0.9969514608383179 0.010787534527480602 -0.07726691663265228 -21.74956512451172
*2 -0.015092945657670498 0.998390793800354 -0.05467280372977257 21.197574615478516
*1 0.9969514608383179 0.010787534527480602 -0.07726691663265228 -21.74956512451172
*2 -0.015092945657670498 0.998390793800354 -0.05467280372977257 21.197574615478516
*3 0.07654786109924316 0.05566998943686485 0.9955103397369385 -200.7044677734375
*1 0.9968344569206238 0.009298847988247871 -0.07895151525735855 -23.75093650817871
*1 0.9968344569206238 0.009298847988247871 -0.07895151525735855 -23.75093650817871
*2 -0.013535263948142529 0.9985230565071106 -0.052626192569732666 21.889162063598633
*1 0.9968344569206238 0.009298847988247871 -0.07895151525735855 -23.75093650817871
*2 -0.013535263948142529 0.9985230565071106 -0.052626192569732666 21.889162063598633
*3 0.07834061980247498 0.05352592095732689 0.9954884052276611 -201.6870574951172
*1 0.9958431124687195 0.011004015803337097 -0.09041032195091248 -26.386112213134766
*1 0.9958431124687195 0.011004015803337097 -0.09041032195091248 -26.386112213134766
*2 -0.016412334516644478 0.9981406331062317 -0.05871168524026871 22.27587127685547
*1 0.9958431124687195 0.011004015803337097 -0.09041032195091248 -26.386112213134766
*2 -0.016412334516644478 0.9981406331062317 -0.05871168524026871 22.27587127685547
*3 0.08959123492240906 0.059949155896902084 0.9941724538803101 -201.80606079101563
*1 0.9970323443412781 0.008276952430605888 -0.07653012126684189 -28.221284866333008
*1 0.9970323443412781 0.008276952430605888 -0.07653012126684189 -28.221284866333008
*2 -0.012142249383032322 0.9987013339996338 -0.04949178546667099 22.45558738708496
*1 0.9970323443412781 0.008276952430605888 -0.07653012126684189 -28.221284866333008
*2 -0.012142249383032322 0.9987013339996338 -0.04949178546667099 22.45558738708496
*3 0.0760161504149437 0.05027184262871742 0.9958381652832031 -202.1489715576172
*1 0.9960446357727051 0.00929024163633585 -0.08836061507463455 -29.932340621948242
*1 0.9960446357727051 0.00929024163633585 -0.08836061507463455 -29.932340621948242
*2 -0.014246640726923943 0.9983834624290466 -0.05503204092383385 22.1549015045166
*1 0.9960446357727051 0.00929024163633585 -0.08836061507463455 -29.932340621948242
*2 -0.014246640726923943 0.9983834624290466 -0.05503204092383385 22.1549015045166
*3 0.08770158886909485 0.05607088282704353 0.9945671558380127 -202.32937622070313
*1 0.9964284896850586 0.008515743538737297 -0.08400366455316544 -31.614368438720703
*1 0.9964284896850586 0.008515743538737297 -0.08400366455316544 -31.614368438720703
*2 -0.012040204368531704 0.9990907311439514 -0.04091210663318634 21.530548095703125
*1 0.9964284896850586 0.008515743538737297 -0.08400366455316544 -31.614368438720703
*2 -0.012040204368531704 0.9990907311439514 -0.04091210663318634 21.530548095703125
*3 0.08357394486665726 0.04177508503198624 0.9956251978874207 -202.57891845703125
*1 0.9969003796577454 0.01098223589360714 -0.07789843529462814 -33.099815368652344
*1 0.9969003796577454 0.01098223589360714 -0.07789843529462814 -33.099815368652344
*2 -0.014762220904231071 0.9987657070159912 -0.04743769392371178 20.416643142700195
*1 0.9969003796577454 0.01098223589360714 -0.07789843529462814 -33.099815368652344
*2 -0.014762220904231071 0.9987657070159912 -0.04743769392371178 20.416643142700195
*3 0.07727639377117157 0.048438265919685364 0.9958321452140808 -202.9931640625
*1 0.9960906505584717 0.010534743778407574 -0.08770124614238739 -34.762123107910156
*1 0.9960906505584717 0.010534743778407574 -0.08770124614238739 -34.762123107910156
*2 -0.014834128320217133 0.9987418055534363 -0.04791481792926788 19.54311752319336
*1 0.9960906505584717 0.010534743778407574 -0.08770124614238739 -34.762123107910156
*2 -0.014834128320217133 0.9987418055534363 -0.04791481792926788 19.54311752319336
*3 0.08708122372627258 0.04902612417936325 0.9949938654899597 -203.16856384277344
*1 0.996458888053894 0.00998464971780777 -0.08348134160041809 -36.47475814819336
*1 0.996458888053894 0.00998464971780777 -0.08348134160041809 -36.47475814819336
*2 -0.014001350849866867 0.9987956285476685 -0.047036729753017426 19.16610336303711
*1 0.996458888053894 0.00998464971780777 -0.08348134160041809 -36.47475814819336
*2 -0.014001350849866867 0.9987956285476685 -0.047036729753017426 19.16610336303711
*3 0.08290623873472214 0.04803667217493057 0.9953987002372742 -203.447021484375
*1 0.9969188570976257 0.01063971221446991 -0.07770887017250061 -37.66625213623047
*1 0.9969188570976257 0.01063971221446991 -0.07770887017250061 -37.66625213623047
*2 -0.014292407780885696 0.9988434314727783 -0.04592138156294823 19.020292282104492
*1 0.9969188570976257 0.01063971221446991 -0.07770887017250061 -37.66625213623047
*2 -0.014292407780885696 0.9988434314727783 -0.04592138156294823 19.020292282104492
*3 0.07712549716234207 0.046888187527656555 0.9959179759025574 -203.76795959472656
*1 0.997174859046936 0.010429411195218563 -0.07438132166862488 -38.76365280151367
*1 0.997174859046936 0.010429411195218563 -0.07438132166862488 -38.76365280151367
*2 -0.013724599033594131 0.9989718794822693 -0.04321856424212456 19.049358367919922
*1 0.997174859046936 0.010429411195218563 -0.07438132166862488 -38.76365280151367
*2 -0.013724599033594131 0.9989718794822693 -0.04321856424212456 19.049358367919922
*3 0.07384920865297318 0.044114965945482254 0.9962930083274841 -203.8534698486328
*1 0.9972063899040222 0.012874877080321312 -0.07357064634561539 -39.81616973876953
*1 0.9972063899040222 0.012874877080321312 -0.07357064634561539 -39.81616973876953
*2 -0.016453605145215988 0.9987348914146423 -0.047526758164167404 19.270606994628906
*1 0.9972063899040222 0.012874877080321312 -0.07357064634561539 -39.81616973876953
*2 -0.016453605145215988 0.9987348914146423 -0.047526758164167404 19.270606994628906
*3 0.07286078482866287 0.04860213026404381 0.9961569905281067 -204.24891662597656
*1 0.9967305660247803 0.012238878756761551 -0.07985830307006836 -40.73215103149414
*1 0.9967305660247803 0.012238878756761551 -0.07985830307006836 -40.73215103149414
*2 -0.016147522255778313 0.9987258315086365 -0.047821853309869766 19.740224838256836
*1 0.9967305660247803 0.012238878756761551 -0.07985830307006836 -40.73215103149414
*2 -0.016147522255778313 0.9987258315086365 -0.047821853309869766 19.740224838256836
*3 0.07916636765003204 0.04895266890525818 0.9956585764884949 -204.28257751464844
*1 0.9972948431968689 0.013220831751823425 -0.07229818403720856 -41.17048645019531
*1 0.9972948431968689 0.013220831751823425 -0.07229818403720856 -41.17048645019531
*2 -0.017121659591794014 0.9984549880027771 -0.05287110432982445 20.535701751708984
*1 0.9972948431968689 0.013220831751823425 -0.07229818403720856 -41.17048645019531
*2 -0.017121659591794014 0.9984549880027771 -0.05287110432982445 20.535701751708984
*3 0.0714825764298439 0.05396359786391258 0.9959808588027954 -204.59930419921875
*1 0.9974981546401978 0.013889618217945099 -0.06930555403232574 -41.421600341796875
*1 0.9974981546401978 0.013889618217945099 -0.06930555403232574 -41.421600341796875
*2 -0.016728848218917847 0.9990683197975159 -0.039792999625205994 21.73157501220703
*1 0.9974981546401978 0.013889618217945099 -0.06930555403232574 -41.421600341796875
*2 -0.016728848218917847 0.9990683197975159 -0.039792999625205994 21.73157501220703
*3 0.06868337094783783 0.040850501507520676 0.9968015551567078 -204.77444458007813
*1 0.9973157048225403 0.012769698165357113 -0.0720904991030693 -41.77775573730469
*1 0.9973157048225403 0.012769698165357113 -0.0720904991030693 -41.77775573730469
*2 -0.01605270802974701 0.9988847374916077 -0.04441282898187637 22.65582847595215
*1 0.9973157048225403 0.012769698165357113 -0.0720904991030693 -41.77775573730469
*2 -0.01605270802974701 0.9988847374916077 -0.04441282898187637 22.65582847595215
*3 0.07143805176019669 0.04544852301478386 0.9964088797569275 -204.68516540527344
*1 0.9967287182807922 0.01413672510534525 -0.07956550270318985 -41.89154052734375
*1 0.9967287182807922 0.01413672510534525 -0.07956550270318985 -41.89154052734375
*2 -0.018142012879252434 0.9986256957054138 -0.04917873442173004 23.223920822143555
*1 0.9967287182807922 0.01413672510534525 -0.07956550270318985 -41.89154052734375
*2 -0.018142012879252434 0.9986256957054138 -0.04917873442173004 23.223920822143555
*3 0.07875601202249527 0.05045900121331215 0.9956158399581909 -204.28179931640625
*1 0.9973409175872803 0.012479438446462154 -0.07179107517004013 -41.94780731201172
*1 0.9973409175872803 0.012479438446462154 -0.07179107517004013 -41.94780731201172
*2 -0.01602518931031227 0.998705267906189 -0.048291005194187164 23.65091896057129
*1 0.9973409175872803 0.012479438446462154 -0.07179107517004013 -41.94780731201172
*2 -0.01602518931031227 0.998705267906189 -0.048291005194187164 23.65091896057129
*3 0.07109054923057556 0.04931074380874634 0.9962499737739563 -204.5389404296875
*1 0.9977357983589172 0.012918597087264061 -0.06599273532629013 -42.381004333496094
*1 0.9977357983589172 0.012918597087264061 -0.06599273532629013 -42.381004333496094
*2 -0.016130980104207993 0.9987377524375916 -0.04757712036371231 23.811786651611328
*1 0.9977357983589172 0.012918597087264061 -0.06599273532629013 -42.381004333496094
*2 -0.016130980104207993 0.9987377524375916 -0.04757712036371231 23.811786651611328
*3 0.06528987735509872 0.048531606793403625 0.9966851472854614 -204.654052734375
*1 0.9976707696914673 0.011596385389566422 -0.0672096461057663 -43.05361557006836
*1 0.9976707696914673 0.011596385389566422 -0.0672096461057663 -43.05361557006836
*2 -0.014782487414777279 0.9988178610801697 -0.04631694406270981 23.751346588134766
*1 0.9976707696914673 0.011596385389566422 -0.0672096461057663 -43.05361557006836
*2 -0.014782487414777279 0.9988178610801697 -0.04631694406270981 23.751346588134766
*3 0.06658816337585449 0.047200288623571396 0.9966631531715393 -204.51429748535156
*1 0.9969431757926941 0.011326111853122711 -0.07729628682136536 -44.08082580566406
*1 0.9969431757926941 0.011326111853122711 -0.07729628682136536 -44.08082580566406
*2 -0.014823375269770622 0.9989159107208252 -0.04413914680480957 23.56595230102539
*1 0.9969431757926941 0.011326111853122711 -0.07729628682136536 -44.08082580566406
*2 -0.014823375269770622 0.9989159107208252 -0.04413914680480957 23.56595230102539
*3 0.07670764625072479 0.04514771327376366 0.9960306882858276 -204.29483032226563
*1 0.9970589876174927 0.010702896863222122 -0.0758768692612648 -45.72446060180664
*1 0.9970589876174927 0.010702896863222122 -0.0758768692612648 -45.72446060180664
*2 -0.014342866837978363 0.9987974166870117 -0.046894919127225876 23.504899978637695
*1 0.9970589876174927 0.010702896863222122 -0.0758768692612648 -45.72446060180664
*2 -0.014342866837978363 0.9987974166870117 -0.046894919127225876 23.504899978637695
*3 0.07527878135442734 0.04784300550818443 0.9960138201713562 -204.341064453125
*1 0.9970712661743164 0.010491481982171535 -0.0757441446185112 -47.2513313293457
*1 0.9970712661743164 0.010491481982171535 -0.0757441446185112 -47.2513313293457
*2 -0.013672834262251854 0.9990698099136353 -0.04090910404920578 23.809890747070313
*1 0.9970712661743164 0.010491481982171535 -0.0757441446185112 -47.2513313293457
*2 -0.013672834262251854 0.9990698099136353 -0.04090910404920578 23.809890747070313
*3 0.07523956894874573 0.041822649538517 0.9962877035140991 -204.29776000976563
*1 0.9970101118087769 0.010700581595301628 -0.07651516795158386 -48.74256896972656
*1 0.9970101118087769 0.010700581595301628 -0.07651516795158386 -48.74256896972656
*2 -0.014402096159756184 0.9987775087356567 -0.04729904234409332 24.150278091430664
*1 0.9970101118087769 0.010700581595301628 -0.07651516795158386 -48.74256896972656
*2 -0.014402096159756184 0.9987775087356567 -0.04729904234409332 24.150278091430664
*3 0.07591056823730469 0.04825732111930847 0.9959458112716675 -204.3190460205078
*1 0.9970350861549377 0.008914261125028133 -0.0764189139008522 -50.74449920654297
*1 0.9970350861549377 0.008914261125028133 -0.0764189139008522 -50.74449920654297
*2 -0.011820483952760696 0.9992469549179077 -0.036973487585783005 24.73130226135254
*1 0.9970350861549377 0.008914261125028133 -0.0764189139008522 -50.74449920654297
*2 -0.011820483952760696 0.9992469549179077 -0.036973487585783005 24.73130226135254
*3 0.07602684199810028 0.03776489570736885 0.9963899850845337 -204.47406005859375
*1 0.9967016577720642 0.010621671564877033 -0.08044281601905823 -53.15580749511719
*1 0.9967016577720642 0.010621671564877033 -0.08044281601905823 -53.15580749511719
*2 -0.014208092354238033 0.9989535808563232 -0.043487370014190674 25.418567657470703
*1 0.9967016577720642 0.010621671564877033 -0.08044281601905823 -53.15580749511719
*2 -0.014208092354238033 0.9989535808563232 -0.043487370014190674 25.418567657470703
*3 0.07989178597927094 0.04448459669947624 0.9958100914955139 -204.3064422607422
*1 0.9977961778640747 0.009311942383646965 -0.06568223983049393 -55.5230712890625
*1 0.9977961778640747 0.009311942383646965 -0.06568223983049393 -55.5230712890625
*2 -0.012489914894104004 0.998801589012146 -0.04733673483133316 26.49664878845215
*1 0.9977961778640747 0.009311942383646965 -0.06568223983049393 -55.5230712890625
*2 -0.012489914894104004 0.998801589012146 -0.04733673483133316 26.49664878845215
*3 0.06515777111053467 0.04805050790309906 0.996717095375061 -204.909912109375
*1 0.9978405833244324 0.010486381128430367 -0.06482473760843277 -57.5877799987793
*1 0.9978405833244324 0.010486381128430367 -0.06482473760843277 -57.5877799987793
*2 -0.013319415040314198 0.9990035891532898 -0.04261164367198944 27.99698829650879
*1 0.9978405833244324 0.010486381128430367 -0.06482473760843277 -57.5877799987793
*2 -0.013319415040314198 0.9990035891532898 -0.04261164367198944 27.99698829650879
*3 0.06430835276842117 0.04338077828288078 0.9969863891601563 -204.76698303222656
*1 0.9984646439552307 0.009545911103487015 -0.054546523839235306 -59.54217529296875
*1 0.9984646439552307 0.009545911103487015 -0.054546523839235306 -59.54217529296875
*2 -0.012124068103730679 0.9988611340522766 -0.04616193473339081 29.34709930419922
*1 0.9984646439552307 0.009545911103487015 -0.054546523839235306 -59.54217529296875
*2 -0.012124068103730679 0.9988611340522766 -0.04616193473339081 29.34709930419922
*3 0.05403878539800644 0.046750109642744064 0.9974434971809387 -205.09974670410156
#
#
#
#
#
#
#
#
*1 0.9976187348365784 0.0186618622392416 -0.06640636175870895 -54.284671783447266
*1 0.9976187348365784 0.0186618622392416 -0.06640636175870895 -54.284671783447266
*2 -0.02247079834342003 0.9980794787406921 -0.05771400406956673 27.618934631347656
*1 0.9976187348365784 0.0186618622392416 -0.06640636175870895 -54.284671783447266
*2 -0.02247079834342003 0.9980794787406921 -0.05771400406956673 27.618934631347656
*3 0.0652034729719162 0.059070177376270294 0.9961221218109131 -204.3441619873047
*1 0.9974272847175598 0.018188605085015297 -0.06934782862663269 -54.31261444091797
*1 0.9974272847175598 0.018188605085015297 -0.06934782862663269 -54.31261444091797
*2 -0.02159009873867035 0.9985536932945251 -0.049224160611629486 26.39944839477539
*1 0.9974272847175598 0.018188605085015297 -0.06934782862663269 -54.31261444091797
*2 -0.02159009873867035 0.9985536932945251 -0.049224160611629486 26.39944839477539
*3 0.06835390627384186 0.05059615522623062 0.9963773488998413 -204.26695251464844
*1 0.9972820281982422 0.018175099045038223 -0.0714096650481224 -54.89792251586914
*1 0.9972820281982422 0.018175099045038223 -0.0714096650481224 -54.89792251586914
*2 -0.021414101123809814 0.9987366795539856 -0.04544330760836601 25.40023422241211
*1 0.9972820281982422 0.018175099045038223 -0.0714096650481224 -54.89792251586914
*2 -0.021414101123809814 0.9987366795539856 -0.04544330760836601 25.40023422241211
*3 0.07049519568681717 0.04685037210583687 0.9964113831520081 -203.88821411132813
*1 0.9972624182701111 0.018756331875920296 -0.07153305411338806 -55.858673095703125
*1 0.9972624182701111 0.018756331875920296 -0.07153305411338806 -55.858673095703125
*2 -0.02209164947271347 0.9986634850502014 -0.04670918360352516 24.328628540039063
*1 0.9972624182701111 0.018756331875920296 -0.07153305411338806 -55.858673095703125
*2 -0.02209164947271347 0.9986634850502014 -0.04670918360352516 24.328628540039063
*3 0.07056304067373276 0.04816300421953201 0.9963439702987671 -204.03207397460938
*1 0.9973582029342651 0.01690099760890007 -0.07065478712320328 -56.949440002441406
*1 0.9973582029342651 0.01690099760890007 -0.07065478712320328 -56.949440002441406
*2 -0.01988190971314907 0.9989067316055298 -0.04229316860437393 23.489465713500977
*1 0.9973582029342651 0.01690099760890007 -0.07065478712320328 -56.949440002441406
*2 -0.01988190971314907 0.9989067316055298 -0.04229316860437393 23.489465713500977
*3 0.069864422082901 0.043587587773799896 0.9966039061546326 -203.95594787597656
*1 0.9975359439849854 0.018898138776421547 -0.06757166236639023 -57.92833709716797
*1 0.9975359439849854 0.018898138776421547 -0.06757166236639023 -57.92833709716797
*2 -0.022136202082037926 0.998595654964447 -0.04811803624033928 22.823978424072266
*1 0.9975359439849854 0.018898138776421547 -0.06757166236639023 -57.92833709716797
*2 -0.022136202082037926 0.998595654964447 -0.04811803624033928 22.823978424072266
*3 0.06656908988952637 0.04949664697051048 0.9965534806251526 -204.2015838623047
*1 0.997868001461029 0.01592574082314968 -0.06329929083585739 -58.90180206298828
*1 0.997868001461029 0.01592574082314968 -0.06329929083585739 -58.90180206298828
*2 -0.01850559189915657 0.9989852905273438 -0.04104144126176834 22.66699981689453
*1 0.997868001461029 0.01592574082314968 -0.06329929083585739 -58.90180206298828
*2 -0.01850559189915657 0.9989852905273438 -0.04104144126176834 22.66699981689453
*3 0.06258311122655869 0.042126722633838654 0.9971503615379333 -204.3551483154297
*1 0.9978353381156921 0.018974823877215385 -0.06297139823436737 -59.55304718017578
*1 0.9978353381156921 0.018974823877215385 -0.06297139823436737 -59.55304718017578
*2 -0.022015387192368507 0.9985741972923279 -0.048614416271448135 22.84601593017578
*1 0.9978353381156921 0.018974823877215385 -0.06297139823436737 -59.55304718017578
*2 -0.022015387192368507 0.9985741972923279 -0.048614416271448135 22.84601593017578
*3 0.06196081265807152 0.04989691823720932 0.9968305826187134 -204.37496948242188
*1 0.997639536857605 0.01842254213988781 -0.06615589559078217 -59.72798538208008
*1 0.997639536857605 0.01842254213988781 -0.06615589559078217 -59.72798538208008
*2 -0.021481379866600037 0.998688280582428 -0.04646076634526253 23.285015106201172
*1 0.997639536857605 0.01842254213988781 -0.06615589559078217 -59.72798538208008
*2 -0.021481379866600037 0.998688280582428 -0.04646076634526253 23.285015106201172
*3 0.0652148425579071 0.047773607075214386 0.9967269897460938 -204.1611785888672
*1 0.9977445006370544 0.018020665273070335 -0.06466598808765411 -59.51026153564453
*1 0.9977445006370544 0.018020665273070335 -0.06466598808765411 -59.51026153564453
*2 -0.02099093422293663 0.9987108707427979 -0.04619895666837692 23.59971809387207
*1 0.9977445006370544 0.018020665273070335 -0.06466598808765411 -59.51026153564453
*2 -0.02099093422293663 0.9987108707427979 -0.04619895666837692 23.59971809387207
*3 0.06375173479318619 0.047453559935092926 0.9968369007110596 -204.26858520507813
*1 0.9979909658432007 0.019383227452635765 -0.060322824865579605 -59.34458541870117
*1 0.9979909658432007 0.019383227452635765 -0.060322824865579605 -59.34458541870117
*2 -0.022248830646276474 0.9986035227775574 -0.047897763550281525 23.866317749023438
*1 0.9979909658432007 0.019383227452635765 -0.060322824865579605 -59.34458541870117
*2 -0.022248830646276474 0.9986035227775574 -0.047897763550281525 23.866317749023438
*3 0.059311818331480026 0.04914505034685135 0.9970290064811707 -204.27041625976563
*1 0.9978358149528503 0.021214107051491737 -0.06224265694618225 -59.233253479003906
*1 0.9978358149528503 0.021214107051491737 -0.06224265694618225 -59.233253479003906
*2 -0.0241446141153574 0.9985836744308472 -0.04738966003060341 24.113861083984375
*1 0.9978358149528503 0.021214107051491737 -0.06224265694618225 -59.233253479003906
*2 -0.0241446141153574 0.9985836744308472 -0.04738966003060341 24.113861083984375
*3 0.061150822788476944 0.04879134148359299 0.9969353079795837 -204.28721618652344
*1 0.9976589679718018 0.02069193311035633 -0.06518373638391495 -58.93637466430664
*1 0.9976589679718018 0.02069193311035633 -0.06518373638391495 -58.93637466430664
*2 -0.023560862988233566 0.9987439513206482 -0.044199761003255844 24.292621612548828
*1 0.9976589679718018 0.02069193311035633 -0.06518373638391495 -58.93637466430664
*2 -0.023560862988233566 0.9987439513206482 -0.044199761003255844 24.292621612548828
*3 0.06418894231319427 0.04563349112868309 0.9968939423561096 -204.1121826171875
*1 0.9975470304489136 0.021217767149209976 -0.06671048700809479 -58.69358825683594
*1 0.9975470304489136 0.021217767149209976 -0.06671048700809479 -58.69358825683594
*2 -0.024359967559576035 0.9985838532447815 -0.04727639630436897 23.93745994567871
*1 0.9975470304489136 0.021217767149209976 -0.06671048700809479 -58.69358825683594
*2 -0.024359967559576035 0.9985838532447815 -0.04727639630436897 23.93745994567871
*3 0.06561458110809326 0.04878690838813782 0.996651828289032 -204.06944274902344
*1 0.9972876310348511 0.020667042583227158 -0.07064516842365265 -58.45686340332031
*1 0.9972876310348511 0.020667042583227158 -0.07064516842365265 -58.45686340332031
*2 -0.023810116574168205 0.9987231492996216 -0.044535692781209946 23.4229679107666
*1 0.9972876310348511 0.020667042583227158 -0.07064516842365265 -58.45686340332031
*2 -0.023810116574168205 0.9987231492996216 -0.044535692781209946 23.4229679107666
*3 0.06963621079921722 0.04609837755560875 0.9965069890022278 -203.80906677246094
*1 0.9974393248558044 0.021718334406614304 -0.06814335286617279 -58.35012435913086
*1 0.9974393248558044 0.021718334406614304 -0.06814335286617279 -58.35012435913086
*2 -0.025097306817770004 0.9984456300735474 -0.04974491149187088 22.851451873779297
*1 0.9974393248558044 0.021718334406614304 -0.06814335286617279 -58.35012435913086
*2 -0.025097306817770004 0.9984456300735474 -0.04974491149187088 22.851451873779297
*3 0.0669587254524231 0.051329173147678375 0.99643474817276 -203.99354553222656
*1 0.9973670840263367 0.019928989931941032 -0.0697292760014534 -58.89241409301758
*1 0.9973670840263367 0.019928989931941032 -0.0697292760014534 -58.89241409301758
*2 -0.02276899665594101 0.9989079236984253 -0.040774114429950714 22.37282943725586
*1 0.9973670840263367 0.019928989931941032 -0.0697292760014534 -58.89241409301758
*2 -0.02276899665594101 0.9989079236984253 -0.040774114429950714 22.37282943725586
*3 0.06884220987558365 0.04225584492087364 0.9967324137687683 -203.99420166015625
*1 0.9976527094841003 0.01944356970489025 -0.06566199660301208 -59.70592498779297
*1 0.9976527094841003 0.01944356970489025 -0.06566199660301208 -59.70592498779297
*2 -0.02214718610048294 0.9988987445831299 -0.04133843630552292 22.428897857666016
*1 0.9976527094841003 0.01944356970489025 -0.06566199660301208 -59.70592498779297
*2 -0.02214718610048294 0.9988987445831299 -0.04133843630552292 22.428897857666016
*3 0.06478758156299591 0.04269704222679138 0.9969853758811951 -204.11068725585938
*1 0.997829020023346 0.022974111139774323 -0.061726123094558716 -60.48349380493164
*1 0.997829020023346 0.022974111139774323 -0.061726123094558716 -60.48349380493164
*2 -0.025708453729748726 0.9986750483512878 -0.04455607756972313 22.962871551513672
*1 0.997829020023346 0.022974111139774323 -0.061726123094558716 -60.48349380493164
*2 -0.025708453729748726 0.9986750483512878 -0.04455607756972313 22.962871551513672
*3 0.060622360557317734 0.04604766145348549 0.9970982670783997 -204.36199951171875
*1 0.9975688457489014 0.02249886281788349 -0.06596098840236664 -60.994163513183594
*1 0.9975688457489014 0.02249886281788349 -0.06596098840236664 -60.994163513183594
*2 -0.025255119428038597 0.9988019466400146 -0.04188993573188782 23.71584129333496
*1 0.9975688457489014 0.02249886281788349 -0.06596098840236664 -60.994163513183594
*2 -0.025255119428038597 0.9988019466400146 -0.04188993573188782 23.71584129333496
*3 0.0649411603808403 0.043455373495817184 0.9969426989555359 -204.25375366210938
*1 0.9976763129234314 0.024068213999271393 -0.06374522298574448 -61.74858474731445
*1 0.9976763129234314 0.024068213999271393 -0.06374522298574448 -61.74858474731445
*2 -0.02750195749104023 0.9981496334075928 -0.054210662841796875 24.254573822021484
