#
#
#
#
#
#
#
#
#
#
#
#
#
#
#
#
#
#
#
#
#
#
#
#
#
#
#
#
#
#
#
#
#
#
#
#
#
#
#
#
#
#
#
#
#
#
#
#
#
#
#
#
#
#
#
#
#
#
#
#
#
#
#
#
#
#
#
#
#
#
#
#
#
#
#
#
#
#
#
#
#
#
#
#
#
#
#
#
#
#
#
#
#
#
#
#
#
#
#
#
#
#
#
#
#
#
#
#
#
#
#
#
#
#
#
#
#
#
#
#
#
#
#
#
#
#
#
#
#
#
#
#
#
#
#
#
#
#
#
#
#
#
#
#
#
#
#
#
#
#
#
#
#
#
#
#
#
#
#
#
#
#
#
#
#
#
#
#
#
#
#
#
#
#
#
#
#
#
#
#
#
#
#
#
#
#
#
#
#
#
#
#
#
#
#
#
#
#
#
#
#
#
*1 0.6277720928192139 -0.22135838866233826 0.746235728263855 -175.5706024169922
*2 0.4372626841068268 0.8935047388076782 -0.10271793603897095 26.053394317626953
*3 -0.6439705491065979 0.39070969820022583 0.657709538936615 -454.0401306152344
*1 0.6483038067817688 -0.21499109268188477 0.7303738594055176 -171.52418518066406
*2 0.42465296387672424 0.8984085321426392 -0.11239390075206757 21.705642700195313
*3 -0.6319524645805359 0.3829466700553894 0.6737372875213623 -462.2784423828125
*1 0.6760156154632568 -0.2267867624759674 0.7010961174964905 -165.2793731689453
*2 0.41030704975128174 0.9062364101409912 -0.10239218920469284 18.345003128051758
*3 -0.6120789051055908 0.35680997371673584 0.7056770324707031 -469.442138671875
*1 0.7053031325340271 -0.23344187438488007 0.6693410873413086 -157.66293334960938
*2 0.39929699897766113 0.9110838770866394 -0.10290052741765976 17.17648696899414
*3 -0.585745632648468 0.33976906538009644 0.7357943654060364 -479.2178039550781
*1 0.7312572598457336 -0.2348499894142151 0.6403698325157166 -147.3789825439453
*2 0.39074602723121643 0.9138412475585938 -0.11096016317605972 18.472888946533203
*3 -0.5590784549713135 0.3312898576259613 0.7600083947181702 -483.5721130371094
*1 0.743291437625885 -0.2381238341331482 0.6251240372657776 -136.49896240234375
*2 0.37841668725013733 0.9203521013259888 -0.09926252067089081 20.579952239990234
*3 -0.5516378879547119 0.3102667033672333 0.7741864323616028 -487.8539123535156
*1 0.7651046514511108 -0.2379494160413742 0.5982978343963623 -124.06613159179688
*2 0.3676682710647583 0.9243515729904175 -0.10244233906269073 23.122615814208984
*3 -0.5286018252372742 0.29828327894210815 0.7946959733963013 -489.81976318359375
*1 0.7787913084030151 -0.22332970798015594 0.5861512422561646 -110.65361785888672
*2 0.35575753450393677 0.9269763827323914 -0.11938010156154633 26.018600463867188
*3 -0.5166271328926086 0.30142942070961 0.80135577917099 -489.7340087890625
*1 0.8031795024871826 -0.20627357065677643 0.5588552355766296 -99.51228332519531
*2 0.3451727330684662 0.9258332252502441 -0.1542367786169052 29.2584171295166
*3 -0.48553189635276794 0.31671085953712463 0.814792811870575 -488.5090637207031
*1 0.8149974346160889 -0.19479557871818542 0.5457097887992859 -90.3775405883789
*2 0.3355062007904053 0.9265904426574707 -0.17019352316856384 32.344852447509766
*3 -0.4724365770816803 0.321725994348526 0.8205061554908752 -486.9021911621094
*1 0.8230392336845398 -0.17436820268630981 0.5405251383781433 -82.76651763916016
*2 0.33220264315605164 0.9198178648948669 -0.20898965001106262 34.12806701660156
*3 -0.46068376302719116 0.35149964690208435 0.8149557113647461 -480.9947509765625
*1 0.832370400428772 -0.1656467765569687 0.5288534760475159 -78.3812484741211
*2 0.32926538586616516 0.9155096411705017 -0.23135867714881897 35.31866455078125
*3 -0.4457871615886688 0.3666379749774933 0.816568911075592 -477.969482421875
*1 0.8379660248756409 -0.1620485633611679 0.5210744738578796 -75.74864196777344
*2 0.3295269310474396 0.9114986658096313 -0.24633833765983582 36.52028274536133
*3 -0.4349808990955353 0.3780595660209656 0.8171884417533875 -475.81610107421875
*1 0.8424946665763855 -0.15514543652534485 0.515846848487854 -74.95137023925781
*2 0.33062466979026794 0.90506911277771 -0.2676520049571991 38.0338020324707
*3 -0.4252934455871582 0.39597487449645996 0.8137959241867065 -474.9804992675781
*1 0.8377007246017456 -0.1464000940322876 0.5261082053184509 -76.13477325439453
*2 0.33269003033638 0.9009028673171997 -0.2789115607738495 39.6360969543457
*3 -0.4330809712409973 0.4086029529571533 0.8033796548843384 -473.14019775390625
*1 0.8337951302528381 -0.14260388910770416 0.5333057045936584 -79.25143432617188
*2 0.3305094242095947 0.9028462767601013 -0.27519500255584717 40.638954162597656
*3 -0.4421899616718292 0.40564677119255066 0.7999082207679749 -472.9319763183594
*1 0.8310564756393433 -0.13737452030181885 0.5389235615730286 -82.10802459716797
*2 0.32931777834892273 0.9025298953056335 -0.27765047550201416 41.04086685180664
*3 -0.44819292426109314 0.4081484377384186 0.7952814102172852 -471.8776550292969
*1 0.8354653716087341 -0.13740387558937073 0.5320554375648499 -84.37069702148438
*2 0.3278518319129944 0.901775062084198 -0.28180673718452454 42.1177978515625
*3 -0.4410136342048645 0.409803181886673 0.798437774181366 -473.0299987792969
*1 0.8390594720840454 -0.13745176792144775 0.5263566970825195 -85.29627990722656
*2 0.32598090171813965 0.9017533659934998 -0.28403767943382263 43.791561126708984
*3 -0.4355432093143463 0.4098348319530487 0.8014187812805176 -473.76434326171875
*1 0.8367704749107361 -0.13511520624160767 0.5305886268615723 -85.3856430053711
*2 0.3269229531288147 0.9007682800292969 -0.2860735058784485 45.25969696044922
*3 -0.4392251670360565 0.41276752948760986 0.7978964447975159 -472.1611633300781
*1 0.8318477869033813 -0.13313715159893036 0.5387662053108215 -85.76399230957031
*2 0.32635486125946045 0.9026607871055603 -0.28070664405822754 45.74046325683594
*3 -0.4488908648490906 0.409262478351593 0.7943146228790283 -470.2489013671875
*1 0.8344181180000305 -0.13080501556396484 0.5353519320487976 -86.2933578491211
*2 0.3238009810447693 0.9025359153747559 -0.2840459942817688 45.85129928588867
*3 -0.44595983624458313 0.4102889597415924 0.7954353094100952 -470.48583984375
*1 0.8332491517066956 -0.13009363412857056 0.5373423099517822 -86.59231567382813
*2 0.3228919506072998 0.9035565257072449 -0.28182750940322876 46.28330612182617
*3 -0.4487951099872589 0.40826448798179626 0.7948821187019348 -470.523681640625
*1 0.8330727219581604 -0.12913793325424194 0.5378461480140686 -86.8782958984375
*2 0.3228417932987213 0.9031844735145569 -0.2830747365951538 46.5436897277832
*3 -0.44915854930877686 0.40938955545425415 0.7940977811813354 -470.3976135253906
*1 0.8344725966453552 -0.13139833509922028 0.5351217985153198 -86.78720092773438
*2 0.3218275010585785 0.9046245813369751 -0.2796100676059723 46.689430236816406
*3 -0.44728392362594604 0.40547245740890503 0.7971597909927368 -470.67694091796875
*1 0.8338148593902588 -0.13099779188632965 0.5362440943717957 -86.10371398925781
*2 0.3212277889251709 0.9052671790122986 -0.2782164514064789 46.57552719116211
*3 -0.4489382207393646 0.40416625142097473 0.7968931794166565 -470.51904296875
*1 0.8360669612884521 -0.13265492022037506 0.5323159098625183 -85.11061096191406
*2 0.3188668489456177 0.9071975946426392 -0.2746211290359497 46.33735656738281
*3 -0.44642558693885803 0.39926835894584656 0.8007643222808838 -470.8897705078125
*1 0.8370684385299683 -0.13138726353645325 0.5310549139976501 -84.3094253540039
*2 0.31872671842575073 0.9061967134475708 -0.2780667841434479 45.907222747802734
*3 -0.44464555382728577 0.40195104479789734 0.8004125356674194 -471.3819580078125
*1 0.8359624147415161 -0.13040119409561157 0.5330364108085632 -83.27217102050781
*2 0.3182080090045929 0.9066691398620605 -0.27711915969848633 45.533538818359375
*3 -0.44709065556526184 0.40120652318000793 0.7994235157966614 -470.9708251953125
*1 0.8397409319877625 -0.1275661289691925 0.5277569890022278 -83.00643920898438
*2 0.31689614057540894 0.9045358300209045 -0.28546833992004395 45.776824951171875
*3 -0.4408988654613495 0.4068923592567444 0.7999884486198425 -471.7662353515625
*1 0.8384189009666443 -0.12315945327281952 0.5308963656425476 -83.3466796875
*2 0.31856057047843933 0.9012479782104492 -0.2938903570175171 46.42043685913086
*3 -0.44221383333206177 0.4154544174671173 0.794845461845398 -471.40948486328125
#
*1 0.8362132906913757 -0.12265405058860779 0.5345141887664795 -85.49362182617188
*2 0.3209694027900696 0.8997482061386108 -0.2956821620464325 47.71640396118164
*3 -0.44466423988342285 0.4188184440135956 0.7917492985725403 -470.9009704589844
*1 0.8355085849761963 -0.12497523427009583 0.535078227519989 -86.41226959228516
*2 0.3213173449039459 0.9010583758354187 -0.29128187894821167 48.26628112792969
*3 -0.4457364082336426 0.4153008460998535 0.7929983735084534 -470.938232421875
*1 0.8350412249565125 -0.12559160590171814 0.5356631278991699 -86.95709228515625
*2 0.32234716415405273 0.9006707072257996 -0.2913428843021393 48.60993576049805
*3 -0.4458686113357544 0.4159552752971649 0.7925809621810913 -470.84796142578125
*1 0.83339923620224 -0.12642857432365417 0.5380181074142456 -87.23841857910156
*2 0.3230835795402527 0.9012627005577087 -0.28868433833122253 48.93449401855469
*3 -0.44840043783187866 0.4144165813922882 0.7919583916664124 -471.052490234375
*1 0.8338978886604309 -0.12819790840148926 0.53682541847229 -87.32845306396484
*2 0.3222169280052185 0.9027596116065979 -0.2849516272544861 48.84471893310547
*3 -0.44809690117836 0.4105972945690155 0.7941166162490845 -471.0733642578125
*1 0.8340811133384705 -0.12976740300655365 0.5361632108688354 -87.42961883544922
*2 0.3233405351638794 0.9024724364280701 -0.2845885157585144 48.83472442626953
*3 -0.4469449818134308 0.41073575615882874 0.7946939468383789 -471.57061767578125
*1 0.8321054577827454 -0.12601406872272491 0.5401138067245483 -87.38035583496094
*2 0.32471978664398193 0.9001686573028564 -0.29025793075561523 49.04463195800781
*3 -0.44961971044540405 0.41691333055496216 0.7899541258811951 -471.2796325683594
*1 0.8320882320404053 -0.12694551050662994 0.5399221777915955 -87.83094787597656
*2 0.32523322105407715 0.9002012610435486 -0.2895813584327698 49.315860748291016
*3 -0.44928035140037537 0.4165603816509247 0.7903333306312561 -471.3974914550781
*1 0.8327847719192505 -0.1277768462896347 0.5386506915092468 -88.03994750976563
*2 0.3240492045879364 0.9013960361480713 -0.2871820628643036 49.44504928588867
*3 -0.448845237493515 0.41371262073516846 0.7920745611190796 -471.4816589355469
*1 0.8338137865066528 -0.12910257279872894 0.5367392897605896 -88.05860900878906
*2 0.3240499496459961 0.9015960097312927 -0.2865527272224426 49.64752960205078
*3 -0.4469301998615265 0.4128643870353699 0.7935986518859863 -472.00018310546875
*1 0.8333635330200195 -0.12835893034934998 0.5376161932945251 -87.92329406738281
*2 0.3238449990749359 0.9016101360321045 -0.28673988580703735 49.614078521728516
*3 -0.44791752099990845 0.4130652844905853 0.792937159538269 -471.6666259765625
*1 0.8328713774681091 -0.1276598870754242 0.5385444164276123 -88.36761474609375
*2 0.3250599503517151 0.900355339050293 -0.28929638862609863 49.66885757446289
*3 -0.4479527473449707 0.4160083532333374 0.791377067565918 -471.6099548339844
*1 0.8313701748847961 -0.12677592039108276 0.5410670042037964 -89.03907775878906
*2 0.3252922296524048 0.9004115462303162 -0.28886035084724426 49.844139099121094
*3 -0.4505653381347656 0.41615721583366394 0.7898140549659729 -471.9674072265625
*1 0.8320417404174805 -0.12664245069026947 0.5400650501251221 -89.95881652832031
*2 0.32539036870002747 0.8999159336090088 -0.2902907729148865 50.121517181396484
*3 -0.4492528736591339 0.41726842522621155 0.7899753451347351 -472.24786376953125
*1 0.8333045840263367 -0.12875455617904663 0.5376129746437073 -90.68167114257813
*2 0.32483971118927 0.9009311199188232 -0.2877470552921295 50.54154968261719
*3 -0.44730642437934875 0.41442134976387024 0.7925742268562317 -472.6880798339844
*1 0.8310773968696594 -0.12809273600578308 0.5412067174911499 -91.19853973388672
*2 0.3276614844799042 0.8990637063980103 -0.29037630558013916 50.90774154663086
*3 -0.4493871331214905 0.41866016387939453 0.7891621589660645 -472.32403564453125
#
*1 0.8155162334442139 -0.11664639413356781 0.5668585300445557 -91.07550811767578
*2 0.32729828357696533 0.9007498025894165 -0.28552329540252686 51.66461181640625
*3 -0.4772932529449463 0.4183821976184845 0.7727535963058472 -470.6014404296875
*1 0.8262416124343872 -0.12642261385917664 0.5489479899406433 -91.5459213256836
*2 0.3281981348991394 0.9000455141067505 -0.2867089509963989 51.66838455200195
*3 -0.4578324854373932 0.417056143283844 0.7851460576057434 -470.98828125
*1 0.8249353766441345 -0.12754638493061066 0.5506499409675598 -91.72797393798828
*2 0.32993781566619873 0.8996662497520447 -0.2859015464782715 51.38874816894531
*3 -0.4589362144470215 0.4175321161746979 0.7842481732368469 -470.87353515625
*1 0.8268720507621765 -0.1281576156616211 0.5475947260856628 -91.78801727294922
*2 0.3280660808086395 0.9007707238197327 -0.28457456827163696 51.21543884277344
*3 -0.45678770542144775 0.41495558619499207 0.7868656516075134 -471.4386291503906
*1 0.8288294076919556 -0.13083107769489288 0.5439914464950562 -91.8099365234375
*2 0.32730627059936523 0.9019256234169006 -0.2817777991294861 51.1231575012207
*3 -0.4537753164768219 0.41159915924072266 0.7903637290000916 -472.12933349609375
*1 0.8281434774398804 -0.12954112887382507 0.5453431606292725 -91.42977142333984
*2 0.32718297839164734 0.9016912579536438 -0.2826695740222931 50.97364044189453
*3 -0.45511460304260254 0.4125196039676666 0.7891128063201904 -471.70501708984375
*1 0.8275538682937622 -0.12744151055812836 0.546731173992157 -91.2318115234375
*2 0.3281501531600952 0.8999953269958496 -0.28692111372947693 50.76298904418945
*3 -0.45549067854881287 0.41685423254966736 0.7866140007972717 -471.2068786621094
*1 0.8265636563301086 -0.12708529829978943 0.5483097434043884 -91.30311584472656
*2 0.32726722955703735 0.9010835289955139 -0.2845040559768677 50.51491165161133
*3 -0.45791736245155334 0.41460612416267395 0.7863931655883789 -471.32562255859375
*1 0.8277878165245056 -0.12849077582359314 0.5461311936378479 -91.55463409423828
*2 0.32644814252853394 0.9019789695739746 -0.2826012969017029 50.57133483886719
*3 -0.4562879204750061 0.41221895813941956 0.7885921001434326 -471.9456787109375
*1 0.8268032073974609 -0.12711164355278015 0.5479423403739929 -91.49430847167969
*2 0.32759201526641846 0.9006897211074829 -0.2853758633136749 50.760108947753906
*3 -0.45725217461586 0.415452778339386 0.7863333225250244 -471.7948913574219
*1 0.8274559378623962 -0.12606915831565857 0.5471972227096558 -91.46382141113281
*2 0.3264811635017395 0.9008457064628601 -0.2861554026603699 50.89306640625
*3 -0.4568656384944916 0.4154321253299713 0.786568820476532 -471.7396545410156
*1 0.8250278830528259 -0.12609882652759552 0.5508444309234619 -91.47515106201172
*2 0.32731518149375916 0.9012470841407776 -0.28393039107322693 50.91038513183594
*3 -0.460644394159317 0.4145517945289612 0.7848275303840637 -471.423095703125
*1 0.823078989982605 -0.12566879391670227 0.553849995136261 -91.36825561523438
*2 0.3283251225948334 0.9010181427001953 -0.2834904193878174 50.994834899902344
*3 -0.46340376138687134 0.41517946124076843 0.7828688621520996 -471.32147216796875
*1 0.8228974342346191 -0.12519805133342743 0.5542263388633728 -91.20880889892578
*2 0.32933491468429565 0.8999524712562561 -0.2856956720352173 51.28289794921875
*3 -0.4630095660686493 0.41762590408325195 0.7818001508712769 -471.2779235839844
*1 0.8217558264732361 -0.12486818432807922 0.5559918880462646 -91.04547882080078
*2 0.3287000060081482 0.9008784890174866 -0.2834998071193695 51.368690490722656
*3 -0.4654817283153534 0.4157237410545349 0.781345784664154 -470.8673400878906
*1 0.8223123550415039 -0.1257944256067276 0.5549593567848206 -90.92115783691406
*2 0.32763463258743286 0.9020457863807678 -0.2810101807117462 51.46771240234375
*3 -0.4652499258518219 0.41290363669395447 0.7829775214195251 -471.2428283691406
$ 381 301
*1 0.8230671286582947 -0.125691220164299 0.5538628101348877 -90.59644317626953
*2 0.32754218578338623 0.9017346501350403 -0.2821143865585327 51.5924186706543
*3 -0.4639786183834076 0.41361409425735474 0.7833569049835205 -471.29498291015625
*1 0.8222674131393433 -0.12399592995643616 0.5554304718971252 -90.17861938476563
*2 0.32715925574302673 0.901574969291687 -0.28306761384010315 51.74388122558594
*3 -0.4656636118888855 0.4144730567932129 0.7819016575813293 -470.9844970703125
*1 0.8224993944168091 -0.12351113557815552 0.5551949143409729 -89.87423706054688
*2 0.32676082849502563 0.9015769958496094 -0.28352096676826477 51.78044891357422
*3 -0.4655335545539856 0.41461336612701416 0.7819046974182129 -470.9422607421875
*1 0.8212478160858154 -0.12227875739336014 0.5573164224624634 -89.73584747314453
*2 0.3274710774421692 0.9008843302726746 -0.28490012884140015 51.7747688293457
*3 -0.46724095940589905 0.4164801836013794 0.7798915505409241 -470.5536804199219
*1 0.820809006690979 -0.12065918743610382 0.5583149194717407 -89.73076629638672
*2 0.32757309079170227 0.9001637697219849 -0.2870521545410156 51.51272964477539
*3 -0.46793997287750244 0.4185054898262024 0.7783867716789246 -470.2462158203125
*1 0.8215986490249634 -0.12197261303663254 0.5568661689758301 -90.15044403076172
*2 0.32776376605033875 0.9003050327301025 -0.2863907814025879 51.32126998901367
*3 -0.46641814708709717 0.41782042384147644 0.7796671390533447 -470.6317138671875
*1 0.8222888708114624 -0.12206707149744034 0.5558257102966309 -90.51658630371094
*2 0.3269592523574829 0.9007560014724731 -0.28589174151420593 51.3332633972168
*3 -0.46576598286628723 0.4168195426464081 0.7805922031402588 -471.1425476074219
*1 0.821216344833374 -0.12247945368289948 0.5573186278343201 -90.78951263427734
*2 0.328343003988266 0.9002224206924438 -0.28598642349243164 51.45151901245117
*3 -0.46668386459350586 0.41784998774528503 0.7794922590255737 -470.7837829589844
*1 0.8216657638549805 -0.12482330203056335 0.5561349391937256 -91.10145568847656
*2 0.3295842707157135 0.9001048803329468 -0.2849268615245819 51.690834045410156
*3 -0.465014785528183 0.41740959882736206 0.7807247638702393 -470.8808898925781
*1 0.8219373226165771 -0.12421535700559616 0.5558696985244751 -91.40107727050781
*2 0.32933664321899414 0.899890124797821 -0.285890132188797 51.82305908203125
*3 -0.46471020579338074 0.41805365681648254 0.7805615663528442 -471.060546875
*1 0.819511353969574 -0.12388841807842255 0.5595125555992126 -91.32819366455078
*2 0.33031460642814636 0.8999583721160889 -0.2845439910888672 51.99244689941406
*3 -0.46828678250312805 0.4180038571357727 0.7784478664398193 -470.955810546875
#
*1 0.8319002389907837 -0.13629388809204102 0.5379277467727661 -91.44489288330078
*2 0.3316513001918793 0.8993110656738281 -0.2850388288497925 52.1768798828125
*3 -0.4449153244495392 0.415528267621994 0.7933389544487 -471.9418029785156
*1 0.8328331112861633 -0.13533854484558105 0.5367241501808167 -91.37522888183594
*2 0.3308021128177643 0.8991332650184631 -0.2865822911262512 52.25081253051758
*3 -0.4438009262084961 0.4162246584892273 0.7935980558395386 -472.1911926269531
*1 0.8350988626480103 -0.13731588423252106 0.532686173915863 -91.27729034423828
*2 0.3306053578853607 0.8992353081703186 -0.28648942708969116 52.4222297668457
*3 -0.4396706521511078 0.4153558313846588 0.796347439289093 -472.2672119140625
*1 0.8316537737846375 -0.13451696932315826 0.5387555956840515 -91.08084869384766
*2 0.332366943359375 0.8978158235549927 -0.2888931930065155 52.519954681396484
*3 -0.44484230875968933 0.419323593378067 0.7913805246353149 -471.4182434082031
*1 0.8323370814323425 -0.13766779005527496 0.5369012951850891 -91.18939208984375
*2 0.33298560976982117 0.8985731601715088 -0.2858099639415741 52.44387435913086
*3 -0.443098247051239 0.416670560836792 0.7937567234039307 -471.61505126953125
*1 0.8321939706802368 -0.13570338487625122 0.5376228094100952 -91.08892822265625
*2 0.332629531621933 0.8979311585426331 -0.28823181986808777 52.50260925292969
*3 -0.4436342716217041 0.4186939299106598 0.7923914194107056 -471.4935302734375
*1 0.8323096632957458 -0.13435253500938416 0.5377829670906067 -91.08866882324219
*2 0.332725465297699 0.8970539569854736 -0.29084059596061707 52.53181838989258
*3 -0.44334524869918823 0.42100343108177185 0.7913287281990051 -471.0958251953125
*1 0.8322866559028625 -0.13381347060203552 0.5379528403282166 -91.60025024414063
*2 0.33229708671569824 0.8971807360649109 -0.2909390330314636 52.49809646606445
*3 -0.44370952248573303 0.4209047555923462 0.791176974773407 -471.511474609375
*1 0.83022141456604 -0.13442446291446686 0.5409831404685974 -92.03662109375
*2 0.3334624469280243 0.8974562883377075 -0.28874751925468445 52.652626037597656
*3 -0.44669416546821594 0.4201219081878662 0.7899125814437866 -471.3322448730469
*1 0.8319494128227234 -0.13604579865932465 0.5379146337509155 -92.23667907714844
*2 0.33360713720321655 0.8973146677017212 -0.2890204191207886 52.7335205078125
*3 -0.44335880875587463 0.4199024736881256 0.7919058799743652 -471.40972900390625
*1 0.8332538604736328 -0.13694162666797638 0.5356636047363281 -92.71174621582031
*2 0.33412668108940125 0.8966339826583862 -0.29052889347076416 53.05583953857422
*3 -0.44050881266593933 0.42106378078460693 0.7928791642189026 -471.924072265625
*1 0.832324743270874 -0.13769260048866272 0.536914050579071 -93.07523345947266
*2 0.3354131877422333 0.8962917923927307 -0.2901020646095276 53.441307067871094
*3 -0.4412868916988373 0.4215471148490906 0.792189359664917 -471.5813293457031
*1 0.8323730826377869 -0.13904479146003723 0.5364904999732971 -93.43876647949219
*2 0.3353157937526703 0.8970876932144165 -0.2877449095249176 53.73823928833008
*3 -0.44126972556114197 0.4194048047065735 0.7933351993560791 -471.5716857910156
*1 0.8287986516952515 -0.13767053186893463 0.5423468947410583 -93.3617935180664
*2 0.3379201292991638 0.8956948518753052 -0.2890344560146332 53.888671875
*3 -0.44598588347435 0.4228212237358093 0.7888720035552979 -470.8329162597656
*1 0.8312678337097168 -0.1397906094789505 0.5380082726478577 -93.42174530029297
*2 0.33697789907455444 0.8964696526527405 -0.28772953152656555 54.051300048828125
*3 -0.44208624958992004 0.42047712206840515 0.7923123836517334 -471.4072265625
*1 0.8310279846191406 -0.1415330022573471 0.537923276424408 -93.49259948730469
*2 0.33760911226272583 0.8969201445579529 -0.28557753562927246 54.098793029785156
*3 -0.44205567240715027 0.41893064975738525 0.7931482195854187 -471.4289245605469
*1 0.8308879733085632 -0.1407712996006012 0.538339376449585 -93.60147094726563
*2 0.3386218547821045 0.8956212401390076 -0.2884407341480255 54.131629943847656
*3 -0.4415440857410431 0.42195531725883484 0.7918287515640259 -471.2571716308594
*1 0.8303069472312927 -0.1413421779870987 0.5390858054161072 -93.59371948242188
*2 0.33960461616516113 0.8952847719192505 -0.2883298397064209 54.19303512573242
*3 -0.4418821930885315 0.4224781394004822 0.7913612127304077 -471.231689453125
*1 0.827068567276001 -0.1401880830526352 0.5443397164344788 -93.60893249511719
*2 0.3412898778915405 0.8947067260742188 -0.2881340980529785 53.94326400756836
*3 -0.4466314911842346 0.4240841269493103 0.7878281474113464 -470.38140869140625
*1 0.8275863528251648 -0.14370305836200714 0.542633593082428 -93.97777557373047
*2 0.3412896394729614 0.896297037601471 -0.28314855694770813 53.78157424926758
*3 -0.44567161798477173 0.4195248782634735 0.7908071279525757 -471.10791015625
*1 0.8274443745613098 -0.14188343286514282 0.543328583240509 -94.0916976928711
*2 0.34141653776168823 0.895293653011322 -0.28615421056747437 53.60350036621094
*3 -0.4458380341529846 0.4222777783870697 0.7892464995384216 -471.1083679199219
*1 0.8283262848854065 -0.14521963894367218 0.5410987138748169 -94.39408874511719
*2 0.34224629402160645 0.8958215713500977 -0.28349849581718445 53.6529541015625
*3 -0.44355833530426025 0.4200180470943451 0.7917329668998718 -471.6776123046875
*1 0.8282909989356995 -0.1420804262161255 0.5419853329658508 -94.49758911132813
*2 0.3419346511363983 0.8944790363311768 -0.2880766987800598 53.866294860839844
*3 -0.44386449456214905 0.423934668302536 0.7894706726074219 -471.52593994140625
*1 0.8279018998146057 -0.1402440369129181 0.5430570840835571 -95.18724822998047
*2 0.34231579303741455 0.8933326005935669 -0.29116493463516235 54.24394607543945
*3 -0.44429653882980347 0.4269528090953827 0.7875989079475403 -471.7152099609375
*1 0.8280228972434998 -0.14096558094024658 0.5426856875419617 -96.13823699951172
*2 0.34330475330352783 0.8927049040794373 -0.29192471504211426 54.8005485534668
*3 -0.44330695271492004 0.4280267059803009 0.7875736355781555 -472.0666809082031
*1 0.8299700617790222 -0.14035315811634064 0.5398627519607544 -97.31369018554688
*2 0.34436219930648804 0.8903030157089233 -0.2979521155357361 55.71864318847656
*3 -0.43882298469543457 0.4331994354724884 0.7872564792633057 -472.6826171875
*1 0.8308579325675964 -0.14173457026481628 0.5381333827972412 -98.17737579345703
*2 0.34577491879463196 0.8891782760620117 -0.2996697425842285 56.98586654663086
*3 -0.4360230565071106 0.43505579233169556 0.7877883315086365 -473.00335693359375
*1 0.8283091187477112 -0.14242009818553925 0.5418686270713806 -98.65277099609375
*2 0.34829026460647583 0.8884599208831787 -0.2988864779472351 57.98249053955078
*3 -0.438861221075058 0.4362976849079132 0.7855222821235657 -471.9721374511719
*1 0.8272219896316528 -0.14120705425739288 0.5438432693481445 -99.29998779296875
*2 0.3487163782119751 0.8879633545875549 -0.29986372590065 58.883888244628906
*3 -0.4405701160430908 0.43770068883895874 0.7837832570075989 -471.9192810058594
*1 0.8260470628738403 -0.1406596451997757 0.5457676649093628 -100.07524871826172
*2 0.3509959578514099 0.8860347270965576 -0.30289357900619507 59.818233489990234
*3 -0.44096431136131287 0.44176632165908813 0.781276524066925 -471.6082763671875
*1 0.8227736949920654 -0.14002707600593567 0.5508512258529663 -100.75651550292969
*2 0.3523399233818054 0.8861432075500488 -0.30100998282432556 60.73059844970703
*3 -0.4459836184978485 0.4417497217655182 0.7784317135810852 -471.2360534667969
*1 0.8234096765518188 -0.1382373571395874 0.5503526926040649 -101.55894470214844
*2 0.35286861658096313 0.8842803835868835 -0.3058304190635681 61.65545654296875
*3 -0.4443889558315277 0.44602569937705994 0.7769038677215576 -471.0652160644531
*1 0.8252733945846558 -0.14152373373508453 0.546713650226593 -102.58204650878906
*2 0.3522733151912689 0.8856633305549622 -0.3024968206882477 62.771663665771484
*3 -0.44139382243156433 0.4422350525856018 0.7807685732841492 -471.9617004394531
*1 0.8240628838539124 -0.1388927847146988 0.5492085814476013 -103.41785430908203
*2 0.354654997587204 0.8824727535247803 -0.3089694082736969 63.81028366088867
*3 -0.4417480230331421 0.44938963651657104 0.7764711976051331 -471.6710510253906
*1 0.823110818862915 -0.13619089126586914 0.5513088703155518 -104.27033233642578
*2 0.355598121881485 0.880531370639801 -0.3133925497531891 64.7822494506836
*3 -0.4427635967731476 0.4540010690689087 0.7732033133506775 -470.860107421875
*1 0.8225184082984924 -0.1358431577682495 0.5522780418395996 -105.5433349609375
*2 0.35667333006858826 0.8795753121376038 -0.3148519694805145 65.9878158569336
*3 -0.4429997205734253 0.4559542238712311 0.7719177007675171 -471.0579833984375
*1 0.8225253820419312 -0.13515236973762512 0.5524371266365051 -106.59117126464844
*2 0.3571625053882599 0.878671407699585 -0.3168151080608368 67.0971908569336
*3 -0.4425925612449646 0.4578981399536133 0.7710000276565552 -470.3393859863281
*1 0.8200296759605408 -0.13010531663894653 0.5573372840881348 -107.94895935058594
*2 0.3586735129356384 0.87568598985672 -0.3233073353767395 68.3399429321289
*3 -0.44598862528800964 0.46502360701560974 0.764752984046936 -469.8851013183594
*1 0.8238741159439087 -0.12688180804252625 0.5523887872695923 -110.18029022216797
*2 0.3583085238933563 0.8717485666275024 -0.33417007327079773 70.22709655761719
*3 -0.4391442537307739 0.4732395112514496 0.7636731266975403 -471.2188720703125
*1 0.8217228055000305 -0.12024641782045364 0.5570577383041382 -112.83961486816406
*2 0.3603951930999756 0.866851806640625 -0.34450438618659973 72.33934020996094
*3 -0.44146132469177246 0.48384788632392883 0.7556473612785339 -471.3919372558594
*1 0.8232322931289673 -0.11706475913524628 0.5555046796798706 -116.3282699584961
*2 0.3582178056240082 0.8662310838699341 -0.3483157753944397 74.8736572265625
*3 -0.44042009115219116 0.48573628067970276 0.7550432085990906 -472.3094482421875
*1 0.8173621892929077 -0.10773704946041107 0.5659619569778442 -120.0530014038086
*2 0.36175063252449036 0.8605366349220276 -0.3586271405220032 77.469482421875
*3 -0.44839370250701904 0.49786514043807983 0.7423431277275085 -471.67608642578125
*1 0.8168082237243652 -0.10640271753072739 0.567013144493103 -123.66763305664063
*2 0.3612721264362335 0.860611081123352 -0.35893067717552185 80.18759155273438
*3 -0.4497867226600647 0.4980233609676361 0.7413936257362366 -470.6783142089844
*1 0.8185344934463501 -0.1030823290348053 0.5651341676712036 -126.63800811767578
*2 0.3621772527694702 0.8562198281288147 -0.36839592456817627 82.85617065429688
*3 -0.44590404629707336 0.506223201751709 0.7381784915924072 -469.3474426269531
*1 0.8169726133346558 -0.10086429119110107 0.5677881836891174 -128.9827117919922
*2 0.3624292016029358 0.8556427359580994 -0.3694874942302704 85.54955291748047
*3 -0.44855573773384094 0.5076438784599304 0.7355917692184448 -467.9822692871094
*1 0.8172093629837036 -0.1004733294248581 0.5675166249275208 -130.9001922607422
*2 0.36192041635513306 0.8557894825935364 -0.36964625120162964 88.31211853027344
*3 -0.4485352337360382 0.5074740052223206 0.7357214689254761 -466.8837890625
*1 0.8160395622253418 -0.10340050607919693 0.5686729550361633 -131.71400451660156
*2 0.36351364850997925 0.8567415475845337 -0.3658582270145416 90.78600311279297
*3 -0.44937583804130554 0.5052748322486877 0.7367214560508728 -465.2632141113281
*1 0.8169364333152771 -0.10511095076799393 0.5670693516731262 -132.12460327148438
*2 0.3620506525039673 0.8588332533836365 -0.3623882234096527 93.26912689208984
*3 -0.448927104473114 0.5013555884361267 0.7396666407585144 -465.23431396484375
*1 0.8209090828895569 -0.11162180453538895 0.5600445866584778 -131.2678985595703
*2 0.35913729667663574 0.8634041547775269 -0.354336142539978 95.86563110351563
*3 -0.4439932405948639 0.49201029539108276 0.7488628625869751 -465.63262939453125
*1 0.8280792832374573 -0.10704053193330765 0.5502980351448059 -129.85801696777344
*2 0.35574978590011597 0.8589758276939392 -0.36824318766593933 98.62551879882813
*3 -0.43327587842941284 0.5007026791572571 0.7493786811828613 -466.1707763671875
*1 0.831508994102478 -0.10176138579845428 0.546112060546875 -128.27706909179688
*2 0.3550885021686554 0.8533841967582703 -0.38163864612579346 101.29163360595703
*3 -0.42720744013786316 0.5112537741661072 0.7457298040390015 -463.97314453125
*1 0.8281382322311401 -0.09588641673326492 0.552262544631958 -128.30918884277344
*2 0.3590049147605896 0.8473891019821167 -0.39121317863464355 103.2575454711914
*3 -0.4304693043231964 0.5222432613372803 0.7361778616905212 -461.25274658203125
*1 0.8239730000495911 -0.09666437655687332 0.558323860168457 -129.78004455566406
*2 0.36412522196769714 0.845287561416626 -0.3910273611545563 104.89392852783203
*3 -0.43414589762687683 0.5254955291748047 0.7316908836364746 -459.5657653808594
*1 0.8199841976165771 -0.10022959113121033 0.5635433197021484 -132.23912048339844
*2 0.37053799629211426 0.8433631658554077 -0.3891538977622986 106.13412475585938
*3 -0.43626701831817627 0.5279139876365662 0.7286821603775024 -458.7547912597656
*1 0.8140073418617249 -0.10100367665290833 0.5720065236091614 -135.1130828857422
*2 0.3793221116065979 0.8382212519645691 -0.3917914927005768 106.82742309570313
*3 -0.43989571928977966 0.535895586013794 0.720629870891571 -456.9677429199219
#
#
#
#
#
#
#
#
#
#
#
#
#
#
#
#
*1 0.7959405183792114 -0.18533453345298767 0.5763034224510193 -164.9523162841797
*2 0.43441474437713623 0.8378932476043701 -0.3305002748966217 102.9427719116211
*3 -0.42161867022514343 0.5134067535400391 0.7474249005317688 -452.0802001953125
*1 0.7920124530792236 -0.18593855202198029 0.5814972519874573 -165.5090789794922
*2 0.43567895889282227 0.8393924832344055 -0.3249858319759369 101.04296112060547
*3 -0.4276680648326874 0.5107324123382568 0.7458184957504272 -452.9543762207031
*1 0.7910864353179932 -0.18898573517799377 0.5817753672599792 -165.75193786621094
*2 0.43551644682884216 0.8418787717819214 -0.3187118172645569 99.22406768798828
*3 -0.4295433759689331 0.5054948329925537 0.7483049035072327 -453.67205810546875
*1 0.7922418117523193 -0.19374705851078033 0.5786284804344177 -165.21229553222656
*2 0.43271735310554504 0.8469839692115784 -0.3088454306125641 97.65116882324219
*3 -0.430242121219635 0.4950563907623291 0.7548533082008362 -455.02001953125
*1 0.7954639792442322 -0.19601809978485107 0.573419451713562 -163.71707153320313
*2 0.4299466907978058 0.8494035601615906 -0.3060573935508728 96.27802276611328
*3 -0.4270626902580261 0.4899909496307373 0.7599467039108276 -456.6312561035156
*1 0.7973703742027283 -0.19832326471805573 0.5699687600135803 -161.14703369140625
*2 0.4275073707103729 0.8522571325302124 -0.3015075922012329 94.7917251586914
*3 -0.4259549379348755 0.4840725362300873 0.7643486261367798 -457.69537353515625
*1 0.7986961007118225 -0.20003312826156616 0.5675098299980164 -158.25045776367188
*2 0.42315661907196045 0.857257604598999 -0.2933592200279236 93.34864807128906
*3 -0.4278114438056946 0.47444388270378113 0.7693328261375427 -458.63134765625
*1 0.80035400390625 -0.19469477236270905 0.5670304894447327 -154.68841552734375
*2 0.4199708104133606 0.8570536971092224 -0.2984884977340698 91.65564727783203
*3 -0.42785221338272095 0.47702622413635254 0.7677116394042969 -459.0816955566406
*1 0.8047997951507568 -0.19234932959079742 0.5615115165710449 -151.23204040527344
*2 0.4137120842933655 0.860160231590271 -0.29829269647598267 90.07015991210938
*3 -0.4256042540073395 0.47236353158950806 0.7718331217765808 -460.0570068359375
*1 0.8086903691291809 -0.18709826469421387 0.5576829314231873 -148.1385040283203
*2 0.4072898328304291 0.8621599674224854 -0.3013421893119812 88.3883056640625
*3 -0.424422025680542 0.470824658870697 0.7734227180480957 -460.4331359863281
*1 0.8137618899345398 -0.18323825299739838 0.5515535473823547 -145.8647918701172
*2 0.3999035358428955 0.8651831150054932 -0.3025676906108856 86.94564056396484
*3 -0.4217435419559479 0.4667798578739166 0.7773297429084778 -461.6153564453125
*1 0.8162449598312378 -0.17663384974002838 0.5500369071960449 -143.8838653564453
*2 0.397359162569046 0.8627896308898926 -0.3125884532928467 85.81741333007813
*3 -0.41934311389923096 0.4737045466899872 0.7744339108467102 -461.69183349609375
*1 0.8171833157539368 -0.17673641443252563 0.5486087203025818 -142.32423400878906
*2 0.3945147395133972 0.8654450178146362 -0.3088281750679016 84.88611602783203
*3 -0.4202001690864563 0.46879708766937256 0.7769514918327332 -461.9595642089844
*1 0.8165675401687622 -0.17383193969726563 0.5504506230354309 -140.66722106933594
*2 0.39205479621887207 0.8669268488883972 -0.30780285596847534 83.80245971679688
*3 -0.42368513345718384 0.4671422243118286 0.7760551571846008 -461.95849609375
*1 0.819439709186554 -0.1746373474597931 0.5459086298942566 -139.1263885498047
*2 0.38974815607070923 0.8681462407112122 -0.3072949945926666 82.86720275878906
*3 -0.42025402188301086 0.4645702838897705 0.7794572114944458 -462.53375244140625
*1 0.8224779367446899 -0.17261305451393127 0.5419692993164063 -137.40310668945313
*2 0.3856636881828308 0.8696165084838867 -0.3082892596721649 81.96923828125
*3 -0.4180813729763031 0.46257275342941284 0.7818100452423096 -462.7835693359375
*1 0.8207514882087708 -0.16878005862236023 0.5457804203033447 -135.362548828125
*2 0.38438448309898376 0.8699294328689575 -0.30900338292121887 80.66057586669922
*3 -0.4226275086402893 0.4633983373641968 0.7788714170455933 -462.2101745605469
*1 0.8250425457954407 -0.16984699666500092 0.5389367938041687 -133.9501190185547
*2 0.3804844915866852 0.8721389174461365 -0.30759885907173157 79.51738739013672
*3 -0.41777363419532776 0.45883309841156006 0.7841747999191284 -463.14495849609375
*1 0.826787531375885 -0.16509072482585907 0.5377391576766968 -132.77801513671875
*2 0.3764550983905792 0.8727328181266785 -0.31085503101348877 78.60185241699219
*3 -0.41797399520874023 0.45943960547447205 0.7837128043174744 -463.2143859863281
*1 0.8276123404502869 -0.16328036785125732 0.5370227098464966 -132.14048767089844
*2 0.37529483437538147 0.8724323511123657 -0.3130932152271271 78.1929702758789
*3 -0.41738465428352356 0.4606555104255676 0.783312976360321 -463.4778747558594
*1 0.8304362297058105 -0.16196627914905548 0.533046543598175 -131.75209045410156
*2 0.37423086166381836 0.8709860444068909 -0.3183494508266449 77.93548583984375
*3 -0.41270485520362854 0.4638451635837555 0.7839100956916809 -463.47381591796875
*1 0.8273301720619202 -0.16090127825737 0.5381742119789124 -131.2958221435547
*2 0.37479326128959656 0.8717778921127319 -0.315507709980011 77.62640380859375
*3 -0.41839346289634705 0.4627269506454468 0.7815518379211426 -463.24908447265625
*1 0.8296303153038025 -0.15956200659275055 0.5350229144096375 -130.84715270996094
*2 0.3729981780052185 0.8714715838432312 -0.3184674084186554 77.22248077392578
*3 -0.4154326021671295 0.4637666344642639 0.7825145125389099 -463.05914306640625
*1 0.8311054110527039 -0.16119086742401123 0.5322379469871521 -130.6485137939453
*2 0.3727935254573822 0.871687650680542 -0.31811556220054626 77.38140106201172
*3 -0.41265857219696045 0.46279630064964294 0.784554123878479 -464.013427734375
*1 0.8293341994285583 -0.15948094427585602 0.5355058312416077 -130.0832977294922
*2 0.3733138144016266 0.8712676763534546 -0.31865552067756653 77.44564056396484
*3 -0.41574010252952576 0.46417757868766785 0.7821074724197388 -463.4606628417969
*1 0.8280288577079773 -0.15835650265216827 0.5378542542457581 -129.66860961914063
*2 0.3731251060962677 0.8716717958450317 -0.3177702724933624 77.37287902832031
*3 -0.41850200295448303 0.46380385756492615 0.780855119228363 -463.28057861328125
*1 0.8316270709037781 -0.1623729020357132 0.5310622453689575 -129.2644500732422
*2 0.3716616630554199 0.8733089566230774 -0.31497785449028015 77.28190612792969
*3 -0.4126282334327698 0.45931360125541687 0.7866140604019165 -463.8463134765625
*1 0.8293567895889282 -0.16081395745277405 0.535071849822998 -128.4382781982422
*2 0.372276246547699 0.8731933236122131 -0.31457239389419556 76.84004211425781
*3 -0.4166242182254791 0.4600813090801239 0.7840550541877747 -463.06182861328125
*1 0.828948974609375 -0.16160434484481812 0.5354654788970947 -128.06968688964844
*2 0.3723296821117401 0.8738606572151184 -0.3126501142978668 76.35929107666016
*3 -0.4173872470855713 0.45853471755981445 0.7845550775527954 -463.18505859375
*1 0.8310848474502563 -0.16349013149738312 0.5315681099891663 -127.56536865234375
*2 0.3717333674430847 0.8742438554763794 -0.31228822469711304 75.78728485107422
*3 -0.41365477442741394 0.45713362097740173 0.7873445749282837 -463.023193359375
*1 0.8295447826385498 -0.16109131276607513 0.5346968770027161 -126.82334899902344
*2 0.3721621632575989 0.8733601570129395 -0.3142438530921936 75.22874450683594
*3 -0.41635167598724365 0.4596673250198364 0.784442663192749 -462.5570373535156
*1 0.8292447328567505 -0.1607261449098587 0.5352718234062195 -126.25859069824219
*2 0.3720896542072296 0.8734200596809387 -0.3141631782054901 74.69804382324219
*3 -0.41701364517211914 0.45968130230903625 0.7840827703475952 -462.3602294921875
*1 0.8306839466094971 -0.16148367524147034 0.5328065752983093 -125.96299743652344
*2 0.37088850140571594 0.8742572665214539 -0.31325358152389526 74.18510437011719
*3 -0.415215402841568 0.4578205943107605 0.7861230969429016 -462.4269714355469
*1 0.831972599029541 -0.1627219319343567 0.530413806438446 -125.58076477050781
*2 0.370057612657547 0.8750659823417664 -0.3119753897190094 73.81998443603516
*3 -0.41337263584136963 0.45583269000053406 0.7882466316223145 -462.7648010253906
*1 0.8324987888336182 -0.16324080526828766 0.5294278264045715 -125.27890014648438
*2 0.36988434195518494 0.875220775604248 -0.31174635887145996 73.54615020751953
*3 -0.412467360496521 0.4553495943546295 0.7889997363090515 -462.6100769042969
