#
#
#
#
#
#
#
#
#
#
#
#
#
#
#
#
#
#
#
#
#
#
#
#
#
#
#
#
#
#
#
#
#
#
#
#
#
#
#
#
#
#
#
#
#
#
#
#
#
#
#
#
#
#
#
#
#
#
#
#
#
#
#
#
#
#
#
#
#
#
#
#
#
#
#
#
#
#
#
#
#
#
#
#
#
#
#
#
#
#
#
#
#
#
#
#
#
#
#
#
#
#
#
#
#
#
#
#
#
#
#
#
#
#
#
#
#
#
#
#
#
#
#
#
#
#
#
#
#
#
#
#
#
#
#
#
#
#
#
#
#
#
#
#
#
#
#
#
#
#
#
#
#
#
#
#
#
#
#
#
#
#
#
#
#
#
#
#
#
#
#
#
#
#
#
#
#
#
#
#
#
#
*1 0.6655565500259399 -0.38179126381874084 0.6413037776947021 -169.47024536132813
*2 0.6104925274848938 0.7727809548377991 -0.17351604998111725 55.21833419799805
*3 -0.42934104800224304 0.5069963335990906 0.747409999370575 -440.0848388671875
*1 0.6681960225105286 -0.3685831129550934 0.6462672352790833 -168.42547607421875
*2 0.6003840565681458 0.7801448702812195 -0.1758192628622055 58.782264709472656
*3 -0.43937861919403076 0.5054906606674194 0.7425809502601624 -440.4411926269531
*1 0.6802712678909302 -0.3577781617641449 0.6397081613540649 -167.4939422607422
*2 0.5923404693603516 0.7823975086212158 -0.19231857359409332 61.16758346557617
*3 -0.4316992163658142 0.5097542405128479 0.7441688179969788 -439.3508605957031
*1 0.6841464042663574 -0.35019269585609436 0.6397729516029358 -166.10256958007813
*2 0.5850081443786621 0.7873287796974182 -0.1946234107017517 62.932655334472656
*3 -0.43555644154548645 0.5074236989021301 0.7435137033462524 -438.60546875
*1 0.6823427677154541 -0.3474757969379425 0.6431714296340942 -162.65623474121094
*2 0.5787429809570313 0.7942765355110168 -0.1848800927400589 62.88339614868164
*3 -0.4466151297092438 0.4983830153942108 0.7430680990219116 -435.6407165527344
*1 0.6821132898330688 -0.3528364896774292 0.6404907703399658 -156.4284210205078
*2 0.5730540156364441 0.802012026309967 -0.16847866773605347 61.95284652709961
*3 -0.45423638820648193 0.4819578230381012 0.7492575645446777 -431.94097900390625
*1 0.6899139285087585 -0.35224682092666626 0.6324093341827393 -149.18190002441406
*2 0.5657504200935364 0.8073872923851013 -0.16748623549938202 60.71958541870117
*3 -0.4516032934188843 0.47333741188049316 0.7563115954399109 -430.9530944824219
*1 0.6953167915344238 -0.350500226020813 0.6274430155754089 -142.4062042236328
*2 0.558410108089447 0.8130659461021423 -0.1646244376897812 59.831748962402344
*3 -0.45245224237442017 0.4648371636867523 0.7610613107681274 -433.4690856933594
*1 0.696560263633728 -0.342743843793869 0.6303420066833496 -135.46493530273438
*2 0.5489609241485596 0.8202710151672363 -0.16061414778232574 57.403587341308594
*3 -0.4620022773742676 0.45791104435920715 0.7595211267471313 -433.2586975097656
*1 0.7021351456642151 -0.3348287045955658 0.628407895565033 -130.83291625976563
*2 0.538966715335846 0.826651930809021 -0.16174370050430298 54.334163665771484
*3 -0.4653186798095703 0.452257364988327 0.7608828544616699 -436.0491943359375
*1 0.7151483297348022 -0.32979631423950195 0.616277277469635 -127.02445983886719
*2 0.5270946025848389 0.8335132002830505 -0.16560997068881989 50.71944046020508
*3 -0.4590581953525543 0.4432726502418518 0.7699193358421326 -438.5014953613281
*1 0.7251554727554321 -0.32434117794036865 0.6074148416519165 -124.357177734375
*2 0.5189272165298462 0.8372417092323303 -0.17245429754257202 47.66001510620117
*3 -0.4526195228099823 0.44026079773902893 0.7754398584365845 -441.3785705566406
*1 0.7360931634902954 -0.32130321860313416 0.5957613587379456 -122.56281280517578
*2 0.5111267566680908 0.8408647775650024 -0.1780320554971695 45.66559600830078
*3 -0.4437529742717743 0.4355582892894745 0.7831814289093018 -443.9050598144531
*1 0.7431195974349976 -0.3175458610057831 0.5890147686004639 -121.1520004272461
*2 0.5050765872001648 0.8435715436935425 -0.18244005739688873 44.38005447387695
*3 -0.438943475484848 0.4330727458000183 0.7872594594955444 -445.5733947753906
*1 0.7475138902664185 -0.31547877192497253 0.5845482349395752 -119.54592895507813
*2 0.5002961754798889 0.8462868928909302 -0.18303537368774414 43.380958557128906
*3 -0.43695223331451416 0.4292691648006439 0.7904438972473145 -446.3587951660156
*1 0.7533435821533203 -0.31453245878219604 0.5775321125984192 -118.54605865478516
*2 0.49608778953552246 0.8483121395111084 -0.18510322272777557 42.83575439453125
*3 -0.4317070245742798 0.42595338821411133 0.795106053352356 -447.9615783691406
*1 0.7575637698173523 -0.30983448028564453 0.5745436549186707 -117.74628448486328
*2 0.49200230836868286 0.8494649529457092 -0.1906377226114273 42.74878692626953
*3 -0.42898908257484436 0.4270974397659302 0.7959630489349365 -448.69256591796875
*1 0.7584825158119202 -0.3054923713207245 0.5756555199623108 -117.32847595214844
*2 0.488654762506485 0.8510401844978333 -0.19221550226211548 42.777828216552734
*3 -0.43118616938591003 0.4270893335342407 0.794779360294342 -449.3721923828125
*1 0.7474514842033386 -0.29163894057273865 0.5968782305717468 -116.60173034667969
*2 0.4832269251346588 0.8552348613739014 -0.18725596368312836 42.70158386230469
*3 -0.4558604657649994 0.42839276790618896 0.7801743149757385 -448.9866027832031
*1 0.7630403637886047 -0.29922470450401306 0.5729175806045532 -117.05754089355469
*2 0.4817056953907013 0.85427325963974 -0.19538824260234833 42.75114822387695
*3 -0.4309636950492859 0.42506715655326843 0.7959831357002258 -450.92779541015625
*1 0.7636997103691101 -0.29677146673202515 0.5733149647712708 -116.66265869140625
*2 0.4790308475494385 0.8558450937271118 -0.19508549571037292 42.46021270751953
*3 -0.4327734708786011 0.42362263798713684 0.7957712411880493 -451.3412170410156
*1 0.7652826309204102 -0.29707133769989014 0.571044385433197 -115.9937744140625
*2 0.47625648975372314 0.8581250905990601 -0.1918354481458664 42.29058074951172
*3 -0.43303918838500977 0.41877231001853943 0.7981902956962585 -452.63702392578125
*1 0.7696214318275452 -0.2929205298423767 0.5673455595970154 -115.15902709960938
*2 0.47228941321372986 0.8591216206550598 -0.1971106380224228 42.281524658203125
*3 -0.4296814799308777 0.4196522831916809 0.7995415925979614 -453.487548828125
*1 0.770307719707489 -0.2900208830833435 0.5679035186767578 -114.99757385253906
*2 0.4711170196533203 0.8590191602706909 -0.20033639669418335 42.40902328491211
*3 -0.4297386407852173 0.4218701124191284 0.7983428239822388 -453.8277893066406
*1 0.7709640860557556 -0.2882571518421173 0.56791090965271 -115.08917236328125
*2 0.46972009539604187 0.8595385551452637 -0.20138603448867798 42.49890899658203
*3 -0.4300907552242279 0.4220210015773773 0.798073410987854 -454.16217041015625
*1 0.7728981971740723 -0.28903913497924805 0.5648763179779053 -115.29756927490234
*2 0.46891891956329346 0.8599280118942261 -0.201590895652771 42.90970230102539
*3 -0.4274856150150299 0.4206908941268921 0.8001725673675537 -455.2706298828125
*1 0.7719530463218689 -0.29000234603881836 0.5656746029853821 -114.9281997680664
*2 0.46949949860572815 0.8600294589996338 -0.19979886710643768 43.375606536865234
*3 -0.42855504155158997 0.41981977224349976 0.8000580668449402 -455.4040832519531
*1 0.7747466564178467 -0.2948092818260193 0.5593351125717163 -114.57023620605469
*2 0.46799319982528687 0.8622264862060547 -0.19377274811267853 43.93687438964844
*3 -0.4251478910446167 0.41189029812812805 0.8059754967689514 -456.9517517089844
*1 0.7736735343933105 -0.2922978103160858 0.5621316432952881 -113.38530731201172
*2 0.4682985246181488 0.8614184856414795 -0.19660797715187073 44.05082702636719
*3 -0.42676281929016113 0.41535624861717224 0.8033390641212463 -456.43060302734375
*1 0.7729530930519104 -0.28993114829063416 0.564344048500061 -112.75459289550781
*2 0.4681992828845978 0.860930860042572 -0.1989663541316986 44.17833709716797
*3 -0.4281749725341797 0.41801753640174866 0.8012043237686157 -456.76300048828125
*1 0.7744566202163696 -0.2898924648761749 0.5622989535331726 -112.33091735839844
*2 0.4678448438644409 0.8607419729232788 -0.2006104439496994 44.36554718017578
*3 -0.4258390963077545 0.41843315958976746 0.8022316098213196 -456.9376220703125
*1 0.7757072448730469 -0.2892872095108032 0.560884952545166 -112.04010009765625
*2 0.4661208987236023 0.8617794513702393 -0.2001688927412033 44.201171875
*3 -0.4254531264305115 0.41671305894851685 0.8033310174942017 -457.6654357910156
*1 0.7783727049827576 -0.28915873169898987 0.557246744632721 -111.71424102783203
*2 0.46482232213020325 0.862067461013794 -0.20194078981876373 44.53990173339844
*3 -0.42199161648750305 0.4162063002586365 0.8054168224334717 -458.4491882324219
*1 0.7811970710754395 -0.28450554609298706 0.5556873083114624 -111.45173645019531
*2 0.4648230969905853 0.8592720627784729 -0.21352115273475647 45.54065704345703
*3 -0.4167388677597046 0.4250987768173218 0.8035051822662354 -458.5981140136719
*1 0.7803632020950317 -0.28485995531082153 0.55667644739151 -111.25435638427734
*2 0.46480244398117065 0.8597525358200073 -0.21162360906600952 46.673240661621094
*3 -0.4183211326599121 0.42388829588890076 0.803322434425354 -458.2301330566406
*1 0.7802457809448242 -0.28471076488494873 0.5569173097610474 -110.99209594726563
*2 0.4651782810688019 0.8593596816062927 -0.21239188313484192 47.41735076904297
*3 -0.41812220215797424 0.4247841238975525 0.8029527068138123 -457.7169494628906
$ 684 452
*1 0.7806891202926636 -0.2834385633468628 0.5569449067115784 -110.97757720947266
*2 0.46576595306396484 0.8580954074859619 -0.21618187427520752 47.91975021362305
*3 -0.4166377782821655 0.42817726731300354 0.8019214272499084 -457.41156005859375
*1 0.7790440917015076 -0.2859738767147064 0.5579513907432556 -111.24971771240234
*2 0.4667893350124359 0.8586676120758057 -0.2116551399230957 48.317352294921875
*3 -0.41856712102890015 0.4253349304199219 0.8024291396141052 -457.3133544921875
*1 0.7784451246261597 -0.2871481776237488 0.5581841468811035 -111.00012969970703
*2 0.46663013100624084 0.8594990968704224 -0.20860984921455383 48.54084014892578
*3 -0.419856995344162 0.422857403755188 0.8030644655227661 -457.0333557128906
*1 0.7775879502296448 -0.2863813638687134 0.5597705841064453 -110.55187225341797
*2 0.46575644612312317 0.8604092597961426 -0.20680218935012817 48.413387298583984
*3 -0.42240768671035767 0.42152416706085205 0.8024274706840515 -457.23931884765625
*1 0.7787284851074219 -0.28675827383995056 0.5579892992973328 -109.951171875
*2 0.46568018198013306 0.8602020144462585 -0.20783336460590363 48.1459846496582
*3 -0.4203857481479645 0.42169085144996643 0.8034011125564575 -457.18853759765625
*1 0.778206467628479 -0.2848481237888336 0.559693455696106 -109.82662963867188
*2 0.46590396761894226 0.8594586253166199 -0.21039140224456787 47.87473678588867
*3 -0.42110398411750793 0.42449185252189636 0.8015477657318115 -457.1824035644531
*1 0.7775576114654541 -0.2866378128528595 0.5596816539764404 -109.78961944580078
*2 0.46562162041664124 0.8606494069099426 -0.20610515773296356 47.65663146972656
*3 -0.42261236906051636 0.4208590090274811 0.8026688098907471 -457.6372375488281
*1 0.7790282368659973 -0.28718841075897217 0.5573495626449585 -109.7111587524414
*2 0.4655305743217468 0.8604003190994263 -0.2073470503091812 47.608253479003906
*3 -0.4199962615966797 0.42099297046661377 0.8039706349372864 -458.0883483886719
*1 0.7809600830078125 -0.2883065938949585 0.5540590286254883 -109.98384094238281
*2 0.466084748506546 0.8595297932624817 -0.20969931781291962 47.948055267333984
*3 -0.4157727062702179 0.4220057725906372 0.8056332468986511 -458.8829345703125
*1 0.7819229364395142 -0.2883314788341522 0.5526864528656006 -110.16031646728516
*2 0.4670678973197937 0.8581587672233582 -0.21309958398342133 48.43617248535156
*3 -0.4128495156764984 0.4247700273990631 0.8056838512420654 -459.273193359375
*1 0.7798899412155151 -0.2882997691631317 0.5555679202079773 -110.28407287597656
*2 0.4688003659248352 0.8571687936782837 -0.21328000724315643 48.9159049987793
*3 -0.41472697257995605 0.4267858564853668 0.8036518096923828 -458.7941589355469
*1 0.7776027917861938 -0.2872925102710724 0.5592832565307617 -110.34236145019531
*2 0.46985989809036255 0.8565938472747803 -0.2132583111524582 49.153533935546875
*3 -0.41781118512153625 0.4286154806613922 0.8010764122009277 -458.26092529296875
*1 0.7763195037841797 -0.2886722683906555 0.5603546500205994 -110.5643539428711
*2 0.47056305408477783 0.85689377784729 -0.21048496663570404 49.181297302246094
*3 -0.4194033145904541 0.42708620429039 0.8010612726211548 -458.3788146972656
*1 0.7760827541351318 -0.2907043397426605 0.5596316456794739 -110.58464050292969
*2 0.4702449440956116 0.858061671257019 -0.206398606300354 49.060630798339844
*3 -0.4201975166797638 0.42334672808647156 0.8026285171508789 -458.6298522949219
*1 0.7778117060661316 -0.2918514311313629 0.5566262602806091 -110.55708312988281
*2 0.46977993845939636 0.8583099246025085 -0.20642539858818054 48.94740676879883
*3 -0.41751229763031006 0.4220523536205292 0.8047087788581848 -459.3934631347656
*1 0.7774595022201538 -0.2909615635871887 0.5575833916664124 -110.35823822021484
*2 0.4696812033653259 0.8582116961479187 -0.20705780386924744 49.07854461669922
*3 -0.41827869415283203 0.4228658974170685 0.8038832545280457 -459.4327697753906
*1 0.7777757048606873 -0.2889622747898102 0.558181881904602 -110.29035949707031
*2 0.4697931110858917 0.8572288155555725 -0.21084046363830566 49.218223571777344
*3 -0.41756463050842285 0.4262169599533081 0.8024834990501404 -459.30999755859375
*1 0.7771264314651489 -0.2884451448917389 0.5593522787094116 -110.52880859375
*2 0.4707297384738922 0.8563262224197388 -0.21241329610347748 49.31980514526367
*3 -0.41771844029426575 0.428376168012619 0.8012528419494629 -459.2250061035156
*1 0.7765462398529053 -0.2877820134162903 0.5604983568191528 -111.02091217041016
*2 0.4700367748737335 0.8570079803466797 -0.211194708943367 49.10516357421875
*3 -0.419573575258255 0.4274577498435974 0.8007738590240479 -459.27545166015625
*1 0.7766095995903015 -0.28797975182533264 0.5603089928627014 -111.88213348388672
*2 0.4710495173931122 0.8560227155685425 -0.21292680501937866 49.1374626159668
*3 -0.4183186888694763 0.42929473519325256 0.8004476428031921 -459.8182067871094
*1 0.7767515778541565 -0.28807106614112854 0.5600652098655701 -112.5969009399414
*2 0.4707624912261963 0.8562964200973511 -0.21246060729026794 49.21165466308594
*3 -0.41837814450263977 0.4286872148513794 0.8007421493530273 -459.97747802734375
*1 0.7750035524368286 -0.2868214547634125 0.5631198287010193 -113.45284271240234
*2 0.4724331498146057 0.8547875881195068 -0.21481473743915558 49.25253677368164
*3 -0.419734388589859 0.4325190782546997 0.7979669570922852 -459.8883056640625
*1 0.7728846669197083 -0.2867349088191986 0.5660682320594788 -114.28253936767578
*2 0.4732830822467804 0.8547067642211914 -0.21325969696044922 49.36204528808594
*3 -0.42267340421676636 0.4327361583709717 0.7962961792945862 -459.7957458496094
*1 0.7689372301101685 -0.28752872347831726 0.5710197687149048 -114.89460754394531
*2 0.47441673278808594 0.8553350567817688 -0.2081606090068817 49.0291862487793
*3 -0.4285612106323242 0.43096429109573364 0.7941070199012756 -459.3507080078125
*1 0.7632533311843872 -0.2850916385650635 0.579800009727478 -115.27108764648438
*2 0.4756702184677124 0.8552471995353699 -0.2056460976600647 47.59846115112305
*3 -0.4372444152832031 0.43275415897369385 0.7883793711662292 -458.505859375
*1 0.7658228874206543 -0.2888522148132324 0.5745264291763306 -115.87883758544922
*2 0.47451499104499817 0.8568195700645447 -0.20173266530036926 46.5915412902832
*3 -0.4339945912361145 0.4271133840084076 0.793236255645752 -459.91131591796875
*1 0.7685711979866028 -0.2928146421909332 0.5688221454620361 -116.16446685791016
*2 0.4729282855987549 0.8588169813156128 -0.1969076693058014 45.970706939697266
*3 -0.4308566749095917 0.42035022377967834 0.7985419034957886 -461.4408264160156
*1 0.7678662538528442 -0.2925795316696167 0.5698942542076111 -115.96717071533203
*2 0.4744594097137451 0.8574756383895874 -0.19905820488929749 45.84874725341797
*3 -0.4304300546646118 0.42324236035346985 0.7972432374954224 -462.1003112792969
*1 0.7662973999977112 -0.2896682024002075 0.5734820365905762 -116.2568359375
*2 0.4750118553638458 0.856452226638794 -0.2021229863166809 45.6154670715332
*3 -0.43261128664016724 0.42729759216308594 0.7938924431800842 -462.61517333984375
*1 0.768231213092804 -0.28501027822494507 0.5732285380363464 -117.54631805419922
*2 0.4754251539707184 0.853651762008667 -0.21272040903568268 46.14796829223633
*3 -0.4287099838256836 0.4359462261199951 0.7913024425506592 -464.80126953125
*1 0.7629707455635071 -0.281977117061615 0.5816919803619385 -118.731689453125
*2 0.4775411784648895 0.8523547053337097 -0.21318145096302032 46.898441314697266
*3 -0.4356955587863922 0.4404335916042328 0.7849768400192261 -464.96417236328125
*1 0.7561010718345642 -0.2788076400756836 0.5920966863632202 -120.11498260498047
*2 0.47871047258377075 0.8525199890136719 -0.20987270772457123 47.071353912353516
*3 -0.4462600648403168 0.44212833046913147 0.7780588269233704 -465.5968017578125
*1 0.7543368339538574 -0.2780449688434601 0.5946998596191406 -121.67394256591797
*2 0.4798557162284851 0.8517341613769531 -0.21044720709323883 47.132808685302734
*3 -0.4480123519897461 0.4441186487674713 0.7759153842926025 -467.8768310546875
*1 0.746526300907135 -0.2730569541454315 0.6067448854446411 -123.44239044189453
*2 0.48126155138015747 0.8512915372848511 -0.20902326703071594 47.14988327026367
*3 -0.45944148302078247 0.4480447769165039 0.7669227123260498 -469.8054504394531
*1 0.7374207377433777 -0.26848775148391724 0.6197789311408997 -125.52545166015625
*2 0.48180708289146423 0.8521775603294373 -0.2040981501340866 45.84048080444336
*3 -0.47336384654045105 0.44912052154541016 0.7577720284461975 -471.28955078125
*1 0.7342554330825806 -0.26671797037124634 0.6242846846580505 -127.67227935791016
*2 0.4802401661872864 0.854041337966919 -0.19995887577533722 43.92999267578125
*3 -0.479832261800766 0.4466279149055481 0.7551724910736084 -474.2978820800781
*1 0.734111487865448 -0.2684408128261566 0.6237152218818665 -128.77877807617188
*2 0.48056259751319885 0.8543335795402527 -0.19792534410953522 42.13135528564453
*3 -0.47972965240478516 0.4450339674949646 0.7561780214309692 -477.57525634765625
*1 0.7319150567054749 -0.26497378945350647 0.627765953540802 -128.87435913085938
*2 0.4775792360305786 0.8566210269927979 -0.19524121284484863 39.87361145019531
*3 -0.48602378368377686 0.44270846247673035 0.7535191178321838 -479.8235778808594
*1 0.7280694246292114 -0.261078804731369 0.6338403224945068 -129.3850555419922
*2 0.4755992293357849 0.8582785129547119 -0.19277948141098022 37.25077438354492
*3 -0.4936809837818146 0.44181132316589355 0.7490545511245728 -481.376708984375
*1 0.7251920700073242 -0.2569439113140106 0.638809084892273 -129.47984313964844
*2 0.46970245242118835 0.8629859685897827 -0.1861056089401245 34.45499038696289
*3 -0.5034647583961487 0.4350129961967468 0.7465171217918396 -482.533447265625
*1 0.722624659538269 -0.2546923756599426 0.6426088809967041 -129.85096740722656
*2 0.46770426630973816 0.864684522151947 -0.18323196470737457 32.075035095214844
*3 -0.508986234664917 0.43295928835868835 0.7439624667167664 -483.0393981933594
*1 0.7227281928062439 -0.25417229533195496 0.6426982283592224 -130.8844451904297
*2 0.46521106362342834 0.8666202425956726 -0.18041245639324188 30.554630279541016
*3 -0.5111194849014282 0.42937996983528137 0.7445740699768066 -483.7562255859375
*1 0.7197242379188538 -0.25010746717453003 0.6476449370384216 -132.17874145507813
*2 0.46379074454307556 0.8673741221427917 -0.18044626712799072 29.994277954101563
*3 -0.5166195631027222 0.43024373054504395 0.7402671575546265 -483.3548583984375
*1 0.7098183035850525 -0.24642351269721985 0.6598743796348572 -133.0986328125
*2 0.4639311134815216 0.8684700131416321 -0.174723818898201 28.79157829284668
*3 -0.530025064945221 0.4301588833332062 0.7307788133621216 -480.6662292480469
*1 0.7024967670440674 -0.24441929161548615 0.6683998703956604 -134.34634399414063
*2 0.46541526913642883 0.8682902455329895 -0.17164306342601776 26.327394485473633
*3 -0.5384122729301453 0.4316626191139221 0.7237268686294556 -478.8658752441406
*1 0.6928510665893555 -0.2449495792388916 0.6782020926475525 -135.7830810546875
*2 0.4651823341846466 0.8704816699028015 -0.16083450615406036 23.253564834594727
*3 -0.5509661436080933 0.42692238092422485 0.7170596718788147 -476.89447021484375
*1 0.6917166709899902 -0.2526198923587799 0.6765443086624146 -138.02098083496094
*2 0.4699024558067322 0.8688200116157532 -0.15602602064609528 20.9837703704834
*3 -0.5483799576759338 0.4258360266685486 0.7196832895278931 -476.40869140625
*1 0.6919847726821899 -0.2596956193447113 0.673584520816803 -140.14682006835938
*2 0.4799630641937256 0.8624721169471741 -0.16055484116077423 20.69765853881836
*3 -0.539252519607544 0.4343975782394409 0.7214612364768982 -476.3219909667969
*1 0.6913048624992371 -0.26613274216651917 0.6717676520347595 -141.7828369140625
*2 0.4904842674732208 0.8555293679237366 -0.16581639647483826 22.045024871826172
*3 -0.5305878520011902 0.4441215395927429 0.7219648957252502 -475.7513732910156
*1 0.6852583289146423 -0.2610779404640198 0.6798971891403198 -144.06668090820313
*2 0.500309407711029 0.8471524119377136 -0.17895179986953735 23.829750061035156
*3 -0.5292561054229736 0.4627876579761505 0.7111372351646423 -474.54083251953125
*1 0.6768112778663635 -0.25658074021339417 0.6899954080581665 -149.19174194335938
*2 0.5110406875610352 0.8384060859680176 -0.18950800597667694 26.065366744995117
*3 -0.5298722386360168 0.4808773398399353 0.6985650062561035 -474.0546875
*1 0.6654854416847229 -0.2563989460468292 0.7009918093681335 -155.0975341796875
*2 0.5223504304885864 0.8308343291282654 -0.19200196862220764 28.1802978515625
*3 -0.5331791043281555 0.4939383566379547 0.6868374347686768 -470.9022216796875
*1 0.6522742509841919 -0.25450214743614197 0.7139801383018494 -161.17855834960938
*2 0.5361601114273071 0.820743203163147 -0.19726426899433136 30.66594123840332
*3 -0.5357903838157654 0.5114786028862 0.6718027591705322 -468.0761413574219
*1 0.6429765224456787 -0.26308587193489075 0.7192828059196472 -169.31065368652344
*2 0.5474568605422974 0.8146487474441528 -0.19141238927841187 33.197662353515625
*3 -0.5356051325798035 0.5168505311012268 0.6678273677825928 -466.4675598144531
*1 0.6302352547645569 -0.2591337561607361 0.7318838834762573 -177.7726593017578
*2 0.5687697529792786 0.7957548499107361 -0.20802763104438782 35.51557922363281
*3 -0.5284932851791382 0.5473802089691162 0.6488993763923645 -462.82000732421875
#
#
#
#
#
#
#
#
#
#
#
#
#
#
#
#
#
#
#
#
#
#
#
#
#
#
#
#
#
#
#
#
#
#
#
#
#
#
#
#
#
#
#
#
#
#
#
#
#
#
#
#
#
#
#
#
#
#
#
#
#
#
#
#
#
#
#
#
#
#
#
#
#
#
#
#
#
#
#
#
#
#
#
#
#
#
#
#
#
#
#
#
#
#
#
#
#
#
#
#
#
#
#
#
#
#
#
#
#
#
#
#
#
#
#
#
#
#
#
#
#
#
#
#
#
#
#
#
#
#
#
#
#
#
#
#
#
#
#
#
#
#
#
#
#
#
#
#
#
#
#
#
#
#
#
#
#
#
#
#
#
#
#
#
#
#
#
#
#
#
#
#
#
#
#
#
#
#
#
#
#
#
#
#
#
#
#
#
#
#
#
#
#
#
#
#
#
#
#
#
#
#
#
#
#
#
#
#
#
#
#
#
#
#
#
#
#
#
#
#
#
#
#
#
*1 -0.6159053444862366 0.7769378423690796 -0.1305006891489029 -57.530818939208984
*2 -0.1435469388961792 0.052202317863702774 0.9882656931877136 36.1568603515625
*3 0.774630069732666 0.6274126768112183 0.07937508821487427 -599.7706298828125
#
#
#
#
#
#
#
*1 0.9986342787742615 -0.014951431192457676 -0.050061680376529694 -105.67071533203125
*2 0.012543396092951298 0.998788058757782 -0.04761191084980965 200.85800170898438
*3 0.0507064126431942 0.046917468309402466 0.9976103901863098 -709.5113525390625
*1 0.9965349435806274 -0.007181371562182903 -0.08286601305007935 -109.60332489013672
*2 0.001459671650081873 0.9976426362991333 -0.06862037628889084 200.30836486816406
*3 0.08315697312355042 0.0682600885629654 0.9941953420639038 -706.253173828125
*1 0.9940017461776733 -0.0041525173000991344 -0.10928553342819214 -116.44892120361328
*2 -5.428266013041139E-4 0.9990893602371216 -0.042684294283390045 193.4774932861328
*3 0.10935674607753754 0.04248605668544769 0.9930934906005859 -705.7142944335938
*1 0.9972972273826599 -0.016133414581418037 -0.07167927175760269 -126.11221313476563
*2 0.01529299933463335 0.9998127222061157 -0.011930195614695549 180.78945922851563
*3 0.07185181975364685 0.010800368152558804 0.997356116771698 -714.0779418945313
*1 0.9980255961418152 -0.01582799293100834 -0.06078058481216431 -132.73577880859375
*2 0.01644948683679104 0.9998143315315247 0.010127145797014236 164.14747619628906
*3 0.06060251593589783 -0.011108318343758583 0.9980993866920471 -714.5620727539063
*1 0.9967257976531982 -0.01301791425794363 -0.07980024069547653 -140.75469970703125
*2 0.011710168793797493 0.9997955560684204 -0.01653897576034069 151.07986450195313
*3 0.07999271899461746 0.015548929572105408 0.9966734051704407 -716.2850341796875
*1 0.9981496930122375 -0.022535748779773712 -0.05647260695695877 -148.0419921875
*2 0.022086335346102715 0.9997236728668213 -0.00815337523818016 142.116943359375
*3 0.056634243577718735 0.006889679469168186 0.9983704090118408 -715.4747924804688
*1 0.9995197057723999 -0.028438176959753036 -0.012310110032558441 -151.28492736816406
*2 0.02823268435895443 0.9994940161705017 -0.014708435162901878 136.22946166992188
*3 0.012715712189674377 0.014352519065141678 0.9998152852058411 -714.7720336914063
*1 0.9994961023330688 -0.02495061419904232 -0.01961895078420639 -153.91905212402344
*2 0.0246198121458292 0.9995737075805664 -0.015748625621199608 133.37571716308594
*3 0.019997071474790573 0.015256335027515888 0.9996827840805054 -716.3599243164063
*1 0.9997203350067139 -0.023163633421063423 0.004741279408335686 -155.3821563720703
*2 0.02329784445464611 0.99906325340271 -0.03649268299341202 132.477783203125
*3 -0.0038979463279247284 0.036591555923223495 0.9993219375610352 -719.0269165039063
*1 0.9997535347938538 -0.02219104953110218 -4.0408316999673843E-4 -153.06927490234375
*2 0.022111190482974052 0.9982268214225769 -0.05528292804956436 134.27464294433594
*3 0.0016237366944551468 0.05525895208120346 0.9984699487686157 -725.1235961914063
*1 0.9997804760932922 -0.020939059555530548 5.682095652446151E-4 -149.61817932128906
*2 0.02091108448803425 0.9979149699211121 -0.0610763318836689 135.5735321044922
*3 7.054334273561835E-4 0.06107337400317192 0.9981321692466736 -725.8628540039063
*1 0.9990764856338501 -0.009368130005896091 -0.041931264102458954 -144.71823120117188
*2 0.0039990427903831005 0.9920493960380554 -0.12579354643821716 136.47315979003906
*3 0.042769867926836014 0.12550806999206543 0.9911693930625916 -730.6214599609375
#
#
#
#
#
#
#
#
#
#
#
#
#
#
#
#
#
#
#
#
#
#
#
#
#
#
#
#
#
#
#
#
#
#
#
#
#
#
#
#
#
#
#
#
#
#
#
#
#
#
#
#
#
#
#
#
#
#
#
#
#
#
#
#
#
#
#
#
#
#
#
#
#
#
#
#
#
#
#
#
#
#
#
#
#
#
#
#
#
#
#
#
*1 0.9993916749954224 0.03240594267845154 -0.012912139296531677 -138.5675811767578
*2 -0.03234634920954704 0.999468982219696 0.003814712166786194 87.44956970214844
*3 0.013028055429458618 -0.003394193947315216 0.9999093413352966 -753.1333618164063
*1 0.9994746446609497 0.031130272895097733 0.009050563909113407 -137.83401489257813
*2 -0.031236665323376656 0.9994224309921265 0.013345330953598022 87.57997131347656
*3 -0.008630742318928242 -0.013620495796203613 0.9998699426651001 -755.9713134765625
*1 0.999681830406189 0.02351793274283409 0.009146650321781635 -136.49977111816406
*2 -0.023914456367492676 0.9985811114311218 0.04756991192698479 89.67611694335938
*3 -0.008015763945877552 -0.047772981226444244 0.9988259673118591 -755.2915649414063
*1 0.9992066025733948 0.013809779658913612 0.037361547350883484 -136.06851196289063
*2 -0.016420084983110428 0.9973519444465637 0.07083974778652191 93.0911865234375
*3 -0.036285169422626495 -0.07139649987220764 0.9967877268791199 -757.8980712890625
*1 0.9992669224739075 0.010806451551616192 0.036731697618961334 -136.62808227539063
*2 -0.013651896268129349 0.9968217611312866 0.07847758382558823 97.15396118164063
*3 -0.03576771542429924 -0.07892099022865295 0.9962389469146729 -759.3430786132813
*1 0.9997091889381409 0.010618352331221104 0.02166222780942917 -138.71420288085938
*2 -0.012313269078731537 0.9966948628425598 0.08028993010520935 101.38605499267578
*3 -0.02073889970779419 -0.08053278923034668 0.996536135673523 -759.85302734375
*1 0.999496579170227 0.00879698246717453 0.03048897534608841 -141.4752655029297
*2 -0.010823551565408707 0.9976678490638733 0.06738293915987015 105.80692291259766
*3 -0.029825925827026367 -0.06767848879098892 0.9972612261772156 -761.3622436523438
*1 0.9988097548484802 0.008380117826163769 0.048054009675979614 -143.3968505859375
*2 -0.011627832427620888 0.9976183772087097 0.06797834485769272 109.94670867919922
*3 -0.047370728105306625 -0.06845567375421524 0.9965288043022156 -760.3645629882813
*1 0.9986295700073242 0.009335258975625038 0.05149901658296585 -145.1654510498047
*2 -0.01280734408646822 0.9976187944412231 0.06775981187820435 114.47386169433594
*3 -0.050744663923978806 -0.06832600384950638 0.9963715672492981 -760.6146850585938
*1 0.9991284012794495 0.002052661497145891 0.04169746860861778 -145.23355102539063
*2 -0.004449899308383465 0.9983182549476624 0.05778807774186134 118.14179992675781
*3 -0.04150955751538277 -0.05792272463440895 0.9974576234817505 -757.4052124023438
*1 0.9978031516075134 0.0029655846301466227 0.06618670374155045 -144.45529174804688
*2 -0.005702065769582987 0.9991261959075928 0.04138781130313873 121.7581558227539
*3 -0.06600697338581085 -0.04167374595999718 0.9969484210014343 -757.1233520507813
*1 0.9999381303787231 0.010047079995274544 0.004829190205782652 -143.7158660888672
*2 -0.010074818506836891 0.9999129772186279 0.0084392623975873 124.24217987060547
*3 -0.0047448002733290195 -0.008486839942634106 0.9999526143074036 -751.7760620117188
*1 0.9999490976333618 0.001192603725939989 0.010042811743915081 -143.87185668945313
*2 -0.0014178883284330368 0.9997167587280273 0.023729005828499794 125.0531234741211
*3 -0.01001250185072422 -0.023741476237773895 0.9996678829193115 -748.2125854492188
*1 0.9999488592147827 0.006185363978147507 0.008036426268517971 -147.10208129882813
*2 -0.006449584849178791 0.9993689656257629 0.03490930423140526 128.63009643554688
*3 -0.007816254161298275 -0.03495879843831062 0.999358057975769 -753.2245483398438
*1 0.9984104633331299 -0.006359025835990906 0.05600530281662941 -148.91461181640625
*2 0.003899230621755123 0.9990167617797852 0.04414742439985275 132.7788543701172
*3 -0.056231800466775894 -0.04385831207036972 0.9974538087844849 -753.7973022460938
*1 0.9998902082443237 -0.002712883520871401 -0.014584477990865707 -149.90640258789063
*2 0.0025453607086092234 0.9999196529388428 -0.012365646660327911 134.5962677001953
*3 0.014616034924983978 0.012327738106250763 0.9998170733451843 -748.2975463867188
*1 0.9999863505363464 -0.004773585591465235 -0.002234206534922123 -148.29290771484375
*2 0.004760324023663998 0.9999217987060547 -0.011508306488394737 134.1280517578125
*3 0.002288147807121277 0.011498095467686653 0.9999311566352844 -745.6430053710938
*1 0.9998461008071899 -0.011541065759956837 -0.013232870027422905 -147.62905883789063
*2 0.011174123734235764 0.9995329976081848 -0.028415631502866745 132.21722412109375
*3 0.013553831726312637 0.028263980522751808 0.9995085000991821 -743.6959228515625
*1 0.9998624324798584 -0.010205861181020737 -0.013095226138830185 -147.7318572998047
*2 0.009804261848330498 0.9994603991508484 -0.03132609650492668 130.83822631835938
*3 0.013407045975327492 0.031193982809782028 0.9994233250617981 -743.9089965820313
*1 0.9998767375946045 -0.011585704982280731 -0.010622082278132439 -147.23011779785156
*2 0.011258763261139393 0.999439537525177 -0.0315016508102417 130.02272033691406
*3 0.01098027266561985 0.03137873858213425 0.9994471669197083 -742.2074584960938
*1 0.9998117089271545 -0.007926059886813164 -0.0177298616617918 -146.6559295654297
*2 0.00720237335190177 0.9991232752799988 -0.04122339189052582 130.05105590820313
*3 0.018040239810943604 0.04108848422765732 0.9989925622940063 -745.3817138671875
*1 0.9996349215507507 -0.01673070155084133 -0.021231066435575485 -143.96444702148438
*2 0.016666870564222336 0.9998531937599182 -0.003780148923397064 129.80111694335938
*3 0.02129037119448185 0.0034254565834999084 0.9997673630714417 -741.0203857421875
*1 0.9998573660850525 -0.014678506180644035 -0.008396192453801632 -143.49273681640625
*2 0.01461370475590229 0.9998498558998108 -0.009230062365531921 128.88034057617188
*3 0.008529584854841232 0.009106582030653954 0.999921977519989 -740.768798828125
*1 0.9988609552383423 -0.027398621663451195 0.03907628729939461 -144.32949829101563
*2 0.02659396082162857 0.9994188547134399 0.021287992596626282 132.25135803222656
*3 -0.039637673646211624 -0.020224014297127724 0.9990092515945435 -750.9835205078125
*1 0.9990432262420654 -0.023276962339878082 0.03703707456588745 -142.57188415527344
*2 0.023141728714108467 0.9997216463088989 0.004420505836606026 136.6197509765625
*3 -0.03713049367070198 -0.0035586394369602203 0.9993038773536682 -751.7763061523438
*1 0.9979358315467834 -0.014921560883522034 -0.06246796250343323 -137.20094299316406
*2 0.010140102356672287 0.9970270395278931 -0.07637296617031097 138.2589111328125
*3 0.06342102587223053 0.07558241486549377 0.9951204061508179 -747.0814208984375
*1 0.9973397850990295 -0.010439923964440823 -0.07214643061161041 -131.8673858642578
*2 0.0031258943490684032 0.9948877692222595 -0.1009310930967331 140.2052459716797
*3 0.07283049821853638 0.10043760389089584 0.9922739267349243 -750.9190063476563
*1 0.9991120100021362 -0.014312004670500755 -0.03963683545589447 -125.69296264648438
*2 0.012724116444587708 0.9991040229797363 -0.040346354246139526 142.42578125
*3 0.04017794132232666 0.03980671614408493 0.998399019241333 -750.046875
*1 0.9999642968177795 -0.007702726870775223 -0.0035923756659030914 -121.42626953125
*2 0.007469081785529852 0.9979085922241211 -0.0641968622803688 145.30404663085938
*3 0.004078533500432968 0.06416826695203781 0.9979304671287537 -751.2086791992188
*1 0.9994333386421204 -0.01204410195350647 -0.03144420310854912 -116.02677154541016
*2 0.011528811417520046 0.9997895956039429 -0.01692219451069832 145.48194885253906
*3 0.03164058178663254 0.01655063033103943 0.9993619918823242 -739.8970947265625
*1 0.9998793005943298 -0.013054672628641129 -0.008464975282549858 -113.86969757080078
*2 0.012868231162428856 0.9996477961540222 -0.023177919909358025 145.1349334716797
*3 0.008763758465647697 0.02306673303246498 0.9996953010559082 -737.710205078125
*1 0.9997692704200745 -0.020447544753551483 -0.006623511202633381 -113.7115707397461
*2 0.02060290426015854 0.9995399117469788 0.0222252756357193 146.27536010742188
*3 0.006165198981761932 -0.022356072440743446 0.9997308254241943 -735.3778076171875
*1 0.9992560148239136 -0.01140008307993412 -0.03685044124722481 -114.24576568603516
*2 0.011984899640083313 0.999809741973877 0.015339488163590431 147.76443481445313
*3 0.03666774928569794 -0.01576918736100197 0.9992027878761292 -733.6945190429688
*1 0.9997922778129578 -0.013689338229596615 -0.015115413814783096 -115.50916290283203
*2 0.013684052973985672 0.9999047517776489 -0.0012989472597837448 149.27957153320313
*3 0.015130938962101936 0.0010923836380243301 0.9998846054077148 -733.9161987304688
*1 0.9985532164573669 -0.006856509484350681 -0.053338631987571716 -115.91606140136719
*2 0.006929319351911545 0.99997478723526 9.40198078751564E-4 149.31919860839844
*3 0.05333002656698227 -0.0013079018099233508 0.998575747013092 -730.9299926757813
*1 0.9973889589309692 -0.004808776080608368 -0.07206054031848907 -118.77359008789063
*2 0.004942392930388451 0.9999858736991882 0.0014983484288677573 150.6677703857422
*3 0.072051502764225 -0.0018500580918043852 0.997398853302002 -732.4830322265625
*1 0.9999268054962158 -0.003378150286152959 -0.011643070727586746 -120.2424545288086
*2 0.00277712126262486 0.9986245632171631 -0.05234142392873764 151.19100952148438
*3 0.011803045868873596 0.05230579525232315 0.9985610246658325 -735.0875854492188
*1 0.9980805516242981 0.0013302124571055174 -0.06192082166671753 -120.74439239501953
*2 -5.863137193955481E-4 0.9999291300773621 0.011823275126516819 146.88265991210938
*3 0.06193133816123009 -0.01176375336945057 0.9980107545852661 -729.4886474609375
*1 0.9991074204444885 0.007524594664573669 -0.041573844850063324 -125.0642318725586
*2 -0.008246544748544693 0.9998115301132202 -0.017531082034111023 145.8799591064453
*3 0.04143325984477997 0.017858795821666718 0.9989812970161438 -732.3525390625
*1 0.9998937249183655 0.00549561670050025 -0.013528609648346901 -127.47566223144531
*2 -0.005617761984467506 0.9999338388442993 -0.009958627633750439 146.5251007080078
*3 0.013472145423293114 0.010034095495939255 0.9998584985733032 -734.3286743164063
*1 0.999790608882904 -0.001582648721523583 0.020416919142007828 -127.80939483642578
*2 0.0017854998586699367 0.9999544620513916 -0.009293005801737309 146.91708374023438
*3 -0.02040211856365204 0.009328046813607216 0.9997479319572449 -735.5398559570313
*1 0.9994529485702515 0.01193451788276434 -0.030853714793920517 -128.74227905273438
*2 -0.012184564024209976 0.9998902082443237 -0.008347184397280216 147.8870849609375
*3 0.030749870464205742 0.00871907826513052 0.9994887113571167 -731.7131958007813
*1 0.9990814924240112 0.007391502149403095 -0.04221685230731964 -128.47930908203125
*2 -0.006906846538186073 0.9999114871025085 0.011310015805065632 147.1428680419922
*3 0.04229586943984032 -0.011007523164153099 0.9990440607070923 -724.5313110351563
*1 0.9999901652336121 0.00391062768176198 0.002242524176836014 -130.817626953125
*2 -0.0038556603249162436 0.9998212456703186 -0.018473446369171143 149.7355194091797
*3 -0.0023152120411396027 0.018465135246515274 0.9998263716697693 -735.5206298828125
*1 0.9987470507621765 0.008974924683570862 -0.049240536987781525 -129.49563598632813
*2 -0.008331003598868847 0.9998800754547119 0.013005389831960201 148.06434631347656
*3 0.04935050010681152 -0.012578358873724937 0.9987019300460815 -724.186767578125
*1 0.9994014501571655 0.009841008111834526 -0.03317877650260925 -130.94281005859375
*2 -0.010351292788982391 0.9998235106468201 -0.01563403010368347 149.5772705078125
*3 0.033018216490745544 0.015968624502420425 0.9993268251419067 -731.197509765625
*1 0.9999675154685974 0.003004105994477868 -0.0075378138571977615 -130.7007293701172
*2 -0.0029458787757903337 0.9999769330024719 0.00601615197956562 149.6743927001953
*3 0.007554871961474419 -0.005993235856294632 0.9999531507492065 -727.6370239257813
*1 0.9998278617858887 0.008414105512201786 -0.01656428724527359 -132.45388793945313
*2 -0.008670414797961712 0.9998297095298767 -0.016248421743512154 152.27647399902344
*3 0.016423899680376053 0.0163897518068552 0.9997304081916809 -733.9219360351563
*1 0.9998546838760376 0.013930931687355042 0.009870819747447968 -133.8504638671875
*2 -0.013353470712900162 0.998389720916748 -0.05512011796236038 153.783447265625
*3 -0.010623648762702942 0.054980795830488205 0.9984304904937744 -735.883056640625
*1 0.9999423623085022 0.00900336541235447 0.005928386934101582 -134.3960723876953
*2 -0.008797119371592999 0.9994526505470276 -0.031871356070041656 153.86485290527344
*3 -0.006212929263710976 0.03181787207722664 0.9994739890098572 -732.420166015625
*1 0.9999959468841553 0.0015747597208246589 -0.0025367424823343754 -134.92672729492188
*2 -0.0016021004412323236 0.999871015548706 -0.01593778096139431 153.95751953125
*3 0.0025104712694883347 0.01594228856265545 0.9998693466186523 -728.9253540039063
*1 0.9999575018882751 0.009252212941646576 -4.7659524716436863E-4 -137.42132568359375
*2 -0.009244419634342194 0.9998825788497925 -0.012169510126113892 156.65321350097656
*3 3.630735445767641E-4 0.012173912487924099 0.9999253749847412 -734.3299560546875
*1 0.9994955658912659 0.006712271831929684 -0.031054865568876266 -138.0028076171875
*2 -0.006798789836466312 0.999971330165863 -0.0030967239290475845 157.50534057617188
*3 0.031032318249344826 0.003306818660348654 0.9995124340057373 -727.05517578125
*1 0.9993357062339783 0.008235001005232334 -0.035511311143636703 -139.00852966308594
*2 -0.008868562057614326 0.9997963309288025 -0.018085723742842674 157.16793823242188
*3 0.03535427525639534 0.018389159813523293 0.9992051720619202 -723.0238647460938
