#
#
#
#
#
#
#
#
#
#
#
#
#
#
#
#
#
#
#
#
#
#
#
#
#
#
#
#
#
#
#
#
#
#
#
#
#
#
#
#
#
#
#
#
#
#
#
#
#
#
#
#
#
#
#
#
#
#
#
#
#
#
#
#
#
#
#
#
#
#
#
#
#
#
#
#
#
#
#
#
#
#
#
#
#
#
#
#
#
#
#
#
#
#
#
#
#
#
#
#
#
#
#
#
#
#
#
#
#
#
#
#
#
#
#
#
#
#
#
#
#
#
#
#
#
#
#
#
#
#
#
#
#
#
#
#
#
#
#
#
#
#
#
#
#
#
#
#
#
#
#
#
#
#
#
#
#
#
#
#
#
#
#
#
#
#
#
#
#
#
#
#
#
#
#
#
#
#
#
#
#
#
#
#
#
#
#
#
#
#
#
#
#
#
#
#
#
#
#
#
#
#
#
#
#
#
#
#
#
#
#
#
#
#
#
#
#
#
#
#
#
#
#
#
#
#
#
#
#
#
#
#
#
#
#
#
#
#
#
#
#
#
#
#
#
#
#
#
#
#
#
#
#
#
#
#
#
#
#
#
#
#
#
#
#
#
#
#
#
#
#
#
#
#
#
#
#
#
#
#
#
#
#
#
#
#
#
#
#
#
#
#
#
#
#
#
#
#
#
#
#
#
#
#
#
#
#
#
#
#
#
#
#
#
#
#
#
#
#
#
#
#
#
#
#
#
#
#
#
#
#
#
#
#
#
#
#
* 0.604149341583252 -0.3516402840614319 0.7150893211364746 -563.041259765625 0.670579731464386 0.7091365456581116 -0.21783073246479034 362.0499572753906 -0.4304957687854767 0.611126720905304 0.6642264127731323 -1310.6739501953125
* 0.5457037687301636 -0.3777344822883606 0.748013436794281 -540.087646484375 0.6764236092567444 0.7254591584205627 -0.12713031470775604 344.960693359375 -0.494629442691803 0.5753496289253235 0.6513935923576355 -1278.7569580078125
* 0.5677452683448792 -0.3805297017097473 0.7299743294715881 -545.2296142578125 0.6701440811157227 0.728644073009491 -0.1413743793964386 345.2707214355469 -0.4780920743942261 0.5694528818130493 0.6686931848526001 -1317.357421875
* 0.5744324922561646 -0.3632926642894745 0.7335161566734314 -540.7789916992188 0.6687506437301636 0.7250342965126038 -0.16462036967277527 339.8089294433594 -0.47201672196388245 0.585102915763855 0.6594346761703491 -1337.5789794921875
* 0.6307138204574585 -0.3507821261882782 0.6922081708908081 -558.8636474609375 0.6648476123809814 0.704302966594696 -0.2488715797662735 350.89599609375 -0.4002223014831543 0.617179811000824 0.6774292588233948 -1396.2833251953125
* 0.6221245527267456 -0.3461420238018036 0.702244222164154 -556.0631103515625 0.6717498302459717 0.6967096328735352 -0.2516941726207733 349.3723449707031 -0.40213608741760254 0.6283175945281982 0.6659600138664246 -1394.5906982421875
* 0.614080011844635 -0.33359405398368835 0.7152768969535828 -551.496826171875 0.6738560199737549 0.693423330783844 -0.2551162540912628 345.93402099609375 -0.4108821451663971 0.6386553049087524 0.6506108045578003 -1388.4244384765625
* 0.5901190638542175 -0.3094102442264557 0.7456709742546082 -547.8040771484375 0.6846018433570862 0.6813227534294128 -0.2590787708759308 343.5738525390625 -0.42787864804267883 0.6633748412132263 0.6138834953308105 -1383.349365234375
* 0.6205549240112305 -0.34627553820610046 0.7035660743713379 -558.2047729492188 0.6763622760772705 0.6903613805770874 -0.25678300857543945 350.2970886230469 -0.3967949151992798 0.6352132558822632 0.6626138687133789 -1411.0006103515625
* 0.619479775428772 -0.3372477889060974 0.708878755569458 -553.848388671875 0.6775929927825928 0.685676097869873 -0.26592907309532166 347.6769104003906 -0.39637497067451477 0.6450687050819397 0.6532782316207886 -1399.4727783203125
* 0.619479775428772 -0.3372477889060974 0.708878755569458 -553.848388671875 0.6775929927825928 0.685676097869873 -0.26592907309532166 347.6769104003906 -0.39637497067451477 0.6450687050819397 0.6532782316207886 -1399.4727783203125
* 0.6052027940750122 -0.33863598108291626 0.7204551100730896 -553.31787109375 0.6822345852851868 0.6869974732398987 -0.2501853406429291 346.96435546875 -0.4102267622947693 0.6429319977760315 0.6468011140823364 -1396.362548828125
* 0.5977627635002136 -0.31726279854774475 0.736223042011261 -549.7716064453125 0.684201180934906 0.6805030107498169 -0.2622721493244171 342.29815673828125 -0.41779038310050964 0.6605008840560913 0.6238500475883484 -1387.9599609375
* 0.6017072200775146 -0.3140852749347687 0.7343699932098389 -550.7167358398438 0.6844956874847412 0.6765890121459961 -0.2714686393737793 342.4820861816406 -0.41159993410110474 0.6660173535346985 0.6220975518226624 -1391.5816650390625
* 0.6339532136917114 -0.34071066975593567 0.6942765712738037 -557.1381225585938 0.6723929643630981 0.686352014541626 -0.2771478295326233 346.43365478515625 -0.3820885419845581 0.6425250768661499 0.6642054319381714 -1408.221435546875
* 0.6273655295372009 -0.33860859274864197 0.7012539505958557 -554.7593383789063 0.6758590936660767 0.6840753555297852 -0.27433133125305176 345.1605529785156 -0.38681721687316895 0.6460545659065247 0.6580159068107605 -1403.5147705078125
* 0.6312811374664307 -0.3403572738170624 0.6968798041343689 -556.02880859375 0.6724417209625244 0.6878962516784668 -0.27317237854003906 345.91986083984375 -0.3864023983478546 0.6410593390464783 0.663125216960907 -1408.493408203125
* 0.6078003644943237 -0.33836305141448975 0.7183937430381775 -554.0269165039063 0.6772998571395874 0.6931667923927307 -0.24655020236968994 344.40972900390625 -0.41454073786735535 0.6364210247993469 0.6504791975021362 -1405.56982421875
* 0.6189252734184265 -0.332560271024704 0.7115726470947266 -553.3065795898438 0.6772196888923645 0.6848589181900024 -0.268968403339386 342.39556884765625 -0.39787620306015015 0.6483619809150696 0.6490917801856995 -1403.2142333984375
* 0.6258264183998108 -0.32963860034942627 0.7068806290626526 -554.8468627929688 0.672393262386322 0.6873014569282532 -0.2747839391231537 340.45465087890625 -0.39525821805000305 0.6472684144973755 0.6517770886421204 -1403.7008056640625
* 0.6250693798065186 -0.3286731541156769 0.7079991698265076 -557.6797485351563 0.6754076480865479 0.6824307441711426 -0.27949050068855286 339.0394592285156 -0.3912968933582306 0.6528885364532471 0.6485539078712463 -1407.1978759765625
* 0.6152851581573486 -0.3295157253742218 0.7161314487457275 -556.5146484375 0.6773200035095215 0.6857649683952332 -0.2663947641849518 334.362548828125 -0.40331408381462097 0.6489583849906921 0.6451275944709778 -1400.7705078125
* 0.6087049841880798 -0.33646076917648315 0.7185214161872864 -558.6338500976563 0.6756142377853394 0.694619357585907 -0.24708601832389832 331.62445068359375 -0.4159616529941559 0.6358453035354614 0.6501349806785583 -1406.083251953125
* 0.5878426432609558 -0.329300194978714 0.7389201521873474 -556.7506713867188 0.6816099882125854 0.693576455116272 -0.23315583169460297 326.96148681640625 -0.4357168674468994 0.6407138109207153 0.6321671605110168 -1404.8983154296875
* 0.5973547101020813 -0.3201652467250824 0.7352972626686096 -553.8782348632813 0.6785233616828918 0.6905277371406555 -0.25055864453315735 321.6007995605469 -0.4275205433368683 0.648588240146637 0.6297286152839661 -1399.4373779296875
* 0.611006498336792 -0.32933372259140015 0.7198686599731445 -558.6679077148438 0.6711450219154358 0.6977447867393494 -0.25043725967407227 321.1568908691406 -0.41980475187301636 0.6361544728279114 0.6473562121391296 -1410.998046875
* 0.6187835335731506 -0.3351622521877289 0.7104743123054504 -566.127685546875 0.6745835542678833 0.6901633143424988 -0.26194244623184204 320.7223815917969 -0.402547687292099 0.6413593292236328 0.653155505657196 -1422.79638671875
* 0.6235372424125671 -0.32240062952041626 0.7122216820716858 -569.6510620117188 0.673442006111145 0.6842197179794312 -0.279859721660614 316.31341552734375 -0.3970867693424225 0.6541423201560974 0.6437534093856812 -1418.2923583984375
* 0.6248373985290527 -0.3254508972167969 0.709690511226654 -577.4423828125 0.6724639534950256 0.6861854195594788 -0.2773882746696472 312.2808837890625 -0.39670056104660034 0.6505631804466248 0.6476070284843445 -1418.2264404296875
* 0.5956354141235352 -0.32513427734375 0.7345112562179565 -581.3778076171875 0.6862398982048035 0.6812373995780945 -0.25493693351745605 305.7996520996094 -0.4174852669239044 0.6558997631072998 0.6288880705833435 -1409.135009765625
* 0.6078112125396729 -0.33196189999580383 0.7213650345802307 -591.6791381835938 0.6840008497238159 0.6803266406059265 -0.2632506191730499 304.0010070800781 -0.4033721685409546 0.6534203290939331 0.6405712366104126 -1421.6412353515625
* 0.6013898253440857 -0.337059885263443 0.7243767380714417 -594.2557983398438 0.6816226840019226 0.6894369125366211 -0.24509121477603912 301.0068054199219 -0.41679903864860535 0.6411463022232056 0.644366979598999 -1418.4779052734375
* 0.6055918335914612 -0.33108559250831604 0.7236309051513672 -598.7803955078125 0.6800154447555542 0.6876199841499329 -0.2544800937175751 299.4528503417969 -0.41332578659057617 0.6461905241012573 0.641559362411499 -1421.395263671875
* 0.598402738571167 -0.3323974907398224 0.7289903163909912 -603.6428833007813 0.6838202476501465 0.686026394367218 -0.24851559102535248 298.6343078613281 -0.41749808192253113 0.6472100615501404 0.6378191709518433 -1421.056884765625
* 0.5838804244995117 -0.3206804692745209 0.7458206415176392 -605.7150268554688 0.6827307939529419 0.6910435557365417 -0.23735998570919037 297.25836181640625 -0.4392752945423126 0.6477838754653931 0.6224242448806763 -1407.5638427734375
* 0.5653587579727173 -0.335859090089798 0.7533716559410095 -611.58544921875 0.6864374279975891 0.6980040073394775 -0.20395168662071228 298.1011047363281 -0.457354873418808 0.6324477791786194 0.625167965888977 -1395.569580078125
* 0.5747628808021545 -0.32531166076660156 0.7508799433708191 -617.4871826171875 0.6856961846351624 0.692256510257721 -0.22495295107364655 299.2270202636719 -0.4466191828250885 0.6441696286201477 0.6209473609924316 -1377.6346435546875
* 0.5987690687179565 -0.3600199818611145 0.7154452800750732 -635.538818359375 0.6804888844490051 0.6997742056846619 -0.21737800538539886 305.2118225097656 -0.42238718271255493 0.6170113682746887 0.6639915704727173 -1386.5233154296875
* 0.5963259935379028 -0.3449023365974426 0.7248713374137878 -645.0563354492188 0.6937635540962219 0.6757087707519531 -0.24922312796115875 304.7354736328125 -0.4038417935371399 0.6515069603919983 0.6422221064567566 -1378.169921875
* 0.6227402687072754 -0.3267056345939636 0.7109562158584595 -647.6873779296875 0.690425455570221 0.656952977180481 -0.3028661012649536 299.3676452636719 -0.36811432242393494 0.6794685125350952 0.6346756219863892 -1357.4405517578125
#
#
#
#
#
#
#
#
#
#
#
#
#
#
#
#
#
#
#
#
#
#
#
#
#
#
#
#
#
#
#
#
#
#
#
#
#
#
#
#
#
#
#
#
#
#
#
#
#
#
#
#
#
#
#
#
#
#
#
#
#
#
#
#
#
#
#
#
#
#
#
#
#
#
#
#
#
#
#
#
#
#
#
#
#
#
#
#
#
#
#
#
#
#
#
#
#
#
#
#
#
#
#
#
#
#
#
#
#
#
#
#
#
#
#
#
#
#
#
#
#
#
#
#
#
#
#
#
#
#
#
#
#
#
#
#
#
#
#
#
#
#
#
#
#
#
#
#
#
#
#
#
#
#
#
#
#
#
#
#
#
#
#
#
#
#
#
#
#
#
#
#
#
#
#
#
#
#
#
#
#
#
#
#
#
#
#
#
#
#
#
#
#
#
#
#
#
#
#
#
#
#
#
#
#
#
#
#
#
#
#
#
#
#
#
#
#
#
#
#
#
#
#
#
#
#
#
#
#
#
#
#
#
#
#
#
#
#
#
#
* 0.9965436458587646 -0.019551293924450874 0.08071574568748474 -554.70947265625 0.026038652285933495 0.9964627027511597 -0.07992337644100189 758.528564453125 -0.07887992262840271 0.08174628019332886 0.9935280680656433 -2541.343994140625
* 0.9964537024497986 -0.004720023367553949 -0.08398841321468353 -543.7765502929688 -1.4457851648330688E-4 0.9983181953430176 -0.058003030717372894 738.6227416992188 0.08410891890525818 0.05780669301748276 0.9947797060012817 -2487.217529296875
* 0.9990430474281311 -0.014490469358861446 0.04122331738471985 -560.4124755859375 0.019364286214113235 0.9925854802131653 -0.12001176178455353 752.00244140625 -0.03919089585542679 0.12069261819124222 0.9919172525405884 -2542.415283203125
* 0.9991963505744934 -0.01653980277478695 0.03646159917116165 -555.4484252929688 0.014212205074727535 0.9978755116462708 0.06361006200313568 743.3551025390625 -0.03744847699999809 -0.063043512403965 0.9973092079162598 -2541.775634765625
* 0.9978415369987488 -0.04364503547549248 0.04902791604399681 -550.68408203125 0.04567508399486542 0.9981268048286438 -0.04074748605489731 722.2019653320313 -0.047169968485832214 0.042896565049886703 0.9979665875434875 -2524.030517578125
* 0.9999919533729553 -0.00132290692999959 -0.003284960985183716 -566.521728515625 8.721763733774424E-4 0.9904248714447021 -0.13806331157684326 725.2936401367188 0.0034239962697029114 0.13805662095546722 0.9904196262359619 -2557.22998046875
* 0.9986394643783569 0.004757977556437254 -0.05189564451575279 -571.7171630859375 -0.011627371422946453 0.9910248517990112 -0.1331852674484253 719.376220703125 0.05078412964940071 0.13360466063022614 0.989733874797821 -2536.791015625
* 0.9995660781860352 -0.010624734684824944 -0.027407653629779816 -567.3804931640625 0.004877463448792696 0.9793097972869873 -0.20231716334819794 701.08935546875 0.02897804044187069 0.2020931839942932 0.9789387583732605 -2478.418701171875
#
#
#
#
#
#
#
#
#
#
#
#
#
#
#
#
#
#
#
#
#
#
#
#
#
#
#
#
#
#
#
#
#
#
#
#
#
#
#
#
#
#
#
#
#
#
#
#
#
#
#
#
#
#
#
#
#
#
#
#
#
#
#
#
#
#
#
#
#
#
#
#
#
#
#
#
#
#
#
#
#
#
#
#
#
#
#
#
#
#
#
#
#
#
#
#
#
#
#
#
#
#
#
#
#
* 0.9969208240509033 0.01785356178879738 -0.07640001177787781 -664.8124389648438 -0.029397346079349518 0.9878765344619751 -0.15242266654968262 690.9608154296875 0.07276289165019989 0.1542041003704071 0.9853537678718567 -2456.12060546875
* 0.999988317489624 -0.0031473026610910892 -0.004500404000282288 -686.2339477539063 0.0024219369515776634 0.9889816045761108 -0.14800789952278137 708.9998168945313 0.004927530884742737 0.14799989759922028 0.9889727234840393 -2537.61083984375
* 0.999131977558136 -0.00863160751760006 0.04083516076207161 -686.45263671875 0.015388560481369495 0.9855278730392456 -0.16880416870117188 700.4879150390625 -0.038776010274887085 0.1692904829978943 0.9848007559776306 -2544.60498046875
* 0.9982306957244873 -0.014893947169184685 -0.05762316659092903 -669.5029296875 0.007562141865491867 0.9921255111694336 -0.12500636279582977 681.29296875 0.05904191732406616 0.1243540346622467 0.990477442741394 -2501.709716796875
* 0.9983488321304321 -0.033111121505498886 0.04701174795627594 -675.2642211914063 0.03940187022089958 0.9892958998680115 -0.14049147069454193 685.9790649414063 -0.04184544086456299 0.14211615920066833 0.9889627695083618 -2553.1396484375
* 0.9980507493019104 -0.05460129305720329 0.030335426330566406 -663.8043823242188 0.051684632897377014 0.9946808815002441 0.08908107131719589 663.0927124023438 -0.03502672165632248 -0.0873345136642456 0.9955607056617737 -2539.86767578125
* 0.9899536967277527 -0.0825277641415596 0.11483728140592575 -660.8903198242188 0.06945133209228516 0.9911230206489563 0.11335080862045288 638.7659912109375 -0.12316080182790756 -0.10423167049884796 0.9868953824043274 -2545.077880859375
#
#
#
#
#
#
#
#
* 0.7977323532104492 0.014344381168484688 0.6028419137001038 -609.9077758789063 0.05918104201555252 0.9930288195610046 -0.10194011777639389 -31.962709426879883 -0.6000996232032776 0.11699748784303665 0.7913222312927246 -2532.46044921875
* 0.9208194017410278 -0.004047872964292765 0.3899696171283722 -632.5296630859375 0.021345015615224838 0.9989707469940186 -0.04002867639064789 -25.417633056640625 -0.3894042372703552 0.04518290236592293 0.9199574589729309 -2673.6796875
* 0.8691291213035583 -0.08529916405677795 0.48717519640922546 -591.5396728515625 0.005735952407121658 0.9866874814033508 0.16252799332141876 -15.502894401550293 -0.4945511519908905 -0.13846342265605927 0.8580477833747864 -2547.545654296875
* 0.8947461843490601 -0.1075553447008133 0.4334307014942169 -578.040771484375 0.02511831372976303 0.9811477065086365 0.19162103533744812 -14.988459587097168 -0.4458674192428589 -0.16056519746780396 0.88057941198349 -2518.556396484375
* 0.9236841797828674 -0.09682939946651459 0.37071916460990906 -588.30029296875 0.0460113100707531 0.9885702729225159 0.14356958866119385 -19.124794006347656 -0.3803817331790924 -0.1155557706952095 0.9175814390182495 -2563.194091796875
* 0.9290375709533691 -0.04426907002925873 0.367328941822052 -604.4556274414063 0.05870684236288071 0.9978766441345215 -0.02821594476699829 -28.698461532592773 -0.36529791355133057 0.04777820408344269 0.9296633005142212 -2613.328857421875
* 0.9089257717132568 -0.03178989514708519 0.41574564576148987 -601.2862548828125 0.0782933458685875 0.9923664927482605 -0.09528511017560959 -39.28066635131836 -0.4095410108566284 0.11915696412324905 0.9044761061668396 -2569.90673828125
* 0.9133034348487854 -0.060026735067367554 0.4028335213661194 -610.099853515625 0.0730726569890976 0.9971805810928345 -0.017075948417186737 -49.76219177246094 -0.4006708562374115 0.04503142088651657 0.9151144027709961 -2589.377685546875
* 0.96466064453125 0.0105697987601161 0.26328539848327637 -618.7197265625 0.08103340864181519 0.9388740658760071 -0.3345884680747986 -64.74978637695313 -0.25072652101516724 0.34409886598587036 0.9048378467559814 -2618.479248046875
#
#
#
#
#
* 0.9938244819641113 -0.06382660567760468 0.08763420581817627 -585.4933471679688 0.06334058195352554 0.9972896575927734 0.04591156542301178 -249.8922119140625 -0.09096594154834747 -0.04012112319469452 0.9950498342514038 -2579.608642578125
#
#
#
#
* 0.9841166734695435 0.0020686350762844086 0.17751915752887726 -660.4854736328125 0.034060556441545486 0.9791633486747742 -0.20020544528961182 -105.46643829345703 -0.17423515021800995 0.20306509733200073 0.9635372161865234 -2725.2646484375
* 0.9858598113059998 -0.055477041751146317 0.15813219547271729 -652.848388671875 0.03903113678097725 0.9936755895614624 0.10530263185501099 -88.27218627929688 -0.1629747748374939 -0.09764701873064041 0.9817849397659302 -2670.299560546875
* 0.9931869506835938 -0.07902919501066208 0.08565649390220642 -638.1058959960938 0.05516695976257324 0.9661976099014282 0.25183725357055664 -75.34761810302734 -0.1026647686958313 -0.24540072679519653 0.9639687538146973 -2598.74365234375
* 0.9951326251029968 -0.050934046506881714 0.08437885344028473 -656.865234375 0.037939511239528656 0.9881009459495544 0.14906486868858337 -66.30604553222656 -0.09096841514110565 -0.1451432853937149 0.9852184653282166 -2682.406494140625
* 0.9989026784896851 -0.03677672892808914 -0.029050640761852264 -630.0254516601563 0.0362900011241436 0.9991936683654785 -0.017268262803554535 -55.728153228759766 0.02966063842177391 0.0161889735609293 0.9994274973869324 -2591.390380859375
* 0.995609700679779 -0.03995654731988907 -0.08466335386037827 -619.2257080078125 0.03331305831670761 0.9963563084602356 -0.07853368669748306 -55.14617919921875 0.08749091625213623 0.07536216825246811 0.9933091402053833 -2576.974365234375
* 0.9981788396835327 -0.017675045877695084 0.05770215392112732 -651.4535522460938 0.027898471802473068 0.9830122590065002 -0.1814163774251938 -69.49301147460938 -0.05351661518216133 0.18268904089927673 0.9817116856575012 -2756.082763671875
#
#
#
#
#
#
#
#
* 0.9827979803085327 -0.08582201600074768 0.16353899240493774 -619.3612670898438 0.03774237632751465 0.9601238369941711 0.2770131528377533 -515.36181640625 -0.18078280985355377 -0.2660738527774811 0.946847140789032 -2751.3076171875
* 0.9357171654701233 -0.06282858550548553 -0.34711387753486633 -610.549072265625 0.18881040811538696 0.9203876256942749 0.34239670634269714 -522.4002075195313 0.2979748249053955 -0.3859231770038605 0.8730815649032593 -2768.61328125
#
#
#
#
#
#
#
#
#
#
#
#
#
#
#
#
#
* 0.9961007237434387 -0.08439569920301437 0.02571173943579197 -560.1428833007813 0.07504022121429443 0.963718056678772 0.2561572790145874 -350.61785888671875 -0.046397287398576736 -0.25322842597961426 0.9662930965423584 -2618.279296875
#
#
#
#
#
#
#
#
#
#
#
#
#
#
#
#
#
#
#
* 0.9933554530143738 -0.11498451232910156 0.0011648617219179869 -636.752685546875 0.11298537999391556 0.9771085977554321 0.18032288551330566 -567.7195434570313 -0.021889816969633102 -0.17899541556835175 0.98360675573349 -2579.46728515625
* 0.9821069240570068 -0.10504838079214096 -0.15623259544372559 -615.1258544921875 0.1244281753897667 0.9850475192070007 0.11925679445266724 -558.0184936523438 0.1413516402244568 -0.1365651935338974 0.9804949760437012 -2503.08984375
#
#
#
* 0.8085988163948059 -0.11373735219240189 0.5772631168365479 -558.1959228515625 -0.029841529205441475 0.971947431564331 0.23329909145832062 -512.8017578125 -0.5876032114028931 -0.20587033033370972 0.782520592212677 -2552.21533203125
* 0.8576697111129761 -0.09991630166769028 0.504400908946991 -552.200927734375 -0.04532799497246742 0.9624307751655579 0.2677183747291565 -510.3457946777344 -0.5121995210647583 -0.25247591733932495 0.8209178447723389 -2577.948974609375
#
#
#
#
#
#
#
#
#
#
* 0.010195435956120491 0.013242584653198719 0.999860405921936 -671.5043334960938 0.05257942155003548 -0.9985355138778687 0.012738115154206753 -169.0431671142578 0.9985648393630981 0.05244062840938568 -0.010877929627895355 -3250.28076171875
#
* 0.843017041683197 -0.03018360771238804 0.5370310544967651 -492.24578857421875 0.004734335467219353 0.9987832307815552 0.04882438853383064 -105.56693267822266 -0.5378580093383789 -0.038813695311546326 0.8421529531478882 -2523.259765625
* 0.8564944267272949 -0.05212583392858505 0.5135087966918945 -508.29522705078125 0.0108692217618227 0.9964650273323059 0.08314678817987442 -106.8989486694336 -0.5160349011421204 -0.06583021581172943 0.8540455102920532 -2564.613525390625
* 0.9973278045654297 -0.06988147646188736 0.021091967821121216 -555.4890747070313 0.06866128742694855 0.99602872133255 0.05644860118627548 -105.38151550292969 -0.024956703186035156 -0.05504625663161278 0.9981814622879028 -2751.30615234375
* 0.9859734773635864 -0.08869059383869171 0.1413555145263672 -553.849853515625 0.03674134612083435 0.9415176510810852 0.3349158465862274 -86.89539337158203 -0.16279402375221252 -0.3252180814743042 0.9315312504768372 -2701.981201171875
* 0.952822208404541 0.0018053129315376282 -0.30350905656814575 -540.8729248046875 0.10506228357553482 0.9362624883651733 0.33518436551094055 -72.06796264648438 0.28476613759994507 -0.3514508008956909 0.8918574452400208 -2585.748046875
* 0.9924165606498718 -0.05783194303512573 -0.10842417180538177 -570.1380615234375 0.06902652233839035 0.9923850893974304 0.10188741981983185 -82.1274642944336 0.10170559585094452 -0.10879632085561752 0.9888571500778198 -2663.94482421875
* 0.9889454245567322 -0.04529052600264549 -0.14116203784942627 -561.39599609375 0.05638093501329422 0.9955664277076721 0.07511592656373978 -91.64644622802734 0.13713693618774414 -0.08244159817695618 0.9871250987052917 -2564.7197265625
* 0.9888490438461304 -0.05734340101480484 -0.13740591704845428 -556.1967163085938 0.06880281120538712 0.9944308400154114 0.07966987788677216 -92.1238784790039 0.1320723593235016 -0.0884326621890068 0.9872971177101135 -2508.82177734375
* 0.996484100818634 -0.056165680289268494 -0.062096212059259415 -566.6863403320313 0.06272755563259125 0.9921351075172424 0.10819754004478455 -89.2894058227539 0.05553026124835014 -0.11190971732139587 0.9921751022338867 -2532.513916015625
* 0.9908209443092346 -0.056902430951595306 -0.12258493155241013 -574.4678955078125 0.05585829168558121 0.9983476400375366 -0.012458820827305317 -90.1020736694336 0.12309384346008301 0.0053015765734016895 0.9923903942108154 -2532.8544921875
* 0.987552285194397 -0.040609925985336304 -0.15192911028862 -589.3836059570313 0.06343358010053635 0.9869225025177002 0.14810003340244293 -96.76136779785156 0.14392951130867004 -0.15609140694141388 0.9772096276283264 -2549.465576171875
* 0.9795651435852051 -0.03934403881430626 -0.19721880555152893 -585.0786743164063 0.06652430444955826 0.9888925552368164 0.13281410932540894 -99.0100326538086 0.18980489671230316 -0.14341743290424347 0.9713003635406494 -2486.136962890625
* 0.9942764043807983 -0.041352689266204834 -0.09846542775630951 -608.514404296875 0.05222368612885475 0.9925633668899536 0.10983780026435852 -100.41194152832031 0.09319353848695755 -0.11454883962869644 0.9890462756156921 -2558.880126953125
* 0.9615641236305237 -0.10168243944644928 0.2550419867038727 -627.308837890625 0.01660475693643093 0.9486455917358398 0.3158632814884186 -91.99848175048828 -0.2740630805492401 -0.2996824383735657 0.9138374924659729 -2628.01806640625
* 0.8986708521842957 0.0850205272436142 0.4302947223186493 -634.2326049804688 0.05391823500394821 0.9522103071212769 -0.30060291290283203 -80.60604095458984 -0.43530166149139404 0.29316645860671997 0.8512256741523743 -2646.8193359375
* 0.8859646320343018 -0.022181745618581772 0.4632126986980438 -616.7352294921875 -0.013633749447762966 0.9971544742584229 0.07396592199802399 -71.58556365966797 -0.46353620290756226 -0.07204361259937286 0.8831552267074585 -2555.475341796875
* 0.8592987060546875 -0.021982161328196526 0.5109930634498596 -615.6934204101563 0.011119603179395199 0.999626636505127 0.024429306387901306 -71.10284423828125 -0.5113466382026672 -0.015506073832511902 0.8592458963394165 -2523.53759765625
* 0.8706282377243042 -0.027050606906414032 0.4911884665489197 -629.079345703125 0.021272938698530197 0.9996079206466675 0.017474966123700142 -70.92300415039063 -0.49147719144821167 -0.004960975609719753 0.8708873987197876 -2561.310302734375
* 0.8870397806167603 -0.023204566910862923 0.46110016107559204 -625.0253295898438 -0.00628272071480751 0.9980151653289795 0.06245037168264389 -64.18226623535156 -0.4616363048553467 -0.05848982557654381 0.8851497769355774 -2548.01806640625
* 0.8248394727706909 -0.06957108527421951 0.5610623359680176 -615.7012329101563 -0.009822377935051918 0.9904577732086182 0.13737055659294128 -60.28495407104492 -0.5652705430984497 -0.11901715397834778 0.8162863254547119 -2531.09375
* 0.8657936453819275 -0.00677885115146637 0.5003465414047241 -628.8721923828125 0.02213914692401886 0.9994381070137024 -0.024640008807182312 -58.058197021484375 -0.49990734457969666 0.03221586346626282 0.8654906153678894 -2613.67431640625
* 0.9187090992927551 0.008720450103282928 0.3948277235031128 -639.481201171875 0.031893424689769745 0.9948549866676331 -0.09602159261703491 -47.61497116088867 -0.3936411738395691 0.10061666369438171 0.9137517213821411 -2688.560546875
* 0.945457935333252 -0.0038688182830810547 0.3257080912590027 -627.6998291015625 0.025974605232477188 0.997640073299408 -0.06335070729255676 -32.80323028564453 -0.3246985673904419 0.06816236674785614 0.9433684349060059 -2672.4970703125
* 0.8513746857643127 -0.03107510507106781 0.5236287117004395 -592.9523315429688 0.008276966400444508 0.9988964200019836 0.04594556987285614 -22.380056381225586 -0.5244857668876648 -0.034979358315467834 0.8507117033004761 -2553.962158203125
* 0.8543710112571716 -0.06897983700037003 0.5150566697120667 -584.1270751953125 -0.004589584190398455 0.9900798797607422 0.1403363198041916 -18.75637435913086 -0.5196321606636047 -0.1224607452750206 0.8455797433853149 -2529.143310546875
* 0.858638346195221 -0.03944104537367821 0.5110536813735962 -583.1876831054688 0.02491825260221958 0.9990505576133728 0.03536269813776016 -18.245216369628906 -0.5119733214378357 -0.017825378105044365 0.858827531337738 -2528.73486328125
* 0.8562599420547485 -0.00707632303237915 0.516488254070282 -587.95458984375 0.04195724427700043 0.9975485801696777 -0.05576685070991516 -16.338134765625 -0.5148409605026245 0.0692281648516655 0.8544970750808716 -2546.435791015625
* 0.8971247673034668 -0.03629332035779953 0.4402740001678467 -593.3442993164063 0.019920088350772858 0.9989099502563477 0.0418996699154377 -13.12411880493164 -0.4413214921951294 -0.029015326872467995 0.8968905210494995 -2563.26708984375
* 0.8484122157096863 0.00931355357170105 0.5292459726333618 -596.11865234375 0.03875550255179405 0.9960651993751526 -0.07953424751758575 -8.123247146606445 -0.5279175043106079 0.08779682964086533 0.8447567820549011 -2564.238037109375
* 0.9117321968078613 -0.022034723311662674 0.4101831018924713 -610.4609375 0.034434132277965546 0.9991357326507568 -0.022708537057042122 -2.8787004947662354 -0.40933677554130554 0.034633852541446686 0.9117363095283508 -2600.595947265625
* 0.8262606263160706 0.02316983789205551 0.5628035068511963 -601.7595825195313 0.049508098512887955 0.9922994375228882 -0.11342085897922516 0.3675132989883423 -0.5611140727996826 0.12138812243938446 0.8188011050224304 -2544.9873046875
* 0.8478285074234009 -0.008564673364162445 0.5301930904388428 -613.1791381835938 0.022890238091349602 0.9995179176330566 -0.020336218178272247 5.207165718078613 -0.529773473739624 0.029183223843574524 0.8476483821868896 -2576.78466796875
* 0.9188971519470215 -0.0686722844839096 0.38846299052238464 -627.9971923828125 -4.1445824899710715E-4 0.9845213890075684 0.17518918216228485 11.11152172088623 -0.394481897354126 -0.16133935749530792 0.904639720916748 -2628.23828125
* 0.9011797904968262 0.026241518557071686 0.4326403737068176 -635.71484375 0.05285947024822235 0.9840732216835022 -0.16964465379714966 19.67539405822754 -0.4302143454551697 0.17556214332580566 0.8855015635490417 -2640.35546875
#
* 0.9958584904670715 -0.0242302268743515 -0.08762873709201813 -625.1029052734375 0.03281893581151962 0.994651198387146 0.09793899208307266 40.37239074707031 0.08478690683841705 -0.10040923953056335 0.9913269877433777 -2556.623046875
* 0.9976373314857483 -0.03028021566569805 0.061668168753385544 -640.7972412109375 0.02575000375509262 0.9970011711120605 0.072977215051651 47.175533294677734 -0.06369303166866302 -0.07121681421995163 0.9954252243041992 -2610.43212890625
* 0.999149739742279 -0.009908072650432587 -0.040019549429416656 -651.9683227539063 0.009777837432920933 0.9999462366104126 -0.003451205790042877 54.711822509765625 0.040051549673080444 0.0030570030212402344 0.9991929531097412 -2647.501953125
* 0.998650312423706 -0.04812121391296387 -0.01954139769077301 -631.96923828125 0.051099177449941635 0.9776666760444641 0.20385463535785675 62.13591766357422 0.009295210242271423 -0.2045779973268509 0.9788061380386353 -2558.66357421875
* 0.9991261959075928 -0.03654412925243378 -0.02028118073940277 -647.2267456054688 0.038240835070610046 0.9951374530792236 0.09076841175556183 72.5453109741211 0.016865482553839684 -0.09146462380886078 0.995665431022644 -2615.612060546875
* 0.9986161589622498 -0.04903083294630051 -0.01901690661907196 -634.0074462890625 0.0508129708468914 0.992784321308136 0.1086149588227272 79.15507507324219 0.013554159551858902 -0.10943091660737991 0.9939019680023193 -2555.642578125
* 0.9981673359870911 -0.050581011921167374 0.03321873024106026 -644.3460083007813 0.047894977033138275 0.9958640336990356 0.07720611244440079 86.61416625976563 -0.03698654845356941 -0.07547355443239212 0.9964615702629089 -2598.67138671875
* 0.9900081753730774 -0.0691273882985115 0.12290290743112564 -647.0955810546875 0.03563092276453972 0.9659437537193298 0.25628662109375 97.69783020019531 -0.13643375039100647 -0.24934667348861694 0.9587554335594177 -2606.198974609375
#
* 0.938119649887085 -0.07176852226257324 0.3387911319732666 -676.0176391601563 0.015148639678955078 0.9858550429344177 0.1669146716594696 135.74081420898438 -0.3459792733192444 -0.15145638585090637 0.9259374141693115 -2704.200927734375
* 0.9768708348274231 -0.09557195752859116 0.1912800520658493 -664.6211547851563 0.031681012362241745 0.9493616223335266 0.3125844895839691 151.60203552246094 -0.21146927773952484 -0.29929742217063904 0.9304313659667969 -2647.8349609375
* 0.9703376293182373 -0.13178299367427826 0.20267410576343536 -667.00048828125 0.042889051139354706 0.9188893437385559 0.3921773135662079 170.5550537109375 -0.23791846632957458 -0.37185460329055786 0.8972846865653992 -2641.8291015625
* 0.9702364206314087 -0.11442387104034424 0.21341721713542938 -680.0260620117188 0.045732609927654266 0.9520333409309387 0.3025573492050171 195.55384826660156 -0.237801194190979 -0.28379473090171814 0.9289305210113525 -2686.060546875
* 0.9858810901641846 -0.08259362727403641 0.14565391838550568 -671.0089111328125 0.048501912504434586 0.9734393358230591 0.2237485945224762 209.96902465820313 -0.1602664738893509 -0.21352772414684296 0.9637018442153931 -2647.791015625
* 0.9942272305488586 -0.02032356522977352 -0.10534415394067764 -650.86669921875 0.030320528894662857 0.9950994849205017 0.09411467611789703 215.04006958007813 0.10291451215744019 -0.09676812589168549 0.9899723529815674 -2559.172119140625
* 0.9977790117263794 -0.023969627916812897 -0.062134549021720886 -656.80908203125 0.026259658858180046 0.9989997744560242 0.03618870675563812 213.5652313232422 0.06120426207780838 -0.03774256631731987 0.9974117279052734 -2569.96630859375
* 0.9980220198631287 -0.005572338588535786 -0.0626031681895256 -662.9954833984375 -0.0022474334109574556 0.9922467470169067 -0.12426263093948364 210.98104858398438 0.06280959397554398 0.12415515631437302 0.9902732372283936 -2589.587158203125
* 0.999132513999939 -0.03315083310008049 0.02516663819551468 -665.170166015625 0.032808151096105576 0.9993609189987183 0.014187626540660858 207.80615234375 -0.025621719658374786 -0.01335219293832779 0.999582827091217 -2592.72021484375
* 0.9977380633354187 -0.037238042801618576 0.05594755709171295 -683.4860229492188 0.03435897082090378 0.9980718493461609 0.05169271305203438 203.6988525390625 -0.05776548385620117 -0.049656081944704056 0.9970948100090027 -2659.892822265625
* 0.9957064986228943 -0.028574766591191292 0.08803463727235794 -672.5919799804688 0.029460368677973747 0.999528169631958 -0.008695787750184536 188.84628295898438 -0.08774551004171371 0.011249457485973835 0.9960798025131226 -2610.8056640625
* 0.9988954663276672 -0.003854237962514162 -0.04680992662906647 -657.9091186523438 -2.251015102956444E-4 0.9962100982666016 -0.08698096126317978 183.3374786376953 0.046967145055532455 0.0868929922580719 0.9951103329658508 -2549.046630859375
* 0.9937717914581299 -0.019378818571567535 0.10972869396209717 -698.9625854492188 0.023211872205138206 0.9991626143455505 -0.0336976982653141 201.8064422607422 -0.10898466408252716 0.03603232279419899 0.993390679359436 -2705.62451171875
* 0.9880993366241455 -0.03734432905912399 0.14920926094055176 -692.9779663085938 0.024728909134864807 0.996025025844574 0.08557348698377609 212.63328552246094 -0.15181279182434082 -0.0808679610490799 0.9850960373878479 -2670.107421875
* 0.9976635575294495 -0.034881286323070526 0.05872822552919388 -695.1341552734375 0.029934048652648926 0.9960813522338867 0.0832236036658287 225.83294677734375 -0.06140188127756119 -0.08127382397651672 0.9947991371154785 -2664.03662109375
* 0.9916601777076721 -0.03367626667022705 0.12439602613449097 -704.294677734375 0.02990955114364624 0.9990377426147461 0.03208155930042267 234.00738525390625 -0.12535762786865234 -0.02809596061706543 0.9917142391204834 -2672.7998046875
* 0.9974346160888672 -0.019445933401584625 0.06888018548488617 -705.025634765625 0.021814433857798576 0.9991940855979919 -0.03369804099202156 239.26524353027344 -0.0681702122092247 0.03511165827512741 0.9970561861991882 -2650.5673828125
* 0.9993943572044373 -0.02213539183139801 -0.02682008594274521 -703.2833862304688 0.023004353046417236 0.9992147088050842 0.03226379677653313 243.84457397460938 0.026084139943122864 -0.03286382183432579 0.9991199374198914 -2623.822021484375
* 0.9994601011276245 -0.03255797177553177 -0.00423204991966486 -690.0557250976563 0.032775335013866425 0.9972237944602966 0.06686350703239441 244.90435791015625 0.002042592503130436 -0.06696873158216476 0.9977535009384155 -2581.973388671875
#
* 0.8196476101875305 0.0031569115817546844 0.5728606581687927 -682.3822021484375 0.09657499194145203 0.9849111437797546 -0.143609881401062 255.2505645751953 -0.5646697282791138 0.173035129904747 0.8069733381271362 -2626.798583984375
* 0.8307510018348694 0.02879764512181282 0.5559001564979553 -656.9788818359375 0.09971363097429276 0.9748082160949707 -0.19951623678207397 247.79705810546875 -0.5476411581039429 0.22118064761161804 0.8069493770599365 -2559.259765625
* 0.8607079386711121 0.028381390497088432 0.5083088278770447 -661.1861572265625 0.08387891948223114 0.9768939018249512 -0.1965785026550293 250.0870819091797 -0.5021427273750305 0.2118345946073532 0.8384377360343933 -2583.4619140625
#
#
#
#
#
* 0.899323046207428 -0.09882920235395432 0.42596638202667236 -727.5762939453125 0.0019746143370866776 0.9750351309776306 0.22204041481018066 210.5999298095703 -0.43728238344192505 -0.19884423911571503 0.877068281173706 -2673.937255859375
* 0.9704290628433228 0.07823061943054199 0.2283504605293274 -741.765380859375 0.006395800970494747 0.9373509883880615 -0.3483269214630127 220.2064208984375 -0.2413000762462616 0.3394888937473297 0.9091343879699707 -2727.518310546875
* 0.9300702810287476 0.09586762636899948 0.35464799404144287 -743.3916015625 0.04857700690627098 0.9247790575027466 -0.37739047408103943 234.34710693359375 -0.36415648460388184 0.3682292401790619 0.8554537296295166 -2710.025146484375
* 0.9413764476776123 0.10064053535461426 0.3219914734363556 -765.2603759765625 0.040085677057504654 0.9143271446228027 -0.4029873013496399 259.2882995605469 -0.334968239068985 0.39227184653282166 0.8566930294036865 -2756.12939453125
#
* 0.763397753238678 0.6458172798156738 0.013521279208362103 117.9864730834961 0.04267963021993637 -0.02960801310837269 -0.9986734986305237 33.395198822021484 -0.6445016860961914 0.7629607319831848 -0.05012072995305061 -734.5475463867188
* 0.9019197225570679 0.03787165507674217 0.4302850365638733 -758.2941284179688 0.07498715817928314 0.9672940969467163 -0.24241751432418823 291.2271423339844 -0.42533865571022034 0.25085729360580444 0.8695753812789917 -2645.62255859375
#
* 0.998450517654419 -0.024700874462723732 -0.0498671717941761 -712.1197509765625 0.023846957832574844 0.9995599985122681 -0.017670754343271255 308.7079162597656 0.05028071627020836 0.01645401492714882 0.9985992908477783 -2580.755859375
* 0.9834686517715454 -0.08710642904043198 0.15875202417373657 -749.11572265625 0.046446189284324646 0.9687130451202393 0.24380114674568176 306.1761474609375 -0.17502254247665405 -0.23239721357822418 0.9567435383796692 -2702.51025390625
#
#
#
* 0.8677171468734741 -0.040477454662323 0.4954450726509094 -729.3322143554688 0.06476341187953949 0.9973703026771545 -0.032257840037345886 189.7086944580078 -0.49282726645469666 0.060181599110364914 0.8680382370948792 -2671.54443359375
* 0.7932931184768677 -0.006023865193128586 0.6088407635688782 -687.464599609375 0.09986615180969238 0.9876553416252136 -0.12060673534870148 175.7694854736328 -0.6005834937095642 0.15658068656921387 0.7840744853019714 -2558.1279296875
* 0.798491358757019 -0.026343999430537224 0.6014606356620789 -683.5272827148438 0.06560896337032318 0.9968792200088501 -0.043698735535144806 171.78521728515625 -0.5984212756156921 0.07445813715457916 0.7977084517478943 -2581.111083984375
* 0.7823377251625061 0.0039367410354316235 0.622871994972229 -665.1445922851563 0.07010740786790848 0.9930363297462463 -0.09458392858505249 163.25636291503906 -0.6188948154449463 0.11776720732450485 0.7765893340110779 -2564.5390625
* 0.8143698573112488 -0.022664321586489677 0.5799357891082764 -651.2123413085938 0.08076740801334381 0.9939100742340088 -0.07484439015388489 160.34129333496094 -0.574695348739624 0.10789399594068527 0.8112183213233948 -2558.34228515625
* 0.8710782527923584 0.02221297100186348 0.49067988991737366 -652.2987060546875 0.09120697528123856 0.9742118716239929 -0.20633666217327118 168.50035095214844 -0.482597678899765 0.22458788752555847 0.8465521931648254 -2582.405029296875
* 0.9437397718429565 0.04414309188723564 0.32778653502464294 -668.9224853515625 0.058366499841213226 0.953120231628418 -0.2968795895576477 183.6021728515625 -0.3255194127559662 0.29940447211265564 0.8968750834465027 -2638.45849609375
* 0.9588513374328613 0.07975335419178009 0.27254509925842285 -696.99560546875 0.06722010672092438 0.868443489074707 -0.49119213223457336 207.49102783203125 -0.2758583724498749 0.48938465118408203 0.8272820711135864 -2719.76171875
#
#
#
* 0.9795578718185425 -0.08306044340133667 0.18320117890834808 -713.3901977539063 0.045574162155389786 0.9787183403968811 0.20007845759391785 301.0749206542969 -0.19591975212097168 -0.1876453161239624 0.962500274181366 -2668.057861328125
* 0.9958513975143433 -0.04691320285201073 -0.07793807983398438 -682.96875 0.05458744615316391 0.9935492873191833 0.0993867963552475 299.7486267089844 0.07277518510818481 -0.10323470830917358 0.991992175579071 -2575.960205078125
* 0.9978275895118713 -0.04560475051403046 0.04749248921871185 -699.736083984375 0.04581444710493088 0.998943567276001 -0.003241993486881256 319.77618408203125 -0.047292545437812805 0.0054054856300354 0.9988675713539124 -2662.335693359375
