#
#
#
#
#
#
#
#
#
#
#
#
#
#
#
#
#
#
#
#
#
#
#
#
#
#
#
#
#
#
#
#
#
#
#
#
#
#
#
#
#
#
#
#
#
#
#
#
#
#
#
#
#
#
#
#
#
#
#
#
#
#
#
#
#
#
#
#
#
#
#
#
#
#
#
#
#
#
#
#
#
#
#
#
#
#
#
#
#
#
#
#
#
#
#
#
#
#
#
#
#
#
#
#
#
#
#
#
#
#
#
#
#
#
#
#
#
#
#
#
#
#
#
#
#
#
#
#
#
#
#
#
#
#
#
#
#
#
#
#
#
#
#
#
#
#
#
#
#
#
#
#
#
#
#
#
#
#
#
#
#
#
#
#
#
#
#
#
#
#
#
#
#
#
#
#
#
#
#
#
#
#
#
#
#
#
#
#
#
#
#
#
#
#
#
#
#
#
#
#
#
#
#
#
#
#
#
#
#
#
#
#
#
#
#
#
#
#
#
#
#
#
#
#
#
#
#
#
#
#
#
#
#
#
#
#
#
#
#
#
#
#
#
#
#
#
#
#
#
#
#
#
#
#
#
#
#
#
#
#
#
#
#
#
#
#
#
#
#
#
#
#
#
#
#
#
#
#
#
#
#
#
#
#
#
#
#
#
#
#
#
#
#
#
#
#
#
#
#
#
#
#
#
#
#
#
#
#
#
#
#
#
#
#
#
#
#
#
#
#
#
#
#
#
#
#
#
#
#
#
#
#
#
#
#
#
#
#
#
#
#
#
#
#
#
#
#
#
#
#
#
#
#
#
#
#
#
#
#
#
#
#
#
#
#
#
#
#
#
#
#
#
#
#
#
#
#
#
#
#
#
#
#
#
#
#
#
#
#
#
#
#
#
#
#
#
#
#
#
#
#
#
#
#
#
#
#
#
#
#
#
#
#
#
#
#
#
#
#
#
#
#
#
#
#
#
#
#
#
#
#
#
#
#
#
#
#
#
#
#
#
#
#
#
#
#
#
#
#
#
#
#
#
#
#
#
#
#
#
#
#
*1 0.242119699716568 0.07760218530893326 0.9671314358711243 -372.4382019042969
*1 0.242119699716568 0.07760218530893326 0.9671314358711243 -372.4382019042969
*2 -0.04943817853927612 0.9964791536331177 -0.06759604066610336 -91.5243148803711
*1 0.242119699716568 0.07760218530893326 0.9671314358711243 -372.4382019042969
*2 -0.04943817853927612 0.9964791536331177 -0.06759604066610336 -91.5243148803711
*3 -0.9689854383468628 -0.03142660856246948 0.24511802196502686 -2659.757568359375
#
#
*1 -0.5438721179962158 -0.044336527585983276 -0.8379954695701599 -393.6954345703125
*1 -0.5438721179962158 -0.044336527585983276 -0.8379954695701599 -393.6954345703125
*2 -0.16998611390590668 -0.9720785021781921 0.16175125539302826 -272.160400390625
*1 -0.5438721179962158 -0.044336527585983276 -0.8379954695701599 -393.6954345703125
*2 -0.16998611390590668 -0.9720785021781921 0.16175125539302826 -272.160400390625
*3 -0.8217706680297852 0.23041731119155884 0.521152675151825 -2617.88330078125
#
#
#
#
#
#
#
#
#
#
#
*1 0.9896175861358643 0.12759187817573547 -0.06586315482854843 -115.33963012695313
*1 0.9896175861358643 0.12759187817573547 -0.06586315482854843 -115.33963012695313
*2 -0.13355176150798798 0.9866718649864197 -0.09314072877168655 33.82709884643555
*1 0.9896175861358643 0.12759187817573547 -0.06586315482854843 -115.33963012695313
*2 -0.13355176150798798 0.9866718649864197 -0.09314072877168655 33.82709884643555
*3 0.05310019105672836 0.10095610469579697 0.9934727549552917 -309.7784118652344
*1 0.9862363338470459 0.1340339332818985 -0.09660980105400085 -104.62682342529297
*1 0.9862363338470459 0.1340339332818985 -0.09660980105400085 -104.62682342529297
*2 -0.144370436668396 0.9836682677268982 -0.1076403558254242 47.729347229003906
*1 0.9862363338470459 0.1340339332818985 -0.09660980105400085 -104.62682342529297
*2 -0.144370436668396 0.9836682677268982 -0.1076403558254242 47.729347229003906
*3 0.08060365170240402 0.12009277194738388 0.9894850850105286 -312.8387756347656
*1 0.9911287426948547 0.13267405331134796 0.004686565138399601 -94.2940902709961
*1 0.9911287426948547 0.13267405331134796 0.004686565138399601 -94.2940902709961
*2 -0.13155515491962433 0.9855079650878906 -0.10723653435707092 66.79853820800781
*1 0.9911287426948547 0.13267405331134796 0.004686565138399601 -94.2940902709961
*2 -0.13155515491962433 0.9855079650878906 -0.10723653435707092 66.79853820800781
*3 -0.01884755678474903 0.10565494000911713 0.9942242503166199 -328.49859619140625
#
#
#
#
#
#
#
#
#
#
#
#
#
#
#
#
#
#
#
#
#
#
#
#
#
#
#
#
#
#
#
#
#
#
#
#
#
#
#
#
#
#
#
#
#
#
#
#
#
#
#
#
#
#
#
#
#
#
#
#
#
#
#
#
#
#
#
#
#
#
#
#
#
#
#
#
#
#
#
#
#
#
#
#
#
#
#
#
#
#
#
#
#
#
#
#
#
#
#
#
#
#
#
#
#
#
#
#
#
#
#
#
#
#
#
#
#
#
#
#
#
#
#
#
#
#
#
#
#
#
#
#
#
#
#
#
#
#
#
#
#
#
#
#
#
#
#
#
#
#
#
#
#
#
#
#
#
#
#
#
#
#
#
#
#
#
#
#
#
#
#
#
#
#
#
#
#
#
#
#
#
#
#
#
#
#
#
#
#
#
#
#
#
#
#
#
#
#
#
#
#
#
#
#
#
#
#
#
#
#
#
#
#
#
#
#
#
#
#
#
#
#
#
#
#
#
#
#
#
#
#
#
#
#
#
#
#
#
#
#
#
#
#
#
#
#
#
#
#
#
#
#
#
#
#
#
#
#
#
#
#
#
#
#
#
#
#
#
#
#
#
#
#
#
#
#
#
#
#
#
#
#
#
#
#
#
#
#
#
#
#
#
#
#
#
#
#
#
#
#
#
#
#
#
#
#
#
#
#
#
#
#
#
#
#
#
#
#
#
#
#
#
#
#
*1 0.996344268321991 0.014991840347647667 -0.08411557227373123 -179.92782592773438
*1 0.996344268321991 0.014991840347647667 -0.08411557227373123 -179.92782592773438
*2 -0.017629703506827354 0.9993320107460022 -0.03196481242775917 58.16150665283203
*1 0.996344268321991 0.014991840347647667 -0.08411557227373123 -179.92782592773438
*2 -0.017629703506827354 0.9993320107460022 -0.03196481242775917 58.16150665283203
*3 0.08358343690633774 0.03333199769258499 0.9959432482719421 -436.84014892578125
*1 0.9960006475448608 0.015203586779534817 -0.08805497735738754 -168.2731475830078
*1 0.9960006475448608 0.015203586779534817 -0.08805497735738754 -168.2731475830078
*2 -0.016870951279997826 0.9996675848960876 -0.0194228682667017 62.68699264526367
*1 0.9960006475448608 0.015203586779534817 -0.08805497735738754 -168.2731475830078
*2 -0.016870951279997826 0.9996675848960876 -0.0194228682667017 62.68699264526367
*3 0.0877336636185646 0.020831851288676262 0.9959262013435364 -429.3141784667969
*1 0.9960698485374451 0.014616797678172588 -0.08736970275640488 -160.4860076904297
*1 0.9960698485374451 0.014616797678172588 -0.08736970275640488 -160.4860076904297
*2 -0.01560987252742052 0.9998058676719666 -0.011902306228876114 64.61225891113281
*1 0.9960698485374451 0.014616797678172588 -0.08736970275640488 -160.4860076904297
*2 -0.01560987252742052 0.9998058676719666 -0.011902306228876114 64.61225891113281
*3 0.08718203008174896 0.013220442458987236 0.9961047768592834 -424.6885681152344
*1 0.9968127012252808 0.018677622079849243 -0.07757450640201569 -156.170654296875
*1 0.9968127012252808 0.018677622079849243 -0.07757450640201569 -156.170654296875
*2 -0.020486636087298393 0.9995015859603882 -0.023955877870321274 65.33407592773438
*1 0.9968127012252808 0.018677622079849243 -0.07757450640201569 -156.170654296875
*2 -0.020486636087298393 0.9995015859603882 -0.023955877870321274 65.33407592773438
*3 0.07709166407585144 0.02546987123787403 0.9966986775398254 -426.74285888671875
*1 0.9957534074783325 0.01909910887479782 -0.09007047861814499 -151.20980834960938
*1 0.9957534074783325 0.01909910887479782 -0.09007047861814499 -151.20980834960938
*2 -0.022032134234905243 0.9992155432701111 -0.03286090865731239 65.60848236083984
*1 0.9957534074783325 0.01909910887479782 -0.09007047861814499 -151.20980834960938
*2 -0.022032134234905243 0.9992155432701111 -0.03286090865731239 65.60848236083984
*3 0.08937547355890274 0.03470691666007042 0.9953932166099548 -425.8990783691406
*1 0.9977164268493652 0.018214013427495956 -0.06505810469388962 -147.7900848388672
*1 0.9977164268493652 0.018214013427495956 -0.06505810469388962 -147.7900848388672
*2 -0.019084405153989792 0.9997124671936035 -0.014407996088266373 69.31134796142578
*1 0.9977164268493652 0.018214013427495956 -0.06505810469388962 -147.7900848388672
*2 -0.019084405153989792 0.9997124671936035 -0.014407996088266373 69.31134796142578
*3 0.06478024274110794 0.0156177943572402 0.9977772831916809 -430.0706481933594
*1 0.9965549111366272 0.01851527765393257 -0.08085758984088898 -142.5498504638672
*1 0.9965549111366272 0.01851527765393257 -0.08085758984088898 -142.5498504638672
*2 -0.01965462975203991 0.9996982216835022 -0.014624870382249355 71.74964904785156
*1 0.9965549111366272 0.01851527765393257 -0.08085758984088898 -142.5498504638672
*2 -0.01965462975203991 0.9996982216835022 -0.014624870382249355 71.74964904785156
*3 0.0805656909942627 0.016164816915988922 0.9966181516647339 -426.55145263671875
*1 0.9968180060386658 0.017078625038266182 -0.0778747946023941 -139.3165283203125
*1 0.9968180060386658 0.017078625038266182 -0.0778747946023941 -139.3165283203125
*2 -0.017610592767596245 0.999815046787262 -0.007504127454012632 72.1592025756836
*1 0.9968180060386658 0.017078625038266182 -0.0778747946023941 -139.3165283203125
*2 -0.017610592767596245 0.999815046787262 -0.007504127454012632 72.1592025756836
*3 0.07773551344871521 0.008852771483361721 0.9969346523284912 -425.5821838378906
*1 0.99741530418396 0.01785077154636383 -0.06961622834205627 -137.58522033691406
*1 0.99741530418396 0.01785077154636383 -0.06961622834205627 -137.58522033691406
*2 -0.018607785925269127 0.9997559785842896 -0.011758674867451191 72.29926300048828
*1 0.99741530418396 0.01785077154636383 -0.06961622834205627 -137.58522033691406
*2 -0.018607785925269127 0.9997559785842896 -0.011758674867451191 72.29926300048828
*3 0.0693926215171814 0.013024791143834591 0.9975042939186096 -426.87042236328125
*1 0.9963781833648682 0.021324878558516502 -0.08232853561639786 -135.2717742919922
*1 0.9963781833648682 0.021324878558516502 -0.08232853561639786 -135.2717742919922
*2 -0.022365719079971313 0.9996633529663086 -0.013024887070059776 71.25288391113281
*1 0.9963781833648682 0.021324878558516502 -0.08232853561639786 -135.2717742919922
*2 -0.022365719079971313 0.9996633529663086 -0.013024887070059776 71.25288391113281
*3 0.08202634751796722 0.014820181764662266 0.9965198636054993 -425.8188781738281
*1 0.9992738962173462 0.01447063498198986 -0.035276420414447784 -135.96376037597656
*1 0.9992738962173462 0.01447063498198986 -0.035276420414447784 -135.96376037597656
*2 -0.014256583526730537 0.9998912215232849 0.0033313874155282974 66.8447036743164
*1 0.9992738962173462 0.01447063498198986 -0.035276420414447784 -135.96376037597656
*2 -0.014256583526730537 0.9998912215232849 0.0033313874155282974 66.8447036743164
*3 0.03532406687736511 -0.002824947005137801 0.9993717670440674 -433.5122375488281
*1 0.999979555606842 0.004375898279249668 -0.004910418763756752 -136.24990844726563
*1 0.999979555606842 0.004375898279249668 -0.004910418763756752 -136.24990844726563
*2 -0.004071888979524374 0.9991991519927979 0.039766617119312286 57.19236755371094
*1 0.999979555606842 0.004375898279249668 -0.004910418763756752 -136.24990844726563
*2 -0.004071888979524374 0.9991991519927979 0.039766617119312286 57.19236755371094
*3 0.005083788186311722 -0.03974475711584091 0.9991968274116516 -438.0920104980469
*1 0.9971059560775757 0.02615426853299141 -0.07140050828456879 -132.07691955566406
*1 0.9971059560775757 0.02615426853299141 -0.07140050828456879 -132.07691955566406
*2 -0.02652343176305294 0.9996302723884583 -0.005705874878913164 47.215457916259766
*1 0.9971059560775757 0.02615426853299141 -0.07140050828456879 -132.07691955566406
*2 -0.02652343176305294 0.9996302723884583 -0.005705874878913164 47.215457916259766
*3 0.07122813910245895 0.007584282197058201 0.9974309802055359 -426.65850830078125
*1 0.9951479434967041 0.030676275491714478 -0.0934988334774971 -130.4956512451172
*1 0.9951479434967041 0.030676275491714478 -0.0934988334774971 -130.4956512451172
*2 -0.031385235488414764 0.999479353427887 -0.007251075003296137 43.98122787475586
*1 0.9951479434967041 0.030676275491714478 -0.0934988334774971 -130.4956512451172
*2 -0.031385235488414764 0.999479353427887 -0.007251075003296137 43.98122787475586
*3 0.0932309702038765 0.010151519440114498 0.9955925345420837 -423.5667419433594
*1 0.9952853322029114 0.03218546882271767 -0.09150800108909607 -130.52557373046875
*1 0.9952853322029114 0.03218546882271767 -0.09150800108909607 -130.52557373046875
*2 -0.033430393785238266 0.9993513822555542 -0.01326133031398058 43.56844711303711
*1 0.9952853322029114 0.03218546882271767 -0.09150800108909607 -130.52557373046875
*2 -0.033430393785238266 0.9993513822555542 -0.01326133031398058 43.56844711303711
*3 0.09102506935596466 0.016259104013442993 0.9957156181335449 -424.2764587402344
*1 0.9950984716415405 0.024455199018120766 -0.09583090990781784 -130.08419799804688
*1 0.9950984716415405 0.024455199018120766 -0.09583090990781784 -130.08419799804688
*2 -0.022399289533495903 0.9995188117027283 0.021377217024564743 44.76800537109375
*1 0.9950984716415405 0.024455199018120766 -0.09583090990781784 -130.08419799804688
*2 -0.022399289533495903 0.9995188117027283 0.021377217024564743 44.76800537109375
*3 0.09631083160638809 -0.019124777987599373 0.9951673150062561 -423.2156982421875
*1 0.9966663718223572 0.024919543415308 -0.07770263403654099 -130.82135009765625
*1 0.9966663718223572 0.024919543415308 -0.07770263403654099 -130.82135009765625
*2 -0.024506159126758575 0.9996858835220337 0.004914999008178711 47.409202575683594
*1 0.9966663718223572 0.024919543415308 -0.07770263403654099 -130.82135009765625
*2 -0.024506159126758575 0.9996858835220337 0.004914999008178711 47.409202575683594
*3 0.07780396193265915 -0.0029933005571365356 0.9969639182090759 -425.9346618652344
*1 0.9966899752616882 0.027756590396165848 -0.07642752677202225 -131.24542236328125
*1 0.9966899752616882 0.027756590396165848 -0.07642752677202225 -131.24542236328125
*2 -0.027469322085380554 0.9996150135993958 0.0034301646519452333 50.98240280151367
*1 0.9966899752616882 0.027756590396165848 -0.07642752677202225 -131.24542236328125
*2 -0.027469322085380554 0.9996150135993958 0.0034301646519452333 50.98240280151367
*3 0.07649654895067215 -0.0013182801194489002 0.9970687031745911 -426.1163635253906
*1 0.9971002340316772 0.021809522062540054 -0.07292433828115463 -132.46524047851563
*1 0.9971002340316772 0.021809522062540054 -0.07292433828115463 -132.46524047851563
*2 -0.02062799409031868 0.9996657371520996 0.015477914363145828 54.82045364379883
*1 0.9971002340316772 0.021809522062540054 -0.07292433828115463 -132.46524047851563
*2 -0.02062799409031868 0.9996657371520996 0.015477914363145828 54.82045364379883
*3 0.07324076443910599 -0.013927651569247246 0.9972167611122131 -426.1477355957031
*1 0.9969180822372437 0.030701255425810814 -0.07220888882875443 -133.40911865234375
*1 0.9969180822372437 0.030701255425810814 -0.07220888882875443 -133.40911865234375
*2 -0.03127700835466385 0.9994745850563049 -0.00832075159996748 58.21942138671875
*1 0.9969180822372437 0.030701255425810814 -0.07220888882875443 -133.40911865234375
*2 -0.03127700835466385 0.9994745850563049 -0.00832075159996748 58.21942138671875
*3 0.07191870361566544 0.010554715991020203 0.9973543882369995 -426.2567138671875
*1 0.9965077042579651 0.02826579287648201 -0.07858537137508392 -133.8949737548828
*1 0.9965077042579651 0.02826579287648201 -0.07858537137508392 -133.8949737548828
*2 -0.02881486341357231 0.9995571970939636 -0.0072062197141349316 60.32463073730469
*1 0.9965077042579651 0.02826579287648201 -0.07858537137508392 -133.8949737548828
*2 -0.02881486341357231 0.9995571970939636 -0.0072062197141349316 60.32463073730469
*3 0.07835010439157486 0.009446607902646065 0.9968808889389038 -425.2010498046875
*1 0.9962090253829956 0.028087478131055832 -0.08234667032957077 -134.05079650878906
*1 0.9962090253829956 0.028087478131055832 -0.08234667032957077 -134.05079650878906
*2 -0.028455490246415138 0.9995830059051514 -0.004580100066959858 61.32699203491211
*1 0.9962090253829956 0.028087478131055832 -0.08234667032957077 -134.05079650878906
*2 -0.028455490246415138 0.9995830059051514 -0.004580100066959858 61.32699203491211
*3 0.08218690752983093 0.006907080765813589 0.9965927600860596 -424.5938720703125
*1 0.9965802431106567 0.02974209003150463 -0.07710699737071991 -134.29904174804688
*1 0.9965802431106567 0.02974209003150463 -0.07710699737071991 -134.29904174804688
*2 -0.030590344220399857 0.9994674324989319 -0.01121512334793806 61.690975189208984
*1 0.9965802431106567 0.02974209003150463 -0.07710699737071991 -134.29904174804688
*2 -0.030590344220399857 0.9994674324989319 -0.01121512334793806 61.690975189208984
*3 0.07673560827970505 0.013536641374230385 0.9969593286514282 -424.8824768066406
*1 0.996597409248352 0.0355110727250576 -0.07439641654491425 -135.189697265625
*1 0.996597409248352 0.0355110727250576 -0.07439641654491425 -135.189697265625
*2 -0.03628141060471535 0.9992852807044983 -0.010451428592205048 63.08232498168945
*1 0.996597409248352 0.0355110727250576 -0.07439641654491425 -135.189697265625
*2 -0.03628141060471535 0.9992852807044983 -0.010451428592205048 63.08232498168945
*3 0.07397535443305969 0.013116219080984592 0.9971734881401062 -425.5334167480469
*1 0.9955291152000427 0.02913771942257881 -0.08986113220453262 -135.18617248535156
*1 0.9955291152000427 0.02913771942257881 -0.08986113220453262 -135.18617248535156
*2 -0.027684666216373444 0.999483585357666 0.01620819978415966 64.48310089111328
*1 0.9955291152000427 0.02913771942257881 -0.08986113220453262 -135.18617248535156
*2 -0.027684666216373444 0.999483585357666 0.01620819978415966 64.48310089111328
*3 0.09029026329517365 -0.013646846637129784 0.9958215951919556 -423.7054748535156
*1 0.9960376024246216 0.035655561834573746 -0.08148606866598129 -134.86363220214844
*1 0.9960376024246216 0.035655561834573746 -0.08148606866598129 -134.86363220214844
*2 -0.03764902800321579 0.9989922046661377 -0.024366037920117378 65.38594818115234
*1 0.9960376024246216 0.035655561834573746 -0.08148606866598129 -134.86363220214844
*2 -0.03764902800321579 0.9989922046661377 -0.024366037920117378 65.38594818115234
*3 0.08053842931985855 0.027338504791259766 0.9963761568069458 -424.7627868652344
*1 0.9960004091262817 0.029971491545438766 -0.0841858759522438 -133.44989013671875
*1 0.9960004091262817 0.029971491545438766 -0.0841858759522438 -133.44989013671875
*2 -0.03113914281129837 0.9994174242019653 -0.013848397880792618 66.01918029785156
*1 0.9960004091262817 0.029971491545438766 -0.0841858759522438 -133.44989013671875
*2 -0.03113914281129837 0.9994174242019653 -0.013848397880792618 66.01918029785156
*3 0.08372506499290466 0.016415609046816826 0.9963533282279968 -424.4187927246094
*1 0.9970396161079407 0.024584617465734482 -0.07286892086267471 -131.8861846923828
*1 0.9970396161079407 0.024584617465734482 -0.07286892086267471 -131.8861846923828
*2 -0.024938328191637993 0.9996727108955383 -0.0053959800861775875 66.57923889160156
*1 0.9970396161079407 0.024584617465734482 -0.07286892086267471 -131.8861846923828
*2 -0.024938328191637993 0.9996727108955383 -0.0053959800861775875 66.57923889160156
*3 0.07271572202444077 0.007198336999863386 0.9973263740539551 -424.9101257324219
*1 0.9954748749732971 0.0270095057785511 -0.091117724776268 -129.2711944580078
*1 0.9954748749732971 0.0270095057785511 -0.091117724776268 -129.2711944580078
*2 -0.02790159545838833 0.9995619654655457 -0.009689992293715477 66.3365249633789
*1 0.9954748749732971 0.0270095057785511 -0.091117724776268 -129.2711944580078
*2 -0.02790159545838833 0.9995619654655457 -0.009689992293715477 66.3365249633789
*3 0.09081939607858658 0.012189587578177452 0.9957923889160156 -423.2132873535156
*1 0.9959544539451599 0.02664916217327118 -0.08582853525876999 -127.57766723632813
*1 0.9959544539451599 0.02664916217327118 -0.08582853525876999 -127.57766723632813
*2 -0.027453573420643806 0.9995768666267395 -0.009436278603971004 66.49383544921875
*1 0.9959544539451599 0.02664916217327118 -0.08582853525876999 -127.57766723632813
*2 -0.027453573420643806 0.9995768666267395 -0.009436278603971004 66.49383544921875
*3 0.08554404973983765 0.011755517683923244 0.996264636516571 -424.16180419921875
*1 0.9957932829856873 0.03257671743631363 -0.0856528952717781 -126.01578521728516
*1 0.9957932829856873 0.03257671743631363 -0.0856528952717781 -126.01578521728516
*2 -0.032963115721940994 0.9994455575942993 -0.0043320925906300545 67.55704498291016
*1 0.9957932829856873 0.03257671743631363 -0.0856528952717781 -126.01578521728516
*2 -0.032963115721940994 0.9994455575942993 -0.0043320925906300545 67.55704498291016
*3 0.08546756953001022 0.00713838916271925 0.9963150024414063 -424.3179931640625
*1 0.9973599910736084 0.028007861226797104 -0.06701026111841202 -125.16105651855469
*1 0.9973599910736084 0.028007861226797104 -0.06701026111841202 -125.16105651855469
*2 -0.028753625229001045 0.9995155334472656 -0.011769667267799377 70.21862030029297
*1 0.9973599910736084 0.028007861226797104 -0.06701026111841202 -125.16105651855469
*2 -0.028753625229001045 0.9995155334472656 -0.011769667267799377 70.21862030029297
*3 0.06665144860744476 0.013666491024196148 0.9976823329925537 -426.4866943359375
*1 0.9967811107635498 0.028828145936131477 -0.07482027262449265 -123.85806274414063
*1 0.9967811107635498 0.028828145936131477 -0.07482027262449265 -123.85806274414063
*2 -0.030392669141292572 0.9993098378181458 -0.02127564698457718 72.72686767578125
*1 0.9967811107635498 0.028828145936131477 -0.07482027262449265 -123.85806274414063
*2 -0.030392669141292572 0.9993098378181458 -0.02127564698457718 72.72686767578125
*3 0.07415860146284103 0.023482264950871468 0.9969695806503296 -426.70892333984375
*1 0.9963467121124268 0.02952953428030014 -0.08014383912086487 -121.6368179321289
*1 0.9963467121124268 0.02952953428030014 -0.08014383912086487 -121.6368179321289
*2 -0.03009738028049469 0.9995192289352417 -0.007203746121376753 74.95772552490234
*1 0.9963467121124268 0.02952953428030014 -0.08014383912086487 -121.6368179321289
*2 -0.03009738028049469 0.9995192289352417 -0.007203746121376753 74.95772552490234
*3 0.07989589124917984 0.00959065742790699 0.9967566728591919 -425.0610046386719
*1 0.9967546463012695 0.023385096341371536 -0.07703988254070282 -119.96466827392578
*1 0.9967546463012695 0.023385096341371536 -0.07703988254070282 -119.96466827392578
*2 -0.024021167308092117 0.9996717572212219 -0.008710299618542194 76.47567749023438
*1 0.9967546463012695 0.023385096341371536 -0.07703988254070282 -119.96466827392578
*2 -0.024021167308092117 0.9996717572212219 -0.008710299618542194 76.47567749023438
*3 0.076814204454422 0.01053368579596281 0.996989369392395 -424.6350402832031
*1 0.995208740234375 0.026890218257904053 -0.09401252865791321 -119.04784393310547
*1 0.995208740234375 0.026890218257904053 -0.09401252865791321 -119.04784393310547
*2 -0.02710215374827385 0.9996287226676941 -0.0020992187783122063 76.38292694091797
*1 0.995208740234375 0.026890218257904053 -0.09401252865791321 -119.04784393310547
*2 -0.02710215374827385 0.9996287226676941 -0.0020992187783122063 76.38292694091797
*3 0.09392447769641876 0.004638188052922487 0.995568037033081 -423.8104248046875
*1 0.9957134127616882 0.028140945360064507 -0.08811789005994797 -118.83655548095703
*1 0.9957134127616882 0.028140945360064507 -0.08811789005994797 -118.83655548095703
*2 -0.029695754870772362 0.9994025230407715 -0.01758524775505066 75.81088256835938
*1 0.9957134127616882 0.028140945360064507 -0.08811789005994797 -118.83655548095703
*2 -0.029695754870772362 0.9994025230407715 -0.01758524775505066 75.81088256835938
*3 0.08757367730140686 0.02012769691646099 0.995954155921936 -424.67047119140625
*1 0.9957360029220581 0.02397872880101204 -0.08908878266811371 -118.3406753540039
*1 0.9957360029220581 0.02397872880101204 -0.08908878266811371 -118.3406753540039
*2 -0.026183033362030983 0.9993466138839722 -0.024846667423844337 75.2936019897461
*1 0.9957360029220581 0.02397872880101204 -0.08908878266811371 -118.3406753540039
*2 -0.026183033362030983 0.9993466138839722 -0.024846667423844337 75.2936019897461
*3 0.08843808621168137 0.027074426412582397 0.9957131147384644 -424.3573303222656
*1 0.9962173700332642 0.01929289475083351 -0.08473855257034302 -117.15335083007813
*1 0.9962173700332642 0.01929289475083351 -0.08473855257034302 -117.15335083007813
*2 -0.018024424090981483 0.9997310638427734 0.014470715075731277 74.25078582763672
*1 0.9962173700332642 0.01929289475083351 -0.08473855257034302 -117.15335083007813
*2 -0.018024424090981483 0.9997310638427734 0.014470715075731277 74.25078582763672
*3 0.08499826490879059 -0.012887551449239254 0.9962972402572632 -423.61444091796875
*1 0.994509220123291 0.030561931431293488 -0.10009642690420151 -116.04256439208984
*1 0.994509220123291 0.030561931431293488 -0.10009642690420151 -116.04256439208984
*2 -0.03338056430220604 0.999057948589325 -0.027666844427585602 73.47997283935547
*1 0.994509220123291 0.030561931431293488 -0.10009642690420151 -116.04256439208984
*2 -0.03338056430220604 0.999057948589325 -0.027666844427585602 73.47997283935547
*3 0.09915986657142639 0.030857324600219727 0.9945924282073975 -424.4591979980469
*1 0.9958431124687195 0.027876362204551697 -0.08672534674406052 -114.45783233642578
*1 0.9958431124687195 0.027876362204551697 -0.08672534674406052 -114.45783233642578
*2 -0.029937278479337692 0.9992671012878418 -0.023777252063155174 72.42935943603516
*1 0.9958431124687195 0.027876362204551697 -0.08672534674406052 -114.45783233642578
*2 -0.029937278479337692 0.9992671012878418 -0.023777252063155174 72.42935943603516
*3 0.08600225299596786 0.02627585083246231 0.9959477782249451 -425.1026916503906
*1 0.9959053993225098 0.02685033343732357 -0.08633255958557129 -113.18685913085938
*1 0.9959053993225098 0.02685033343732357 -0.08633255958557129 -113.18685913085938
*2 -0.02869434468448162 0.9993569254875183 -0.021416880190372467 70.97888946533203
*1 0.9959053993225098 0.02685033343732357 -0.08633255958557129 -113.18685913085938
*2 -0.02869434468448162 0.9993569254875183 -0.021416880190372467 70.97888946533203
*3 0.08570527285337448 0.023807557299733162 0.9960354566574097 -424.6148681640625
*1 0.9962732791900635 0.027302933856844902 -0.08182927966117859 -112.58885192871094
*1 0.9962732791900635 0.027302933856844902 -0.08182927966117859 -112.58885192871094
*2 -0.02779451012611389 0.9995927810668945 -0.0061629535630345345 68.73204803466797
*1 0.9962732791900635 0.027302933856844902 -0.08182927966117859 -112.58885192871094
*2 -0.02779451012611389 0.9995927810668945 -0.0061629535630345345 68.73204803466797
*3 0.08163097500801086 0.00841550063341856 0.9966265559196472 -424.6244201660156
*1 0.9960110187530518 0.025787832215428352 -0.08543377369642258 -113.73574829101563
*1 0.9960110187530518 0.025787832215428352 -0.08543377369642258 -113.73574829101563
*2 -0.02808031626045704 0.9992395639419556 -0.02698327600955963 65.23260498046875
*1 0.9960110187530518 0.025787832215428352 -0.08543377369642258 -113.73574829101563
*2 -0.02808031626045704 0.9992395639419556 -0.02698327600955963 65.23260498046875
*3 0.08467624336481094 0.029275763779878616 0.9959777593612671 -425.7423095703125
*1 0.9947066903114319 0.02801702357828617 -0.09887133538722992 -115.0046615600586
*1 0.9947066903114319 0.02801702357828617 -0.09887133538722992 -115.0046615600586
*2 -0.02774185501039028 0.9996084570884705 0.003093686420470476 61.28363037109375
*1 0.9947066903114319 0.02801702357828617 -0.09887133538722992 -115.0046615600586
*2 -0.02774185501039028 0.9996084570884705 0.003093686420470476 61.28363037109375
*3 0.09892258048057556 -3.3332183375023305E-4 0.9950944781303406 -423.2862548828125
*1 0.9967017769813538 0.020234879106283188 -0.0785992220044136 -117.92234802246094
*1 0.9967017769813538 0.020234879106283188 -0.0785992220044136 -117.92234802246094
*2 -0.01901339739561081 0.999705970287323 0.014924613758921623 61.89065170288086
*1 0.9967017769813538 0.020234879106283188 -0.0785992220044136 -117.92234802246094
*2 -0.01901339739561081 0.999705970287323 0.014924613758921623 61.89065170288086
*3 0.0788814127445221 -0.013379864394664764 0.9967935681343079 -426.3868713378906
*1 0.9949058890342712 0.021734530106186867 -0.09844554960727692 -119.33808898925781
*1 0.9949058890342712 0.021734530106186867 -0.09844554960727692 -119.33808898925781
*2 -0.021358409896492958 0.9997627139091492 0.003805064596235752 64.83688354492188
*1 0.9949058890342712 0.021734530106186867 -0.09844554960727692 -119.33808898925781
*2 -0.021358409896492958 0.9997627139091492 0.003805064596235752 64.83688354492188
*3 0.09850820153951645 -0.0016819438897073269 0.9951341152191162 -425.0432434082031
*1 0.9958169460296631 0.02594137378036976 -0.08761943131685257 -121.96066284179688
*1 0.9958169460296631 0.02594137378036976 -0.08761943131685257 -121.96066284179688
*2 -0.026900172233581543 0.9995757937431335 -0.010984610766172409 65.55113983154297
*1 0.9958169460296631 0.02594137378036976 -0.08761943131685257 -121.96066284179688
*2 -0.026900172233581543 0.9995757937431335 -0.010984610766172409 65.55113983154297
*3 0.087300606071949 0.013296755962073803 0.9960925579071045 -424.8162841796875
*1 0.9958055019378662 0.02493385225534439 -0.0880417674779892 -123.38956451416016
*1 0.9958055019378662 0.02493385225534439 -0.0880417674779892 -123.38956451416016
*2 -0.026294434443116188 0.9995316863059998 -0.015528172254562378 65.28255462646484
*1 0.9958055019378662 0.02493385225534439 -0.0880417674779892 -123.38956451416016
*2 -0.026294434443116188 0.9995316863059998 -0.015528172254562378 65.28255462646484
*3 0.08761666715145111 0.017779158428311348 0.9959949254989624 -424.59185791015625
*1 0.9966251850128174 0.015966739505529404 -0.08052976429462433 -124.03434753417969
*1 0.9966251850128174 0.015966739505529404 -0.08052976429462433 -124.03434753417969
*2 -0.015603193081915379 0.9998689293861389 0.0038363763596862555 66.84741973876953
*1 0.9966251850128174 0.015966739505529404 -0.08052976429462433 -124.03434753417969
*2 -0.015603193081915379 0.9998689293861389 0.0038363763596862555 66.84741973876953
*3 0.08058379590511322 -0.0025658367667347193 0.99674391746521 -426.48333740234375
*1 0.9959737658500671 0.02171066589653492 -0.08698669821023941 -123.71702575683594
*1 0.9959737658500671 0.02171066589653492 -0.08698669821023941 -123.71702575683594
*2 -0.023277483880519867 0.9995604157447815 -0.01825336553156376 67.6528091430664
*1 0.9959737658500671 0.02171066589653492 -0.08698669821023941 -123.71702575683594
*2 -0.023277483880519867 0.9995604157447815 -0.01825336553156376 67.6528091430664
*3 0.08655549585819244 0.020205805078148842 0.9960415363311768 -426.05010986328125
*1 0.995053231716156 0.020185934379696846 -0.09727904945611954 -123.24685668945313
*1 0.995053231716156 0.020185934379696846 -0.09727904945611954 -123.24685668945313
*2 -0.02235233038663864 0.9994989633560181 -0.022317979484796524 67.5914535522461
*1 0.995053231716156 0.020185934379696846 -0.09727904945611954 -123.24685668945313
*2 -0.02235233038663864 0.9994989633560181 -0.022317979484796524 67.5914535522461
*3 0.09678314626216888 0.02438308671116829 0.9950062036514282 -424.29730224609375
*1 0.9960978031158447 0.017328936606645584 -0.08654891699552536 -124.15653228759766
*1 0.9960978031158447 0.017328936606645584 -0.08654891699552536 -124.15653228759766
*2 -0.017365440726280212 0.9998468160629272 -8.837815839797258E-4 67.525146484375
*1 0.9960978031158447 0.017328936606645584 -0.08654891699552536 -124.15653228759766
*2 -0.017365440726280212 0.9998468160629272 -8.837815839797258E-4 67.525146484375
*3 0.08652366697788239 0.0023843690287321806 0.996246337890625 -426.0336608886719
*1 0.9957290887832642 0.020264336839318275 -0.0900813564658165 -124.55909729003906
*1 0.9957290887832642 0.020264336839318275 -0.0900813564658165 -124.55909729003906
*2 -0.021242128685116768 0.9997109770774841 -0.011079459451138973 67.67061614990234
*1 0.9957290887832642 0.020264336839318275 -0.0900813564658165 -124.55909729003906
*2 -0.021242128685116768 0.9997109770774841 -0.011079459451138973 67.67061614990234
*3 0.08983412384986877 0.012946749106049538 0.9958720207214355 -425.5132141113281
*1 0.9958406090736389 0.01987544633448124 -0.08892804384231567 -125.88175201416016
*1 0.9958406090736389 0.01987544633448124 -0.08892804384231567 -125.88175201416016
*2 -0.020762421190738678 0.9997299313545227 -0.010245583951473236 68.31832885742188
*1 0.9958406090736389 0.01987544633448124 -0.08892804384231567 -125.88175201416016
*2 -0.020762421190738678 0.9997299313545227 -0.010245583951473236 68.31832885742188
*3 0.08870372921228409 0.012050412595272064 0.9959846138954163 -426.3187561035156
*1 0.9959304332733154 0.016508642584085464 -0.08861042559146881 -126.7596664428711
*1 0.9959304332733154 0.016508642584085464 -0.08861042559146881 -126.7596664428711
*2 -0.016487859189510345 0.999862015247345 -2.2041410556994379E-4 69.36011505126953
*1 0.9959304332733154 0.016508642584085464 -0.08861042559146881 -126.7596664428711
*2 -0.016487859189510345 0.999862015247345 -2.2041410556994379E-4 69.36011505126953
*3 0.08859790116548538 0.0016815784620121121 0.9960654973983765 -425.45001220703125
*1 0.9966607093811035 0.020759405568242073 -0.0789823979139328 -127.97787475585938
*1 0.9966607093811035 0.020759405568242073 -0.0789823979139328 -127.97787475585938
*2 -0.022540699690580368 0.9994778037071228 -0.02306867018342018 68.90687561035156
*1 0.9966607093811035 0.020759405568242073 -0.0789823979139328 -127.97787475585938
*2 -0.022540699690580368 0.9994778037071228 -0.02306867018342018 68.90687561035156
*3 0.07846558094024658 0.024773044511675835 0.9966084361076355 -426.7087097167969
*1 0.995383620262146 0.0169272031635046 -0.09448082745075226 -127.18769073486328
*1 0.995383620262146 0.0169272031635046 -0.09448082745075226 -127.18769073486328
*2 -0.01654648967087269 0.999854326248169 0.0036991331726312637 66.96634674072266
*1 0.995383620262146 0.0169272031635046 -0.09448082745075226 -127.18769073486328
*2 -0.01654648967087269 0.999854326248169 0.0036991331726312637 66.96634674072266
*3 0.09453301131725311 -0.0021176657173782587 0.9955188632011414 -424.4747009277344
*1 0.9964569807052612 0.015708191320300102 -0.08263402432203293 -127.22904968261719
*1 0.9964569807052612 0.015708191320300102 -0.08263402432203293 -127.22904968261719
*2 -0.016118424013257027 0.9998525977134705 -0.00557383568957448 66.9685287475586
*1 0.9964569807052612 0.015708191320300102 -0.08263402432203293 -127.22904968261719
*2 -0.016118424013257027 0.9998525977134705 -0.00557383568957448 66.9685287475586
*3 0.08253761380910873 0.006887079682201147 0.9965635538101196 -427.8424987792969
*1 0.9960463643074036 0.01878630928695202 -0.08683481812477112 -125.09383392333984
*1 0.9960463643074036 0.01878630928695202 -0.08683481812477112 -125.09383392333984
*2 -0.019303293898701668 0.9997918009757996 -0.006330672185868025 66.37025451660156
*1 0.9960463643074036 0.01878630928695202 -0.08683481812477112 -125.09383392333984
*2 -0.019303293898701668 0.9997918009757996 -0.006330672185868025 66.37025451660156
*3 0.08670111000537872 0.007982923649251461 0.9962018132209778 -426.0542297363281
*1 0.9968910217285156 0.018839072436094284 -0.07651809602975845 -124.20787048339844
*1 0.9968910217285156 0.018839072436094284 -0.07651809602975845 -124.20787048339844
*2 -0.020829590037465096 0.9994251132011414 -0.026683343574404716 66.54856872558594
*1 0.9968910217285156 0.018839072436094284 -0.07651809602975845 -124.20787048339844
*2 -0.020829590037465096 0.9994251132011414 -0.026683343574404716 66.54856872558594
*3 0.07597470283508301 0.028195317834615707 0.9967104196548462 -428.4375915527344
*1 0.9961828589439392 0.014292977750301361 -0.08612275123596191 -122.3679428100586
*1 0.9961828589439392 0.014292977750301361 -0.08612275123596191 -122.3679428100586
*2 -0.015337822958827019 0.9997998476028442 -0.012706494890153408 67.04118347167969
*1 0.9961828589439392 0.014292977750301361 -0.08612275123596191 -122.3679428100586
*2 -0.015337822958827019 0.9997998476028442 -0.012706494890153408 67.04118347167969
*3 0.08592722564935684 0.01398000493645668 0.9962027072906494 -427.8050842285156
*1 0.9968798756599426 0.016542304307222366 -0.07719271630048752 -120.6017074584961
*1 0.9968798756599426 0.016542304307222366 -0.07719271630048752 -120.6017074584961
*2 -0.016922222450375557 0.999839186668396 -0.005634808912873268 67.94725036621094
*1 0.9968798756599426 0.016542304307222366 -0.07719271630048752 -120.6017074584961
*2 -0.016922222450375557 0.999839186668396 -0.005634808912873268 67.94725036621094
*3 0.07709041237831116 0.0069245826452970505 0.9969995021820068 -427.7258605957031
*1 0.9960813522338867 0.021163318306207657 -0.08588368445634842 -119.21331024169922
*1 0.9960813522338867 0.021163318306207657 -0.08588368445634842 -119.21331024169922
*2 -0.022865548729896545 0.9995343089103699 -0.020116081461310387 68.5057373046875
*1 0.9960813522338867 0.021163318306207657 -0.08588368445634842 -119.21331024169922
*2 -0.022865548729896545 0.9995343089103699 -0.020116081461310387 68.5057373046875
*3 0.08542127907276154 0.022002138197422028 0.9961013197898865 -427.2835388183594
*1 0.9956721067428589 0.015147309750318527 -0.09170429408550262 -117.52385711669922
*1 0.9956721067428589 0.015147309750318527 -0.09170429408550262 -117.52385711669922
*2 -0.014351855963468552 0.9998616576194763 0.008182144723832607 67.002197265625
*1 0.9956721067428589 0.015147309750318527 -0.09170429408550262 -117.52385711669922
*2 -0.014351855963468552 0.9998616576194763 0.008182144723832607 67.002197265625
*3 0.09181886911392212 -0.006829522084444761 0.995751678943634 -426.2259826660156
*1 0.9944756031036377 0.02007133513689041 -0.10304121673107147 -117.0662612915039
*1 0.9944756031036377 0.02007133513689041 -0.10304121673107147 -117.0662612915039
*2 -0.020187396556138992 0.9997937083244324 -0.0011045754654332995 65.10208129882813
*1 0.9944756031036377 0.02007133513689041 -0.10304121673107147 -117.0662612915039
*2 -0.020187396556138992 0.9997937083244324 -0.0011045754654332995 65.10208129882813
*3 0.10300110280513763 0.003179708728566766 0.9946755170822144 -425.8092956542969
*1 0.9952139258384705 0.02099236100912094 -0.09545017033815384 -117.53380584716797
*1 0.9952139258384705 0.02099236100912094 -0.09545017033815384 -117.53380584716797
*2 -0.02057967707514763 0.9997774958610535 0.004204904660582542 64.47012329101563
*1 0.9952139258384705 0.02099236100912094 -0.09545017033815384 -117.53380584716797
*2 -0.02057967707514763 0.9997774958610535 0.004204904660582542 64.47012329101563
*3 0.09552052617073059 -0.0022193454205989838 0.9954243898391724 -426.606201171875
*1 0.9950288534164429 0.02287539467215538 -0.09693581610918045 -120.06831359863281
*1 0.9950288534164429 0.02287539467215538 -0.09693581610918045 -120.06831359863281
*2 -0.02497538924217224 0.9994528889656067 -0.021596938371658325 65.30757141113281
*1 0.9950288534164429 0.02287539467215538 -0.09693581610918045 -120.06831359863281
*2 -0.02497538924217224 0.9994528889656067 -0.021596938371658325 65.30757141113281
*3 0.09639205783605576 0.023911701515316963 0.9950555562973022 -428.4672546386719
*1 0.9927946925163269 0.020982790738344193 -0.11798655241727829 -125.79112243652344
*1 0.9927946925163269 0.020982790738344193 -0.11798655241727829 -125.79112243652344
*2 -0.02020026184618473 0.9997701048851013 0.006933846045285463 67.66765594482422
*1 0.9927946925163269 0.020982790738344193 -0.11798655241727829 -125.79112243652344
*2 -0.02020026184618473 0.9997701048851013 0.006933846045285463 67.66765594482422
*3 0.11810822784900665 -0.004499419592320919 0.9929899573326111 -429.34259033203125
*1 0.9925851821899414 0.02082652784883976 -0.1197635754942894 -132.42239379882813
*1 0.9925851821899414 0.02082652784883976 -0.1197635754942894 -132.42239379882813
*2 -0.0226985365152359 0.9996254444122314 -0.015168844722211361 69.80731964111328
*1 0.9925851821899414 0.02082652784883976 -0.1197635754942894 -132.42239379882813
*2 -0.0226985365152359 0.9996254444122314 -0.015168844722211361 69.80731964111328
*3 0.11940612643957138 0.017775937914848328 0.9926857352256775 -428.4517517089844
*1 0.9919008016586304 0.018269138410687447 -0.1257035881280899 -139.56805419921875
*1 0.9919008016586304 0.018269138410687447 -0.1257035881280899 -139.56805419921875
*2 -0.019931897521018982 0.9997172951698303 -0.012821175158023834 68.92389678955078
*1 0.9919008016586304 0.018269138410687447 -0.1257035881280899 -139.56805419921875
*2 -0.019931897521018982 0.9997172951698303 -0.012821175158023834 68.92389678955078
*3 0.1254371553659439 0.015223936177790165 0.9919840693473816 -428.3078918457031
*1 0.993523359298706 0.010930751450359821 -0.11311210691928864 -147.30755615234375
*1 0.993523359298706 0.010930751450359821 -0.11311210691928864 -147.30755615234375
*2 -0.010851177386939526 0.9999392032623291 3.888180654030293E-4 69.45880889892578
*1 0.993523359298706 0.010930751450359821 -0.11311210691928864 -147.30755615234375
*2 -0.010851177386939526 0.9999392032623291 3.888180654030293E-4 69.45880889892578
*3 0.11311284452676773 8.421594393439591E-4 0.9935811161994934 -429.7573547363281
*1 0.995951235294342 0.005554691888391972 -0.08973770588636398 -154.04347229003906
