#
#
#
#
#
#
#
#
#
#
#
#
#
#
#
#
#
#
#
#
#
#
#
#
#
#
#
#
#
#
#
#
#
#
#
#
#
#
#
#
#
#
#
#
#
#
#
#
#
#
#
#
*1 0.992716372013092 0.11171498149633408 -0.04507852718234062 -154.35787963867188
*1 0.992716372013092 0.11171498149633408 -0.04507852718234062 -154.35787963867188
*2 -0.10698443651199341 0.6454989314079285 -0.7562304735183716 114.873291015625
*1 0.992716372013092 0.11171498149633408 -0.04507852718234062 -154.35787963867188
*2 -0.10698443651199341 0.6454989314079285 -0.7562304735183716 114.873291015625
*3 -0.055387187749147415 0.7555467486381531 0.6527503728866577 -461.0079040527344
*1 0.9937654733657837 0.11145266145467758 -0.002526232972741127 -144.56149291992188
*1 0.9937654733657837 0.11145266145467758 -0.002526232972741127 -144.56149291992188
*2 -0.07442094385623932 0.6463277339935303 -0.7594215273857117 112.99063110351563
*1 0.9937654733657837 0.11145266145467758 -0.002526232972741127 -144.56149291992188
*2 -0.07442094385623932 0.6463277339935303 -0.7594215273857117 112.99063110351563
*3 -0.08300988376140594 0.7548766136169434 0.6505937576293945 -468.0458984375
*1 0.9936972856521606 0.10797437280416489 0.03008781559765339 -131.90501403808594
*1 0.9936972856521606 0.10797437280416489 0.03008781559765339 -131.90501403808594
*2 -0.04652104899287224 0.6414797306060791 -0.7657275199890137 112.70562744140625
*1 0.9936972856521606 0.10797437280416489 0.03008781559765339 -131.90501403808594
*2 -0.04652104899287224 0.6414797306060791 -0.7657275199890137 112.70562744140625
*3 -0.10198280960321426 0.7595033049583435 0.642460823059082 -470.981689453125
*1 0.9932208061218262 0.09829964488744736 0.062029726803302765 -120.0333480834961
*1 0.9932208061218262 0.09829964488744736 0.062029726803302765 -120.0333480834961
*2 -0.016655022278428078 0.6484857797622681 -0.761043906211853 115.347900390625
*1 0.9932208061218262 0.09829964488744736 0.062029726803302765 -120.0333480834961
*2 -0.016655022278428078 0.6484857797622681 -0.761043906211853 115.347900390625
*3 -0.11503889411687851 0.7548531889915466 0.6457277536392212 -475.494384765625
*1 0.992594301700592 0.08681553602218628 0.08495759218931198 -109.44097137451172
*1 0.992594301700592 0.08681553602218628 0.08495759218931198 -109.44097137451172
*2 0.007588693872094154 0.6537084579467773 -0.7567078471183777 118.32891082763672
*1 0.992594301700592 0.08681553602218628 0.08495759218931198 -109.44097137451172
*2 0.007588693872094154 0.6537084579467773 -0.7567078471183777 118.32891082763672
*3 -0.12123463302850723 0.7517502307891846 0.648209273815155 -479.3483581542969
*1 0.9836908578872681 0.08870179206132889 0.1564691662788391 -98.04591369628906
*1 0.9836908578872681 0.08870179206132889 0.1564691662788391 -98.04591369628906
*2 0.05921655520796776 0.6617036461830139 -0.7474226951599121 127.2234878540039
*1 0.9836908578872681 0.08870179206132889 0.1564691662788391 -98.04591369628906
*2 0.05921655520796776 0.6617036461830139 -0.7474226951599121 127.2234878540039
*3 -0.16983717679977417 0.7445000410079956 0.6456598043441772 -491.9320068359375
#
#
#
#
#
*1 0.9402135014533997 0.08707670122385025 0.32927587628364563 -116.0219955444336
*1 0.9402135014533997 0.08707670122385025 0.32927587628364563 -116.0219955444336
*2 0.18679220974445343 0.6766519546508789 -0.7122212052345276 139.52394104003906
*1 0.9402135014533997 0.08707670122385025 0.32927587628364563 -116.0219955444336
*2 0.18679220974445343 0.6766519546508789 -0.7122212052345276 139.52394104003906
*3 -0.2847896218299866 0.7311362028121948 0.6199343204498291 -525.563720703125
*1 0.9388511180877686 0.08150797337293625 0.33454638719558716 -118.67359161376953
*1 0.9388511180877686 0.08150797337293625 0.33454638719558716 -118.67359161376953
*2 0.19516560435295105 0.6745554208755493 -0.7119647264480591 139.8011932373047
*1 0.9388511180877686 0.08150797337293625 0.33454638719558716 -118.67359161376953
*2 0.19516560435295105 0.6745554208755493 -0.7119647264480591 139.8011932373047
*3 -0.28366756439208984 0.733710765838623 0.6174019575119019 -534.4404296875
*1 0.9259854555130005 0.08263467997312546 0.36841386556625366 -122.67640686035156
*1 0.9259854555130005 0.08263467997312546 0.36841386556625366 -122.67640686035156
*2 0.2286558747291565 0.6538128852844238 -0.7212860584259033 143.42373657226563
*1 0.9259854555130005 0.08263467997312546 0.36841386556625366 -122.67640686035156
*2 0.2286558747291565 0.6538128852844238 -0.7212860584259033 143.42373657226563
*3 -0.3004438877105713 0.7521300911903381 0.5865302681922913 -537.4332275390625
#
#
#
#
#
#
#
#
#
#
#
#
#
#
#
#
#
#
#
#
#
#
#
#
#
#
#
#
#
#
#
#
#
#
#
#
#
#
#
#
#
#
#
#
#
#
#
#
#
#
#
#
#
#
#
#
#
#
#
#
#
#
#
#
#
#
#
#
#
#
#
#
#
#
#
#
#
#
#
#
#
#
#
#
#
#
#
#
#
#
#
#
#
#
#
#
#
#
#
#
#
#
#
#
#
#
#
#
#
#
#
#
#
#
#
#
#
#
#
#
#
#
#
#
#
#
#
#
#
#
#
#
#
#
#
#
#
#
#
#
#
#
#
#
#
#
#
#
#
#
#
#
#
#
#
#
#
#
#
#
#
#
#
#
#
#
#
#
#
*1 0.48457497358322144 0.37258249521255493 -0.7914351224899292 238.52867126464844
*1 0.48457497358322144 0.37258249521255493 -0.7914351224899292 238.52867126464844
*2 -0.5317372679710388 0.8438688516616821 0.07169772684574127 180.69000244140625
*1 0.48457497358322144 0.37258249521255493 -0.7914351224899292 238.52867126464844
*2 -0.5317372679710388 0.8438688516616821 0.07169772684574127 180.69000244140625
*3 0.6945807337760925 0.3860927224159241 0.6070337891578674 -980.7078857421875
*1 0.4644237756729126 0.382418155670166 -0.7987909913063049 249.92056274414063
*1 0.4644237756729126 0.382418155670166 -0.7987909913063049 249.92056274414063
*2 -0.5330089926719666 0.8410120606422424 0.09273538738489151 171.1029052734375
*1 0.4644237756729126 0.382418155670166 -0.7987909913063049 249.92056274414063
*2 -0.5330089926719666 0.8410120606422424 0.09273538738489151 171.1029052734375
*3 0.707256555557251 0.3826943337917328 0.5944184064865112 -973.4107055664063
*1 0.45038866996765137 0.3800326883792877 -0.8079141974449158 263.59930419921875
*1 0.45038866996765137 0.3800326883792877 -0.8079141974449158 263.59930419921875
*2 -0.5189721584320068 0.8477535247802734 0.10946062952280045 160.66885375976563
*1 0.45038866996765137 0.3800326883792877 -0.8079141974449158 263.59930419921875
*2 -0.5189721584320068 0.8477535247802734 0.10946062952280045 160.66885375976563
*3 0.726510763168335 0.3699852526187897 0.5790451169013977 -971.6279907226563
*1 0.4462209641933441 0.3841135501861572 -0.8082968592643738 276.4912414550781
*1 0.4462209641933441 0.3841135501861572 -0.8082968592643738 276.4912414550781
*2 -0.5295314788818359 0.8414461612701416 0.10753820091485977 149.06871032714844
*1 0.4462209641933441 0.3841135501861572 -0.8082968592643738 276.4912414550781
*2 -0.5295314788818359 0.8414461612701416 0.10753820091485977 149.06871032714844
*3 0.7214452028274536 0.38003289699554443 0.5788713097572327 -965.523193359375
#
#
#
#
#
#
#
#
#
#
#
#
#
#
#
#
#
#
#
#
*1 0.5447379350662231 0.3842882215976715 -0.7453769445419312 301.75323486328125
*1 0.5447379350662231 0.3842882215976715 -0.7453769445419312 301.75323486328125
*2 -0.5159230828285217 0.85428386926651 0.06338664889335632 108.39472198486328
*1 0.5447379350662231 0.3842882215976715 -0.7453769445419312 301.75323486328125
*2 -0.5159230828285217 0.85428386926651 0.06338664889335632 108.39472198486328
*3 0.6611229777336121 0.350033164024353 0.6636226177215576 -1019.6954956054688
*1 0.5332486629486084 0.3584260940551758 -0.7662767767906189 289.1300964355469
*1 0.5332486629486084 0.3584260940551758 -0.7662767767906189 289.1300964355469
*2 -0.5182945132255554 0.8543131947517395 0.038924429565668106 103.31010437011719
*1 0.5332486629486084 0.3584260940551758 -0.7662767767906189 289.1300964355469
*2 -0.5182945132255554 0.8543131947517395 0.038924429565668106 103.31010437011719
*3 0.6685925722122192 0.3764057159423828 0.6413301825523376 -1031.370361328125
*1 0.5542077422142029 0.3750603199005127 -0.7430930137634277 278.74786376953125
*1 0.5542077422142029 0.3750603199005127 -0.7430930137634277 278.74786376953125
*2 -0.4982672929763794 0.8645979166030884 0.06477175652980804 99.51741790771484
*1 0.5542077422142029 0.3750603199005127 -0.7430930137634277 278.74786376953125
*2 -0.4982672929763794 0.8645979166030884 0.06477175652980804 99.51741790771484
*3 0.6667708158493042 0.3343670666217804 0.6660457253456116 -1061.7137451171875
*1 0.5685898661613464 0.38494938611984253 -0.7269960045814514 267.03131103515625
*1 0.5685898661613464 0.38494938611984253 -0.7269960045814514 267.03131103515625
*2 -0.4792032539844513 0.8733152747154236 0.08763550221920013 95.14617919921875
*1 0.5685898661613464 0.38494938611984253 -0.7269960045814514 267.03131103515625
*2 -0.4792032539844513 0.8733152747154236 0.08763550221920013 95.14617919921875
*3 0.6686328053474426 0.29855528473854065 0.6810259819030762 -1101.0673828125
#
#
#
#
#
*1 0.6643437743186951 0.34574297070503235 -0.6626472473144531 101.74644470214844
*1 0.6643437743186951 0.34574297070503235 -0.6626472473144531 101.74644470214844
*2 -0.40489283204078674 0.9117026329040527 0.06976944953203201 50.4426383972168
*1 0.6643437743186951 0.34574297070503235 -0.6626472473144531 101.74644470214844
*2 -0.40489283204078674 0.9117026329040527 0.06976944953203201 50.4426383972168
*3 0.6282590627670288 0.22194284200668335 0.745674729347229 -1148.816162109375
*1 0.6855054497718811 0.3409714102745056 -0.643282949924469 78.04531860351563
*1 0.6855054497718811 0.3409714102745056 -0.643282949924469 78.04531860351563
*2 -0.3990325629711151 0.9149904847145081 0.05977524071931839 39.635196685791016
*1 0.6855054497718811 0.3409714102745056 -0.643282949924469 78.04531860351563
*2 -0.3990325629711151 0.9149904847145081 0.05977524071931839 39.635196685791016
*3 0.608978807926178 0.21570725739002228 0.763291597366333 -1127.6627197265625
*1 0.7001348733901978 0.32668977975845337 -0.6348835229873657 59.061729431152344
*1 0.7001348733901978 0.32668977975845337 -0.6348835229873657 59.061729431152344
*2 -0.39841583371162415 0.916639506816864 0.03231745958328247 29.737478256225586
*1 0.7001348733901978 0.32668977975845337 -0.6348835229873657 59.061729431152344
*2 -0.39841583371162415 0.916639506816864 0.03231745958328247 29.737478256225586
*3 0.5925166010856628 0.2303137481212616 0.7719316482543945 -1103.6851806640625
*1 0.7197863459587097 0.32490235567092896 -0.6134641766548157 44.48448944091797
*1 0.7197863459587097 0.32490235567092896 -0.6134641766548157 44.48448944091797
*2 -0.38921841979026794 0.9206306338310242 0.030917702242732048 21.62127113342285
*1 0.7197863459587097 0.32490235567092896 -0.6134641766548157 44.48448944091797
*2 -0.38921841979026794 0.9206306338310242 0.030917702242732048 21.62127113342285
*3 0.5748185515403748 0.21651007235050201 0.7891170978546143 -1089.737548828125
*1 0.7386900186538696 0.31512513756752014 -0.5958400368690491 33.0929069519043
*1 0.7386900186538696 0.31512513756752014 -0.5958400368690491 33.0929069519043
*2 -0.38778015971183777 0.9217314124107361 0.006742330268025398 14.124833106994629
*1 0.7386900186538696 0.31512513756752014 -0.5958400368690491 33.0929069519043
*2 -0.38778015971183777 0.9217314124107361 0.006742330268025398 14.124833106994629
*3 0.5513284802436829 0.22606711089611053 0.8030748963356018 -1076.5184326171875
*1 0.745486319065094 0.3133189380168915 -0.588280200958252 24.43065643310547
*1 0.745486319065094 0.3133189380168915 -0.588280200958252 24.43065643310547
*2 -0.3744141459465027 0.9270649552345276 0.019297495484352112 7.020977020263672
*1 0.745486319065094 0.3133189380168915 -0.588280200958252 24.43065643310547
*2 -0.3744141459465027 0.9270649552345276 0.019297495484352112 7.020977020263672
*3 0.5514193773269653 0.20586705207824707 0.8084269165992737 -1072.6556396484375
*1 0.7283135056495667 0.30413269996643066 -0.6140480637550354 15.926477432250977
*1 0.7283135056495667 0.30413269996643066 -0.6140480637550354 15.926477432250977
*2 -0.3583468794822693 0.9328585267066956 0.037016451358795166 2.0192627906799316
*1 0.7283135056495667 0.30413269996643066 -0.6140480637550354 15.926477432250977
*2 -0.3583468794822693 0.9328585267066956 0.037016451358795166 2.0192627906799316
*3 0.5840769410133362 0.1930752992630005 0.7884000539779663 -1054.475341796875
*1 0.729878306388855 0.2979429364204407 -0.6152234673500061 8.139410018920898
*1 0.729878306388855 0.2979429364204407 -0.6152234673500061 8.139410018920898
*2 -0.3514043688774109 0.9355286955833435 0.03617824986577034 -0.22937679290771484
*1 0.729878306388855 0.2979429364204407 -0.6152234673500061 8.139410018920898
*2 -0.3514043688774109 0.9355286955833435 0.03617824986577034 -0.22937679290771484
*3 0.5863372683525085 0.18977917730808258 0.7875220775604248 -1053.1455078125
*1 0.7339133024215698 0.29949966073036194 -0.6096420884132385 -0.36678504943847656
*1 0.7339133024215698 0.29949966073036194 -0.6096420884132385 -0.36678504943847656
*2 -0.34222176671028137 0.9383442997932434 0.04901022091507912 -1.5844693183898926
*1 0.7339133024215698 0.29949966073036194 -0.6096420884132385 -0.36678504943847656
*2 -0.34222176671028137 0.9383442997932434 0.04901022091507912 -1.5844693183898926
*3 0.5867316722869873 0.17265620827674866 0.7911601066589355 -1054.599609375
*1 0.7355054616928101 0.2967173457145691 -0.6090835928916931 -10.02464771270752
*1 0.7355054616928101 0.2967173457145691 -0.6090835928916931 -10.02464771270752
*2 -0.3419763743877411 0.938666582107544 0.044327545911073685 -3.1100306510925293
*1 0.7355054616928101 0.2967173457145691 -0.6090835928916931 -10.02464771270752
*2 -0.3419763743877411 0.938666582107544 0.044327545911073685 -3.1100306510925293
*3 0.5848780274391174 0.1756816953420639 0.7918661832809448 -1061.193603515625
*1 0.7430005669593811 0.3017573058605194 -0.5973985195159912 -20.775100708007813
*1 0.7430005669593811 0.3017573058605194 -0.5973985195159912 -20.775100708007813
*2 -0.33477112650871277 0.9404736757278442 0.058697305619716644 -5.599498748779297
*1 0.7430005669593811 0.3017573058605194 -0.5973985195159912 -20.775100708007813
*2 -0.33477112650871277 0.9404736757278442 0.058697305619716644 -5.599498748779297
*3 0.5795486569404602 0.15637226402759552 0.7997933626174927 -1067.13330078125
*1 0.7378379106521606 0.2973375916481018 -0.6059519648551941 -32.188053131103516
*1 0.7378379106521606 0.2973375916481018 -0.6059519648551941 -32.188053131103516
*2 -0.3279510736465454 0.942582368850708 0.0632004663348198 -7.292778015136719
*1 0.7378379106521606 0.2973375916481018 -0.6059519648551941 -32.188053131103516
*2 -0.3279510736465454 0.942582368850708 0.0632004663348198 -7.292778015136719
*3 0.5899502635002136 0.15208351612091064 0.7929865121841431 -1058.08642578125
*1 0.7441198825836182 0.2933667004108429 -0.600178062915802 -43.612266540527344
*1 0.7441198825836182 0.2933667004108429 -0.600178062915802 -43.612266540527344
*2 -0.323050856590271 0.9444107413291931 0.061108704656362534 -8.248319625854492
*1 0.7441198825836182 0.2933667004108429 -0.600178062915802 -43.612266540527344
*2 -0.323050856590271 0.9444107413291931 0.061108704656362534 -8.248319625854492
*3 0.5847405791282654 0.14840847253799438 0.7975284457206726 -1052.711669921875
*1 0.7573300004005432 0.29198768734931946 -0.5841118097305298 -54.56189727783203
*1 0.7573300004005432 0.29198768734931946 -0.5841118097305298 -54.56189727783203
*2 -0.3321816921234131 0.9423545002937317 0.04038745164871216 -9.366644859313965
*1 0.7573300004005432 0.29198768734931946 -0.5841118097305298 -54.56189727783203
*2 -0.3321816921234131 0.9423545002937317 0.04038745164871216 -9.366644859313965
*3 0.562231719493866 0.16343723237514496 0.8106676340103149 -1054.5428466796875
*1 0.7709397077560425 0.2953060269355774 -0.5643035173416138 -64.3818359375
*1 0.7709397077560425 0.2953060269355774 -0.5643035173416138 -64.3818359375
*2 -0.33624327182769775 0.9411946535110474 0.03317932039499283 -12.572127342224121
*1 0.7709397077560425 0.2953060269355774 -0.5643035173416138 -64.3818359375
*2 -0.33624327182769775 0.9411946535110474 0.03317932039499283 -12.572127342224121
*3 0.5409162044525146 0.16415658593177795 0.8249003291130066 -1052.3492431640625
*1 0.786078929901123 0.2954152524471283 -0.5429565906524658 -72.21171569824219
*1 0.786078929901123 0.2954152524471283 -0.5429565906524658 -72.21171569824219
*2 -0.3409694731235504 0.9399108290672302 0.017756691202521324 -16.461240768432617
*1 0.786078929901123 0.2954152524471283 -0.5429565906524658 -72.21171569824219
*2 -0.3409694731235504 0.9399108290672302 0.017756691202521324 -16.461240768432617
*3 0.5155750513076782 0.1711660474538803 0.839573085308075 -1049.003173828125
*1 0.7922190427780151 0.28886356949806213 -0.5375303626060486 -77.31156921386719
*1 0.7922190427780151 0.28886356949806213 -0.5375303626060486 -77.31156921386719
*2 -0.3439001739025116 0.9390077590942383 -0.0022195279598236084 -20.405744552612305
*1 0.7922190427780151 0.28886356949806213 -0.5375303626060486 -77.31156921386719
*2 -0.3439001739025116 0.9390077590942383 -0.0022195279598236084 -20.405744552612305
*3 0.5041027665138245 0.1866077184677124 0.8432416319847107 -1040.57275390625
*1 0.80229252576828 0.2748764753341675 -0.5298694968223572 -81.07815551757813
*1 0.80229252576828 0.2748764753341675 -0.5298694968223572 -81.07815551757813
*2 -0.3354598879814148 0.941860556602478 -0.019317183643579483 -26.339214324951172
*1 0.80229252576828 0.2748764753341675 -0.5298694968223572 -81.07815551757813
*2 -0.3354598879814148 0.941860556602478 -0.019317183643579483 -26.339214324951172
*3 0.49375200271606445 0.19324062764644623 0.8478593826293945 -1039.947021484375
*1 0.8059729933738708 0.2632775604724884 -0.5301740169525146 -83.01083374023438
*1 0.8059729933738708 0.2632775604724884 -0.5301740169525146 -83.01083374023438
*2 -0.3221481740474701 0.9464882016181946 -0.019705889746546745 -33.297149658203125
*1 0.8059729933738708 0.2632775604724884 -0.5301740169525146 -83.01083374023438
*2 -0.3221481740474701 0.9464882016181946 -0.019705889746546745 -33.297149658203125
*3 0.49661391973495483 0.18666964769363403 0.8476600646972656 -1033.3875732421875
*1 0.8089727163314819 0.2557135224342346 -0.5293068885803223 -84.72644805908203
*1 0.8089727163314819 0.2557135224342346 -0.5293068885803223 -84.72644805908203
*2 -0.31011831760406494 0.9505881071090698 -0.014722965657711029 -39.56813430786133
*1 0.8089727163314819 0.2557135224342346 -0.5293068885803223 -84.72644805908203
*2 -0.31011831760406494 0.9505881071090698 -0.014722965657711029 -39.56813430786133
*3 0.49938639998435974 0.17605090141296387 0.8483029007911682 -1030.9677734375
*1 0.8038415312767029 0.24151533842086792 -0.5436002016067505 -85.40737915039063
*1 0.8038415312767029 0.24151533842086792 -0.5436002016067505 -85.40737915039063
*2 -0.2939704656600952 0.9557657241821289 -0.010057978332042694 -43.01253890991211
*1 0.8038415312767029 0.24151533842086792 -0.5436002016067505 -85.40737915039063
*2 -0.2939704656600952 0.9557657241821289 -0.010057978332042694 -43.01253890991211
*3 0.5171236395835876 0.1678800880908966 0.8392841219902039 -1015.1321411132813
*1 0.8065888285636902 0.23503901064395905 -0.5423681139945984 -87.30953216552734
*1 0.8065888285636902 0.23503901064395905 -0.5423681139945984 -87.30953216552734
*2 -0.28860896825790405 0.9573439955711365 -0.01432515773922205 -45.4090461730957
*1 0.8065888285636902 0.23503901064395905 -0.5423681139945984 -87.30953216552734
*2 -0.28860896825790405 0.9573439955711365 -0.01432515773922205 -45.4090461730957
*3 0.5158641934394836 0.1680794656276703 0.8400189280509949 -1013.5134887695313
*1 0.8122404217720032 0.21759547293186188 -0.5412113666534424 -89.41038513183594
*1 0.8122404217720032 0.21759547293186188 -0.5412113666534424 -89.41038513183594
*2 -0.27605852484703064 0.9607363343238831 -0.028025981038808823 -47.893985748291016
*1 0.8122404217720032 0.21759547293186188 -0.5412113666534424 -89.41038513183594
*2 -0.27605852484703064 0.9607363343238831 -0.028025981038808823 -47.893985748291016
*3 0.5138612985610962 0.17216256260871887 0.840419590473175 -1011.5164184570313
*1 0.822127640247345 0.21010419726371765 -0.5291071534156799 -91.58572387695313
*1 0.822127640247345 0.21010419726371765 -0.5291071534156799 -91.58572387695313
*2 -0.266872763633728 0.9631986618041992 -0.03217757120728493 -52.560394287109375
*1 0.822127640247345 0.21010419726371765 -0.5291071534156799 -91.58572387695313
*2 -0.266872763633728 0.9631986618041992 -0.03217757120728493 -52.560394287109375
*3 0.5028727650642395 0.16765110194683075 0.8479448556900024 -1016.3563842773438
*1 0.8150258660316467 0.19900132715702057 -0.5441721677780151 -92.30583953857422
*1 0.8150258660316467 0.19900132715702057 -0.5441721677780151 -92.30583953857422
*2 -0.2579343020915985 0.9655963778495789 -0.033192023634910583 -56.259605407714844
*1 0.8150258660316467 0.19900132715702057 -0.5441721677780151 -92.30583953857422
*2 -0.2579343020915985 0.9655963778495789 -0.033192023634910583 -56.259605407714844
*3 0.518843412399292 0.16740581393241882 0.8383168578147888 -1000.9019165039063
*1 0.8193707466125488 0.1935330033302307 -0.5396003127098083 -94.1310043334961
*1 0.8193707466125488 0.1935330033302307 -0.5396003127098083 -94.1310043334961
*2 -0.250230073928833 0.9676311612129211 -0.03290706127882004 -57.02789306640625
*1 0.8193707466125488 0.1935330033302307 -0.5396003127098083 -94.1310043334961
*2 -0.250230073928833 0.9676311612129211 -0.03290706127882004 -57.02789306640625
*3 0.5157634615898132 0.16198013722896576 0.841278076171875 -999.41796875
*1 0.8243601322174072 0.18928664922714233 -0.5334724187850952 -96.5749282836914
*1 0.8243601322174072 0.18928664922714233 -0.5334724187850952 -96.5749282836914
*2 -0.24772025644779205 0.9680382013320923 -0.03930479660630226 -54.63612747192383
*1 0.8243601322174072 0.18928664922714233 -0.5334724187850952 -96.5749282836914
*2 -0.24772025644779205 0.9680382013320923 -0.03930479660630226 -54.63612747192383
*3 0.5089797377586365 0.16454605758190155 0.844903826713562 -1003.4895629882813
*1 0.8315796256065369 0.18957436084747314 -0.5220428109169006 -99.32495880126953
*1 0.8315796256065369 0.18957436084747314 -0.5220428109169006 -99.32495880126953
*2 -0.2487405687570572 0.9675346612930298 -0.04486585408449173 -50.34613800048828
*1 0.8315796256065369 0.18957436084747314 -0.5220428109169006 -99.32495880126953
*2 -0.2487405687570572 0.9675346612930298 -0.04486585408449173 -50.34613800048828
*3 0.49658697843551636 0.16715559363365173 0.8517385721206665 -1011.5267944335938
*1 0.839708149433136 0.1953437775373459 -0.5066781640052795 -101.23056030273438
*1 0.839708149433136 0.1953437775373459 -0.5066781640052795 -101.23056030273438
*2 -0.25572410225868225 0.9653756618499756 -0.05160585045814514 -43.66670227050781
*1 0.839708149433136 0.1953437775373459 -0.5066781640052795 -101.23056030273438
*2 -0.25572410225868225 0.9653756618499756 -0.05160585045814514 -43.66670227050781
*3 0.479051798582077 0.17289650440216064 0.8605895638465881 -1016.6785888671875
*1 0.8368123769760132 0.19474221765995026 -0.5116758346557617 -101.83003234863281
*1 0.8368123769760132 0.19474221765995026 -0.5116758346557617 -101.83003234863281
*2 -0.2651311755180359 0.9618498086929321 -0.06751607358455658 -34.96550750732422
*1 0.8368123769760132 0.19474221765995026 -0.5116758346557617 -101.83003234863281
*2 -0.2651311755180359 0.9618498086929321 -0.06751607358455658 -34.96550750732422
*3 0.4790051281452179 0.19215235114097595 0.8565219044685364 -1012.2225341796875
*1 0.826834499835968 0.20661166310310364 -0.5231136083602905 -100.82440948486328
*1 0.826834499835968 0.20661166310310364 -0.5231136083602905 -100.82440948486328
*2 -0.27956798672676086 0.9580287933349609 -0.06348633766174316 -28.14471435546875
*1 0.826834499835968 0.20661166310310364 -0.5231136083602905 -100.82440948486328
*2 -0.27956798672676086 0.9580287933349609 -0.06348633766174316 -28.14471435546875
*3 0.4880391061306 0.19873134791851044 0.8498952388763428 -996.7813110351563
*1 0.8224235773086548 0.22170384228229523 -0.5238878130912781 -99.84304809570313
*1 0.8224235773086548 0.22170384228229523 -0.5238878130912781 -99.84304809570313
*2 -0.29345983266830444 0.95428466796875 -0.05683228000998497 -24.120004653930664
*1 0.8224235773086548 0.22170384228229523 -0.5238878130912781 -99.84304809570313
*2 -0.29345983266830444 0.95428466796875 -0.05683228000998497 -24.120004653930664
*3 0.48733654618263245 0.20047302544116974 0.84988933801651 -993.6913452148438
*1 0.8208818435668945 0.24374714493751526 -0.5164609551429749 -98.24337768554688
*1 0.8208818435668945 0.24374714493751526 -0.5164609551429749 -98.24337768554688
*2 -0.3109661340713501 0.9493005275726318 -0.04622066766023636 -20.704185485839844
*1 0.8208818435668945 0.24374714493751526 -0.5164609551429749 -98.24337768554688
*2 -0.3109661340713501 0.9493005275726318 -0.04622066766023636 -20.704185485839844
*3 0.4790090322494507 0.19853630661964417 0.8550625443458557 -1002.7489013671875
*1 0.8225266933441162 0.25741907954216003 -0.5071260929107666 -94.31967163085938
*1 0.8225266933441162 0.25741907954216003 -0.5071260929107666 -94.31967163085938
*2 -0.32651370763778687 0.9438480734825134 -0.05047197267413139 -16.182098388671875
*1 0.8225266933441162 0.25741907954216003 -0.5071260929107666 -94.31967163085938
*2 -0.32651370763778687 0.9438480734825134 -0.05047197267413139 -16.182098388671875
*3 0.46565619111061096 0.20709089934825897 0.8603929877281189 -1018.5775756835938
*1 0.8214783072471619 0.2749805450439453 -0.499550461769104 -86.57244873046875
*1 0.8214783072471619 0.2749805450439453 -0.499550461769104 -86.57244873046875
*2 -0.3489830195903778 0.9352715015411377 -0.05904196575284004 -8.289680480957031
*1 0.8214783072471619 0.2749805450439453 -0.499550461769104 -86.57244873046875
*2 -0.3489830195903778 0.9352715015411377 -0.05904196575284004 -8.289680480957031
*3 0.45097866654396057 0.22282899916172028 0.8642707467079163 -1046.945556640625
*1 0.8171280026435852 0.2894154489040375 -0.49852997064590454 -73.42633056640625
*1 0.8171280026435852 0.2894154489040375 -0.49852997064590454 -73.42633056640625
*2 -0.3721829056739807 0.925300121307373 -0.07285171002149582 3.598214626312256
*1 0.8171280026435852 0.2894154489040375 -0.49852997064590454 -73.42633056640625
*2 -0.3721829056739807 0.925300121307373 -0.07285171002149582 3.598214626312256
*3 0.4402044117450714 0.24506615102291107 0.8638063073158264 -1066.214111328125
*1 0.8158931732177734 0.29709190130233765 -0.49603044986724854 -55.31624984741211
*1 0.8158931732177734 0.29709190130233765 -0.49603044986724854 -55.31624984741211
*2 -0.381564199924469 0.9212300181388855 -0.07584118098020554 17.23415184020996
*1 0.8158931732177734 0.29709190130233765 -0.49603044986724854 -55.31624984741211
*2 -0.381564199924469 0.9212300181388855 -0.07584118098020554 17.23415184020996
*3 0.43442535400390625 0.25113844871520996 0.8649871349334717 -1079.1710205078125
*1 0.8086429834365845 0.3133420944213867 -0.4979003369808197 -34.96333694458008
*1 0.8086429834365845 0.3133420944213867 -0.4979003369808197 -34.96333694458008
*2 -0.38679665327072144 0.9208850860595703 -0.04864862933754921 29.536691665649414
*1 0.8086429834365845 0.3133420944213867 -0.4979003369808197 -34.96333694458008
*2 -0.38679665327072144 0.9208850860595703 -0.04864862933754921 29.536691665649414
*3 0.4432644844055176 0.23191817104816437 0.8658690452575684 -1081.361572265625
*1 0.8076304197311401 0.3131276071071625 -0.49967557191848755 -12.734212875366211
*1 0.8076304197311401 0.3131276071071625 -0.49967557191848755 -12.734212875366211
*2 -0.39987173676490784 0.9136005640029907 -0.0737856775522232 42.08050537109375
*1 0.8076304197311401 0.3131276071071625 -0.49967557191848755 -12.734212875366211
*2 -0.39987173676490784 0.9136005640029907 -0.0737856775522232 42.08050537109375
*3 0.4333987832069397 0.25939038395881653 0.8630647659301758 -1090.428955078125
*1 0.8185887932777405 0.31516003608703613 -0.4801853895187378 11.696231842041016
*1 0.8185887932777405 0.31516003608703613 -0.4801853895187378 11.696231842041016
*2 -0.40134376287460327 0.911918044090271 -0.08565283566713333 57.24528884887695
*1 0.8185887932777405 0.31516003608703613 -0.4801853895187378 11.696231842041016
*2 -0.40134376287460327 0.911918044090271 -0.08565283566713333 57.24528884887695
*3 0.41089463233947754 0.262826532125473 0.8729757070541382 -1105.6754150390625
*1 0.8335699439048767 0.33217328786849976 -0.44137686491012573 36.653377532958984
*1 0.8335699439048767 0.33217328786849976 -0.44137686491012573 36.653377532958984
*2 -0.4227215647697449 0.8979398608207703 -0.12254869937896729 74.7799301147461
*1 0.8335699439048767 0.33217328786849976 -0.44137686491012573 36.653377532958984
*2 -0.4227215647697449 0.8979398608207703 -0.12254869937896729 74.7799301147461
*3 0.35562193393707275 0.2887251675128937 0.8889148831367493 -1114.8525390625
*1 0.8140683174133301 0.30533111095428467 -0.49402135610580444 57.210914611816406
*1 0.8140683174133301 0.30533111095428467 -0.49402135610580444 57.210914611816406
*2 -0.43328744173049927 0.885738730430603 -0.16654306650161743 88.00279235839844
*1 0.8140683174133301 0.30533111095428467 -0.49402135610580444 57.210914611816406
*2 -0.43328744173049927 0.885738730430603 -0.16654306650161743 88.00279235839844
*3 0.3867226839065552 0.3496236503124237 0.8533509373664856 -1076.2183837890625
*1 0.8567155003547668 0.29966530203819275 -0.4197982847690582 75.7701644897461
*1 0.8567155003547668 0.29966530203819275 -0.4197982847690582 75.7701644897461
*2 -0.42412346601486206 0.872473418712616 -0.24272863566875458 106.00782012939453
*1 0.8567155003547668 0.29966530203819275 -0.4197982847690582 75.7701644897461
*2 -0.42412346601486206 0.872473418712616 -0.24272863566875458 106.00782012939453
*3 0.293524831533432 0.3859888017177582 0.8745598196983337 -1080.120361328125
*1 0.8971495032310486 0.2721594274044037 -0.34791299700737 89.84986877441406
*1 0.8971495032310486 0.2721594274044037 -0.34791299700737 89.84986877441406
*2 -0.4007784128189087 0.8327210545539856 -0.3820473849773407 127.88391876220703
*1 0.8971495032310486 0.2721594274044037 -0.34791299700737 89.84986877441406
*2 -0.4007784128189087 0.8327210545539856 -0.3820473849773407 127.88391876220703
*3 0.18573574721813202 0.4821830689907074 0.8561546802520752 -1072.9793701171875
*1 0.8783748745918274 0.27447745203971863 -0.3912944495677948 97.02703857421875
*1 0.8783748745918274 0.27447745203971863 -0.3912944495677948 97.02703857421875
*2 -0.4148051142692566 0.8445088863372803 -0.3387467563152313 150.1270294189453
*1 0.8783748745918274 0.27447745203971863 -0.3912944495677948 97.02703857421875
*2 -0.4148051142692566 0.8445088863372803 -0.3387467563152313 150.1270294189453
*3 0.2374725490808487 0.45985090732574463 0.8556535840034485 -1056.500732421875
*1 0.8379929661750793 0.2908836901187897 -0.4616777002811432 95.66261291503906
*1 0.8379929661750793 0.2908836901187897 -0.4616777002811432 95.66261291503906
*2 -0.3935767412185669 0.9082434773445129 -0.1421234905719757 167.2805633544922
*1 0.8379929661750793 0.2908836901187897 -0.4616777002811432 95.66261291503906
*2 -0.3935767412185669 0.9082434773445129 -0.1421234905719757 167.2805633544922
*3 0.37797361612319946 0.3007969260215759 0.87558913230896 -1043.698974609375
*1 0.7888503074645996 0.2837217450141907 -0.545168936252594 84.97846221923828
*1 0.7888503074645996 0.2837217450141907 -0.545168936252594 84.97846221923828
*2 -0.37972143292427063 0.9225026965141296 -0.06934195011854172 178.54981994628906
*1 0.7888503074645996 0.2837217450141907 -0.545168936252594 84.97846221923828
*2 -0.37972143292427063 0.9225026965141296 -0.06934195011854172 178.54981994628906
*3 0.48324525356292725 0.2617054283618927 0.8354540467262268 -1024.8800048828125
*1 0.7751235365867615 0.27021726965904236 -0.5711025595664978 69.73411560058594
*1 0.7751235365867615 0.27021726965904236 -0.5711025595664978 69.73411560058594
*2 -0.35628199577331543 0.9334431886672974 -0.04189065843820572 191.3416290283203
*1 0.7751235365867615 0.27021726965904236 -0.5711025595664978 69.73411560058594
*2 -0.35628199577331543 0.9334431886672974 -0.04189065843820572 191.3416290283203
*3 0.5217713713645935 0.23593665659427643 0.81980961561203 -1023.1591796875
*1 0.7662238478660583 0.24836242198944092 -0.5926289558410645 50.66986083984375
*1 0.7662238478660583 0.24836242198944092 -0.5926289558410645 50.66986083984375
*2 -0.3312543034553528 0.9429652094841003 -0.03309259191155434 203.5994873046875
*1 0.7662238478660583 0.24836242198944092 -0.5926289558410645 50.66986083984375
*2 -0.3312543034553528 0.9429652094841003 -0.03309259191155434 203.5994873046875
*3 0.5506085157394409 0.22165992856025696 0.8047958612442017 -1018.6573486328125
*1 0.7913201451301575 0.22185118496418 -0.5697247982025146 30.39583396911621
*1 0.7913201451301575 0.22185118496418 -0.5697247982025146 30.39583396911621
*2 -0.30702832341194153 0.9500262141227722 -0.05649581551551819 207.58580017089844
*1 0.7913201451301575 0.22185118496418 -0.5697247982025146 30.39583396911621
*2 -0.30702832341194153 0.9500262141227722 -0.05649581551551819 207.58580017089844
*3 0.5287185311317444 0.21962064504623413 0.8198918700218201 -1011.7442626953125
*1 0.8764026165008545 0.18727852404117584 -0.44366326928138733 11.196311950683594
*1 0.8764026165008545 0.18727852404117584 -0.44366326928138733 11.196311950683594
*2 -0.27707719802856445 0.9496232271194458 -0.14646460115909576 213.83880615234375
*1 0.8764026165008545 0.18727852404117584 -0.44366326928138733 11.196311950683594
*2 -0.27707719802856445 0.9496232271194458 -0.14646460115909576 213.83880615234375
*3 0.39388152956962585 0.25128376483917236 0.8841453790664673 -1088.73583984375
*1 0.9171517491340637 0.16967418789863586 -0.3606039583683014 -8.964766502380371
*1 0.9171517491340637 0.16967418789863586 -0.3606039583683014 -8.964766502380371
*2 -0.24444709718227386 0.9541550874710083 -0.1727476269006729 201.52520751953125
*1 0.9171517491340637 0.16967418789863586 -0.3606039583683014 -8.964766502380371
*2 -0.24444709718227386 0.9541550874710083 -0.1727476269006729 201.52520751953125
*3 0.31475916504859924 0.24657726287841797 0.9165835976600647 -1113.7088623046875
*1 0.9129343032836914 0.14854557812213898 -0.3801014721393585 -27.14731788635254
*1 0.9129343032836914 0.14854557812213898 -0.3801014721393585 -27.14731788635254
*2 -0.2158062756061554 0.9662505984306335 -0.14069552719593048 183.27476501464844
*1 0.9129343032836914 0.14854557812213898 -0.3801014721393585 -27.14731788635254
*2 -0.2158062756061554 0.9662505984306335 -0.14069552719593048 183.27476501464844
*3 0.3463713824748993 0.21046695113182068 0.9141824841499329 -1107.025634765625
*1 0.8842467069625854 0.1255514919757843 -0.44981849193573 -43.79137420654297
*1 0.8842467069625854 0.1255514919757843 -0.44981849193573 -43.79137420654297
*2 -0.2010987102985382 0.9716833233833313 -0.1240910217165947 168.58045959472656
*1 0.8842467069625854 0.1255514919757843 -0.44981849193573 -43.79137420654297
*2 -0.2010987102985382 0.9716833233833313 -0.1240910217165947 168.58045959472656
*3 0.4214991331100464 0.20017793774604797 0.8844582438468933 -1082.1201171875
*1 0.8816599249839783 0.10640662908554077 -0.4597233235836029 -62.557464599609375
*1 0.8816599249839783 0.10640662908554077 -0.4597233235836029 -62.557464599609375
*2 -0.162551149725914 0.9831066131591797 -0.08418023586273193 162.61395263671875
*1 0.8816599249839783 0.10640662908554077 -0.4597233235836029 -62.557464599609375
*2 -0.162551149725914 0.9831066131591797 -0.08418023586273193 162.61395263671875
*3 0.4429972171783447 0.1489398330450058 0.8840641379356384 -1090.5904541015625
*1 0.8886884450912476 0.09422160685062408 -0.4487174451351166 -81.8975830078125
*1 0.8886884450912476 0.09422160685062408 -0.4487174451351166 -81.8975830078125
*2 -0.14612352848052979 0.9858343601226807 -0.08237975090742111 156.61679077148438
*1 0.8886884450912476 0.09422160685062408 -0.4487174451351166 -81.8975830078125
*2 -0.14612352848052979 0.9858343601226807 -0.08237975090742111 156.61679077148438
*3 0.4345965087413788 0.13877108693122864 0.8898693919181824 -1099.836669921875
*1 0.8845130801200867 0.08394839614629745 -0.45889151096343994 -102.96739959716797
*1 0.8845130801200867 0.08394839614629745 -0.45889151096343994 -102.96739959716797
*2 -0.1422463357448578 0.9853708148002625 -0.09390513598918915 150.08436584472656
*1 0.8845130801200867 0.08394839614629745 -0.45889151096343994 -102.96739959716797
*2 -0.1422463357448578 0.9853708148002625 -0.09390513598918915 150.08436584472656
*3 0.44429248571395874 0.148328959941864 0.8835167288780212 -1110.3580322265625
*1 0.8909780979156494 0.06880254298448563 -0.448794424533844 -126.55973052978516
*1 0.8909780979156494 0.06880254298448563 -0.448794424533844 -126.55973052978516
*2 -0.11945319920778275 0.9891563057899475 -0.08549024164676666 143.52699279785156
*1 0.8909780979156494 0.06880254298448563 -0.448794424533844 -126.55973052978516
*2 -0.11945319920778275 0.9891563057899475 -0.08549024164676666 143.52699279785156
*3 0.43804308772087097 0.12977288663387299 0.8895371556282043 -1125.364501953125
*1 0.8801528811454773 0.06698740273714066 -0.4699317514896393 -149.8739471435547
*1 0.8801528811454773 0.06698740273714066 -0.4699317514896393 -149.8739471435547
*2 -0.11557725071907043 0.9904463887214661 -0.07527055591344833 135.31161499023438
*1 0.8801528811454773 0.06698740273714066 -0.4699317514896393 -149.8739471435547
*2 -0.11557725071907043 0.9904463887214661 -0.07527055591344833 135.31161499023438
*3 0.46039721369743347 0.12055603414773941 0.8794883489608765 -1123.0770263671875
*1 0.8871049284934998 0.06375107914209366 -0.45713546872138977 -172.90350341796875
*1 0.8871049284934998 0.06375107914209366 -0.45713546872138977 -172.90350341796875
*2 -0.10181055217981339 0.9930525422096252 -0.059068500995635986 128.37451171875
*1 0.8871049284934998 0.06375107914209366 -0.45713546872138977 -172.90350341796875
*2 -0.10181055217981339 0.9930525422096252 -0.059068500995635986 128.37451171875
*3 0.450190931558609 0.09893420338630676 0.8874341249465942 -1120.306396484375
*1 0.90053790807724 0.04699684679508209 -0.43222105503082275 -192.49974060058594
*1 0.90053790807724 0.04699684679508209 -0.43222105503082275 -192.49974060058594
*2 -0.08788460493087769 0.9933004379272461 -0.0750894844532013 123.6946792602539
*1 0.90053790807724 0.04699684679508209 -0.43222105503082275 -192.49974060058594
*2 -0.08788460493087769 0.9933004379272461 -0.0750894844532013 123.6946792602539
*3 0.425793319940567 0.10559958219528198 0.8986366987228394 -1107.486572265625
*1 0.9238106608390808 0.031537819653749466 -0.38153842091560364 -213.43087768554688
*1 0.9238106608390808 0.031537819653749466 -0.38153842091560364 -213.43087768554688
*2 -0.07625019550323486 0.9917973279953003 -0.10262514650821686 126.9156723022461
*1 0.9238106608390808 0.031537819653749466 -0.38153842091560364 -213.43087768554688
*2 -0.07625019550323486 0.9917973279953003 -0.10262514650821686 126.9156723022461
*3 0.37516897916793823 0.12389171123504639 0.9186393618583679 -1124.0050048828125
*1 0.959784209728241 0.03569852560758591 -0.2784457802772522 -235.8046112060547
*1 0.959784209728241 0.03569852560758591 -0.2784457802772522 -235.8046112060547
*2 -0.07025972753763199 0.9908674359321594 -0.11512289196252823 136.7794952392578
*1 0.959784209728241 0.03569852560758591 -0.2784457802772522 -235.8046112060547
*2 -0.07025972753763199 0.9908674359321594 -0.11512289196252823 136.7794952392578
*3 0.2717897593975067 0.13004978001117706 0.9535284638404846 -1159.8040771484375
*1 0.9695109128952026 0.03236684203147888 -0.2428852617740631 -248.798828125
*1 0.9695109128952026 0.03236684203147888 -0.2428852617740631 -248.798828125
*2 -0.06282347440719604 0.9909459352493286 -0.11869005858898163 143.5968475341797
*1 0.9695109128952026 0.03236684203147888 -0.2428852617740631 -248.798828125
*2 -0.06282347440719604 0.9909459352493286 -0.11869005858898163 143.5968475341797
*3 0.236841082572937 0.13032333552837372 0.962767481803894 -1160.77685546875
*1 0.9656656980514526 0.023428555577993393 -0.2587141692638397 -255.2599334716797
*1 0.9656656980514526 0.023428555577993393 -0.2587141692638397 -255.2599334716797
*2 -0.05408770218491554 0.9922382831573486 -0.11200688034296036 143.75827026367188
