#
#
#
#
#
#
#
#
#
#
#
#
#
#
#
#
#
#
#
#
#
#
#
#
#
#
#
#
#
#
#
#
#
#
#
#
#
#
#
#
#
#
#
#
#
#
#
#
#
#
#
#
#
#
#
#
#
#
#
#
#
#
#
#
#
#
#
#
#
#
#
#
#
#
#
#
#
#
#
#
#
#
#
#
#
#
#
#
#
#
#
#
#
#
#
#
#
#
#
#
#
#
#
#
#
#
#
#
#
#
#
#
#
#
#
#
#
#
#
#
#
#
#
#
#
#
#
#
#
#
#
#
#
#
#
#
#
#
#
#
#
#
#
#
#
#
#
#
#
#
#
#
#
#
#
#
#
#
#
#
#
#
#
#
#
#
#
#
#
#
#
#
#
#
#
#
#
#
#
#
#
#
#
#
#
#
#
#
#
#
#
#
#
#
#
#
#
#
#
#
#
#
#
#
#
#
#
#
#
#
#
#
#
#
#
#
#
#
#
#
#
#
#
#
#
#
#
#
#
#
#
#
#
#
#
#
#
#
#
#
#
#
#
#
#
#
#
#
#
#
#
#
#
#
#
#
#
#
#
#
#
#
#
#
#
#
#
#
#
#
#
#
#
#
#
#
#
#
#
#
#
#
#
#
#
#
#
#
#
#
#
#
#
#
#
#
#
#
#
#
#
#
#
#
#
#
#
#
#
#
#
#
#
#
#
#
#
#
#
#
#
#
#
#
#
#
#
#
#
#
#
#
#
#
#
#
#
#
#
#
#
#
#
#
#
#
#
#
#
#
#
#
#
#
#
#
#
#
#
#
#
#
#
#
#
#
#
#
#
#
#
#
#
#
#
#
#
#
#
#
#
#
#
#
#
#
#
#
#
#
#
#
#
#
#
#
#
#
#
#
#
#
#
#
#
#
#
#
#
#
#
#
#
#
#
#
#
#
#
#
#
#
#
#
#
#
#
#
#
#
#
#
#
#
#
#
#
#
#
#
#
#
#
#
#
#
#
#
#
#
#
#
#
#
#
#
#
#
#
#
#
#
#
#
#
#
#
#
#
#
#
#
#
#
#
#
#
#
#
#
#
#
#
#
#
#
#
#
#
#
#
#
#
#
#
#
#
#
#
#
#
#
#
#
#
#
#
#
#
#
#
#
#
#
#
#
#
#
#
#
#
#
#
#
#
#
#
#
#
#
#
#
#
#
#
#
#
#
#
#
#
#
#
#
#
#
#
#
#
#
#
#
#
#
#
#
#
#
#
#
#
#
#
#
#
#
#
#
#
#
#
#
#
#
#
#
#
#
#
#
#
#
#
#
#
#
#
#
#
#
#
#
#
#
#
#
#
#
#
#
#
#
#
#
#
#
#
#
#
#
#
#
#
#
#
#
#
#
#
#
#
#
#
#
#
#
#
#
#
#
#
#
#
#
#
#
#
#
#
#
#
#
#
#
#
#
#
#
#
#
#
#
#
#
#
#
#
#
#
#
#
#
#
#
#
#
#
#
#
#
#
#
#
#
#
#
#
#
#
#
#
#
#
#
#
#
#
#
#
#
#
#
#
#
#
#
#
#
#
#
#
#
#
#
#
#
#
#
#
#
#
#
#
#
#
#
#
#
#
#
#
#
#
#
#
#
#
#
#
#
#
#
#
#
#
#
#
#
#
#
#
#
#
#
#
#
#
#
#
#
#
#
#
#
#
#
#
#
#
#
#
#
#
#
#
#
#
#
#
#
#
#
#
#
#
#
#
#
#
#
#
#
#
#
#
#
#
#
#
#
#
#
#
#
#
#
#
#
#
#
#
#
#
#
#
#
#
#
#
#
#
#
#
#
#
#
#
#
#
#
#
#
#
#
#
#
#
#
#
#
#
#
#
#
#
#
#
#
#
#
#
#
#
#
#
#
#
#
#
#
#
#
#
#
#
#
#
#
#
#
#
#
#
#
#
#
#
#
#
#
#
#
#
#
#
#
#
#
#
#
#
#
#
#
#
#
#
#
#
#
#
#
#
#
#
#
#
#
#
#
#
#
#
#
#
#
#
#
#
#
#
#
#
#
#
#
#
#
#
#
#
#
#
#
#
#
#
#
#
#
#
#
#
#
#
#
#
#
#
#
#
#
#
#
#
#
#
#
#
#
#
#
#
#
#
#
#
#
#
#
#
#
#
#
#
#
#
#
#
#
#
#
#
#
#
#
#
#
#
#
#
#
#
#
#
#
#
#
#
#
#
#
#
#
#
#
#
#
#
#
#
#
#
#
#
#
#
#
#
#
#
#
#
#
#
#
#
#
#
#
#
#
#
#
#
#
#
#
#
#
#
#
#
#
#
#
#
#
#
#
#
#
#
#
#
#
#
#
#
#
#
#
#
#
#
#
#
#
#
#
#
#
#
#
#
#
#
#
#
#
#
#
#
#
#
#
#
#
#
#
#
#
#
#
#
#
#
#
#
#
#
#
#
#
#
#
#
#
#
#
#
#
#
#
#
#
#
#
#
#
#
#
#
#
#
#
#
#
#
#
#
#
#
#
#
#
#
#
#
#
#
#
#
#
#
#
#
#
#
#
#
#
#
#
#
#
#
#
#
#
#
#
#
#
#
#
#
#
#
#
#
#
#
#
#
#
#
#
#
#
#
#
#
#
#
#
#
#
#
#
#
#
#
#
#
#
#
#
#
#
#
#
#
#
#
#
#
#
#
#
#
#
#
#
#
#
#
#
#
#
#
#
#
#
#
#
#
#
#
#
#
#
#
#
#
#
#
#
#
#
#
#
#
#
#
#
#
#
#
#
#
#
#
#
#
#
#
#
#
#
#
#
#
#
#
#
#
#
#
#
#
#
#
#
#
#
#
#
#
#
#
#
#
#
#
#
#
#
#
#
#
#
#
#
#
#
#
#
#
#
#
#
#
#
#
#
#
#
#
#
#
#
#
#
#
#
#
#
#
#
#
#
#
#
#
#
#
#
#
#
#
#
#
#
#
#
#
#
#
#
#
#
#
#
#
#
#
#
#
#
#
#
#
#
#
#
#
#
#
#
#
#
#
#
#
#
#
#
#
#
#
#
#
#
#
#
#
#
#
#
#
#
#
#
#
#
#
#
#
#
#
#
#
#
#
#
#
#
#
#
#
#
#
#
#
#
#
#
#
#
#
#
#
#
#
#
#
#
#
#
#
#
#
#
#
#
#
#
#
#
#
#
#
#
#
#
#
#
#
#
#
#
#
#
#
#
#
#
#
#
#
#
#
#
#
#
#
#
#
#
#
#
#
#
#
#
#
#
#
#
#
#
#
#
#
#
#
#
#
#
#
#
#
#
#
#
#
#
#
#
#
#
#
#
#
#
#
#
#
#
#
#
#
#
#
#
#
#
#
#
#
#
#
#
#
#
#
#
#
#
#
#
#
#
#
#
#
#
#
#
#
#
#
#
#
#
#
#
#
#
#
#
#
#
#
#
#
#
#
#
#
#
#
#
#
#
#
#
#
#
#
#
#
#
#
#
#
#
#
#
#
#
#
#
#
#
#
#
#
#
#
#
#
#
#
#
#
#
#
#
#
#
#
#
#
#
#
#
#
#
#
#
#
#
#
#
#
#
#
#
#
#
#
#
#
#
#
#
#
#
#
#
#
#
#
#
#
#
#
#
#
#
#
#
#
#
#
#
#
#
#
#
#
#
#
#
#
#
#
#
#
#
#
#
#
#
#
#
#
#
#
#
#
#
#
#
#
#
#
#
#
#
#
#
#
#
#
#
#
#
#
#
#
#
#
#
#
#
#
#
#
#
#
#
#
#
#
#
#
#
#
#
#
#
#
#
#
#
#
#
#
#
#
#
#
#
#
#
#
#
#
#
#
#
#
#
#
#
#
#
#
#
#
#
#
#
#
#
#
#
#
#
#
#
#
#
#
#
#
#
#
#
#
#
#
#
#
#
#
#
#
#
#
#
#
#
#
#
#
#
#
#
#
#
#
#
#
#
#
#
#
#
#
#
#
#
#
#
#
#
#
#
#
#
#
#
#
#
#
#
#
#
#
#
#
#
#
#
#
#
#
#
#
#
#
#
#
#
#
#
#
#
#
#
#
#
#
#
#
#
#
#
#
#
#
#
#
#
#
#
#
#
#
#
#
#
#
#
#
#
#
#
#
#
#
#
#
#
#
#
#
#
#
#
#
#
#
#
#
#
#
#
#
#
#
#
#
#
#
#
#
#
#
#
#
#
#
#
#
#
#
#
#
#
#
#
#
#
#
#
#
#
#
#
#
#
#
#
#
#
#
#
#
#
#
#
#
#
#
#
#
#
#
#
#
#
#
#
#
#
#
#
#
#
#
#
#
#
#
#
#
#
#
#
#
#
#
#
#
#
#
#
#
#
#
#
#
#
#
#
#
#
#
#
#
#
#
#
#
#
#
#
#
#
#
#
#
#
#
#
#
#
#
#
#
#
#
#
#
#
#
#
#
#
#
#
#
#
#
#
#
#
#
#
#
#
#
#
#
#
#
#
#
#
#
#
#
#
#
#
#
#
#
#
#
#
#
#
#
#
#
#
#
#
#
#
#
#
#
#
#
#
#
#
#
#
#
#
#
#
*1 0.9151530265808105 -0.12980371713638306 0.3816361427307129 -206.36268615722656
*2 -0.05290907621383667 0.8998765349388123 0.4329228699207306 -64.64923858642578
*3 -0.39961889386177063 -0.41638249158859253 0.8166578412055969 -630.7442016601563
*1 0.7945190072059631 -0.024204455316066742 0.606756865978241 -188.10198974609375
*2 -0.053952571004629135 0.9924409985542297 0.11022478342056274 -46.607452392578125
*3 -0.6048370599746704 -0.12031138688325882 0.7872084379196167 -589.3944091796875
*1 0.7816606760025024 -0.023481033742427826 0.6232619881629944 -183.18687438964844
*2 -0.0627334862947464 0.9912649393081665 0.11600902676582336 -46.403587341308594
*3 -0.62054044008255 -0.12977874279022217 0.7733607292175293 -583.990966796875
*1 0.8051419258117676 -0.03048219345510006 0.5922983884811401 -181.43441772460938
*2 -0.0666915774345398 0.9876927733421326 0.14147429168224335 -45.698490142822266
*3 -0.5893197655677795 -0.15340787172317505 0.7932010889053345 -589.8417358398438
*1 0.9400938153266907 -0.07205071300268173 0.3332151472568512 -188.67591857910156
*2 -0.03113117441534996 0.9551919102668762 0.29434511065483093 -32.66817092895508
*3 -0.33949053287506104 -0.2870852053165436 0.8957275748252869 -627.23583984375
#
#
*1 0.9810434579849243 -0.03364253789186478 0.1908418983221054 -178.01759338378906
*2 -0.0020642466843128204 0.982953667640686 0.18384088575839996 57.8160514831543
*3 -0.19377288222312927 -0.18075235188007355 0.9642515182495117 -618.6487426757813
*1 0.9986446499824524 0.007014671340584755 -0.05155877768993378 -168.27537536621094
*2 -0.005003076512366533 0.9992176294326782 0.03922683000564575 69.2901382446289
*3 0.05179464444518089 -0.03891808167099953 0.9978993535041809 -581.189697265625
*1 0.9967046976089478 0.008571520447731018 -0.08065330237150192 -166.3421173095703
*2 -0.006970684044063091 0.9997708797454834 0.020228013396263123 73.88129425048828
*3 0.08080928027629852 -0.019601495936512947 0.9965370297431946 -574.9530029296875
*1 0.9970487356185913 0.005461614578962326 -0.07656846195459366 -165.82896423339844
*2 -0.005861547309905291 0.9999707341194153 -0.004873516503721476 78.72517395019531
*3 0.07654066383838654 0.005305615719407797 0.9970526695251465 -580.1731567382813
*1 0.997025728225708 -6.278216606006026E-4 -0.07705817371606827 -162.18695068359375
*2 0.0015016647521406412 0.9999335408210754 0.011408032849431038 78.99816131591797
*3 0.07704692333936691 -0.011492179706692696 0.9969615936279297 -582.032958984375
*1 0.9921219348907471 -0.03807321935892105 0.11934468895196915 -163.54808044433594
*2 0.0176951065659523 0.9857485294342041 0.16729077696800232 66.05094909667969
*3 -0.12401239573955536 -0.16386359930038452 0.9786573052406311 -611.1536254882813
*1 0.9900730848312378 -0.05448824539780617 0.12955646216869354 -158.98704528808594
*2 0.025395352393388748 0.975989580154419 0.21633073687553406 39.904747009277344
*3 -0.1382325291633606 -0.21089576184749603 0.9676854610443115 -613.114013671875
#
#
#
#
#
#
#
#
#
#
#
#
#
#
#
#
#
#
#
#
*1 0.9994211196899414 0.009413082152605057 0.03272540867328644 -124.15198516845703
*2 -0.0071362461894750595 0.9974801540374756 -0.07057967782020569 -133.07936096191406
*3 -0.03330846503376961 0.07030090689659119 0.9969695210456848 -588.83642578125
*1 0.9981774687767029 0.012424447573721409 0.059073254466056824 -122.77731323242188
*2 -0.007157765794545412 0.9959681630134583 -0.08941663056612015 -119.8082275390625
*3 -0.05994715914130211 0.08882644772529602 0.9942413568496704 -595.8291015625
*1 0.9995923638343811 0.014460903592407703 0.02466537058353424 -121.67073822021484
*2 -0.012024189345538616 0.9950897097587585 -0.09823928028345108 -102.38026428222656
*3 -0.025966014713048935 0.09789825230836868 0.9948574900627136 -591.6467895507813
*1 0.9999253749847412 0.002717341063544154 0.012009493075311184 -123.38639831542969
*2 -0.0026538034435361624 0.9999493360519409 -0.009667417965829372 -87.5788803100586
*3 -0.012036336585879326 0.009630506858229637 0.9998810887336731 -587.8165893554688
*1 0.9984961748123169 -0.011923592537641525 -0.05353178083896637 -124.6107406616211
*2 0.014355889521539211 0.9988250732421875 0.04627639800310135 -77.11996459960938
*3 0.05291580781340599 -0.046979546546936035 0.9974932074546814 -579.6787719726563
*1 0.9964817762374878 -0.01013168040663004 -0.08320964872837067 -124.3395767211914
*2 0.011857664212584496 0.9997106790542603 0.02090819925069809 -71.71074676513672
*3 0.08297242224216461 -0.021825579926371574 0.99631267786026 -573.6622924804688
*1 0.9953510761260986 -0.007354056928306818 -0.09604527801275253 -121.47148132324219
*2 0.00943539198487997 0.9997178316116333 0.02178250253200531 -68.10497283935547
*3 0.0958566665649414 -0.022591738030314445 0.9951386451721191 -571.5482788085938
*1 0.9968516230583191 -0.011858245357871056 -0.07841389626264572 -117.6253662109375
*2 0.012595895677804947 0.9998742341995239 0.00959067977964878 -62.91020202636719
*3 0.07828899472951889 -0.010552461259067059 0.9968748092651367 -573.7555541992188
*1 0.9968225955963135 -0.011670668609440327 -0.0788102075457573 -113.27337646484375
*2 0.01293118204921484 0.9997851252555847 0.016171634197235107 -56.9393424987793
*3 0.07860322296619415 -0.01714363507926464 0.9967584609985352 -571.9190063476563
*1 0.9975378513336182 -0.009427167475223541 -0.06951228529214859 -111.2896957397461
*2 0.01340322382748127 0.9982423782348633 0.05771910399198532 -50.2537727355957
*3 0.06884466856718063 -0.058512914925813675 0.9959098100662231 -572.6220703125
*1 0.998055636882782 -0.005902599543333054 -0.062070854008197784 -110.09081268310547
*2 0.00671893497928977 0.9998816847801208 0.01379912719130516 -44.19175338745117
*3 0.06198078393936157 -0.014193635433912277 0.9979761838912964 -571.3228149414063
*1 0.9996411800384521 0.0021271677687764168 0.026749633252620697 -112.36341857910156
*2 -0.0026556896045804024 0.9998380541801453 0.01777064986526966 -34.28329086303711
*3 -0.02670864760875702 -0.017839599400758743 0.9994838833808899 -583.5771484375
*1 0.9920752644538879 -0.0060024927370250225 -0.12551209330558777 -110.36119079589844
*2 0.008382084779441357 0.9997865557670593 0.018858684226870537 -26.963796615600586
*3 0.1253707855939865 -0.01976555958390236 0.991912841796875 -563.5795288085938
*1 0.9942677021026611 -0.0011067688465118408 -0.10692587494850159 -113.63062286376953
*2 0.0024405228905379772 0.9999141693115234 0.012835029512643814 -26.115821838378906
*3 0.10690122842788696 -0.013026703149080276 0.9941840767860413 -565.0140380859375
*1 0.9927762150764465 -0.00544461514800787 -0.11986842751502991 -116.72850799560547
*2 0.010321208275854588 0.9991242289543152 0.04053908586502075 -21.614580154418945
*3 0.11954142153263092 -0.0414876751601696 0.9919618368148804 -564.54052734375
*1 0.9973647594451904 -0.0039969030767679214 -0.07245896011590958 -122.0130615234375
*2 0.005873644724488258 0.9996329545974731 0.026432838290929794 -25.9104061126709
*3 0.07232548296451569 -0.026793047785758972 0.9970210194587708 -574.522216796875
*1 0.9948679804801941 -0.0019962964579463005 -0.10117555409669876 -126.30799865722656
*2 0.008759320713579655 0.99771648645401 0.0669645369052887 -36.367286682128906
*3 0.10080956667661667 -0.06751131266355515 0.992612361907959 -568.2396850585938
*1 0.9913212060928345 -0.004668251145631075 -0.13138937950134277 -131.18374633789063
*2 0.007145300507545471 0.999797523021698 0.018787886947393417 -39.169921875
*3 0.1312737762928009 -0.01956792362034321 0.991152822971344 -565.3040161132813
*1 0.993981122970581 -0.011973022483289242 -0.10890783369541168 -135.2467803955078
*2 0.01524388138204813 0.9994410872459412 0.029734816402196884 -36.45927429199219
*3 0.10848963260650635 -0.031220272183418274 0.9936070442199707 -564.4893188476563
*1 0.995798647403717 -0.006861219182610512 -0.09132789075374603 -139.1074981689453
*2 0.007948468439280987 0.9998944401741028 0.012122463434934616 -39.248809814453125
*3 0.09123380482196808 -0.012801725417375565 0.9957470297813416 -568.8934326171875
*1 0.997586727142334 -0.016092300415039063 -0.0675625205039978 -142.09609985351563
*2 0.0187224168330431 0.9990529417991638 0.03926348313689232 -47.793861389160156
*3 0.06686539947986603 -0.04043788090348244 0.9969419836997986 -573.9690551757813
*1 0.9927523732185364 0.014547133818268776 0.11930672079324722 -147.64523315429688
*2 3.880619478877634E-4 0.9922002553939819 -0.1246493011713028 -67.81478881835938
*3 -0.12019044905900955 0.12378781288862228 0.9850027561187744 -597.7843627929688
*1 0.9924917221069336 0.006910983473062515 0.12212809175252914 -148.90480041503906
*2 0.0027058322448283434 0.9968838095664978 -0.07883135229349136 -90.73400115966797
*3 -0.12229332327842712 0.07856559753417969 0.9893792271614075 -600.6435546875
*1 0.9971449375152588 -0.01979316584765911 -0.07289125770330429 -145.19789123535156
*2 0.023356663063168526 0.9985204935073853 0.049095988273620605 -100.52860260009766
*3 0.07181032001972198 -0.050662461668252945 0.9961305856704712 -575.4774169921875
*1 0.999035656452179 -0.01830807700753212 -0.03994486480951309 -152.63711547851563
*2 0.019515005871653557 0.9993167519569397 0.0313732884824276 -99.55937194824219
*3 0.03934190794825554 -0.03212672472000122 0.9987090229988098 -585.4296875
*1 0.9983717203140259 0.002569757169112563 0.05701131746172905 -169.72543334960938
*2 -0.0025235761422663927 0.999994695186615 -0.0018045202596113086 -89.31560516357422
*3 -0.05701671168208122 0.0016534872120246291 0.9983716607093811 -614.1963500976563
*1 0.9946752190589905 -0.016027826815843582 -0.10181885212659836 -174.5863494873047
*2 0.020385265350341797 0.9988913536071777 0.04242101311683655 -70.5417709350586
*3 0.10102470964193344 -0.04427487403154373 0.9938981533050537 -584.09716796875
*1 0.9920926690101624 -0.015170962549746037 -0.12459761649370193 -182.40969848632813
*2 0.02082805708050728 0.9987849593162537 0.04465125501155853 -63.81800079345703
*3 0.12376746535301208 -0.04689744487404823 0.9912022948265076 -570.7071533203125
*1 0.9946879148483276 -0.007345534395426512 -0.10268746316432953 -191.11412048339844
*2 0.01053554005920887 0.9994611144065857 0.031071020290255547 -61.19377517700195
*3 0.10240259766578674 -0.03199199587106705 0.9942283034324646 -569.501953125
*1 0.9991422891616821 -0.010807312093675137 -0.04000791907310486 -199.78573608398438
*2 0.0117188086733222 0.9996440410614014 0.023942837491631508 -66.16511535644531
*3 0.03973368555307388 -0.02439531311392784 0.9989123344421387 -578.4926147460938
*1 0.9982041120529175 -0.014906724914908409 -0.05804288014769554 -201.53289794921875
*2 0.01612318679690361 0.9996391534805298 0.02145826816558838 -77.60428619384766
*3 0.05770079046487808 -0.022359736263751984 0.9980833530426025 -574.1813354492188
*1 0.9975431561470032 -0.010775194503366947 -0.0692392960190773 -199.58822631835938
*2 0.011431632563471794 0.9998854994773865 0.00985287968069315 -79.43822479248047
*3 0.06912393867969513 -0.010624375194311142 0.9975513219833374 -568.5569458007813
*1 0.9979173541069031 -0.015455522574484348 -0.06264667958021164 -198.26637268066406
*2 0.01634596288204193 0.9997596144676208 0.014569615945219994 -77.4020004272461
*3 0.06240516155958176 -0.015567461960017681 0.9979292154312134 -568.1022338867188
*1 0.9965651035308838 -0.014162655919790268 -0.08160809427499771 -200.06919860839844
*2 0.016098594292998314 0.9995874166488647 0.023761123418807983 -82.0165023803711
*3 0.08123661577701569 -0.024997442960739136 0.9963810443878174 -567.248291015625
*1 0.9977884292602539 -0.01782762072980404 -0.06405296176671982 -207.0885009765625
*2 0.020305059850215912 0.9990295767784119 0.03906862810254097 -84.96512603759766
*3 0.06329300999641418 -0.04028695449233055 0.9971811771392822 -571.9950561523438
*1 0.9993430376052856 -0.012231418862938881 -0.03415203094482422 -212.33511352539063
*2 0.012718705460429192 0.9997962117195129 0.015637440606951714 -81.2405776977539
*3 0.03395256772637367 -0.016065694391727448 0.9992939829826355 -574.8193359375
*1 0.9989480376243591 -0.011767192743718624 -0.0443473719060421 -215.62216186523438
*2 0.012032870203256607 0.9999030828475952 0.006918303202837706 -74.25584411621094
*3 0.044260427355766296 -0.007448816671967506 0.9989919066429138 -577.5741577148438
*1 0.994999349117279 -0.0028721834532916546 0.09985214471817017 -226.49905395507813
*2 0.0048531717620790005 0.9997850656509399 -0.020129667595028877 -65.06202697753906
*3 -0.09977392852306366 0.020509403198957443 0.994798481464386 -606.6538696289063
*1 0.977591335773468 0.06052239611744881 0.20163002610206604 -231.24227905273438
*2 -0.023539692163467407 0.9831566214561462 -0.18124009668827057 -44.133575439453125
*3 -0.20920376479625702 0.17242808640003204 0.9625496864318848 -617.4053344726563
*1 0.9809958338737488 -0.02245699241757393 0.19273079931735992 -235.89239501953125
*2 0.011518782936036587 0.9982835054397583 0.05741631239652634 -19.088830947875977
*3 -0.1936902552843094 -0.054109252989292145 0.9795693159103394 -622.375732421875
*1 0.9997869729995728 -0.00507647730410099 -0.020065993070602417 -228.74481201171875
*2 0.00497574545443058 0.9999843239784241 -0.0024442411959171295 -2.2818779945373535
*3 0.02007700502872467 0.0023397020995616913 0.9997955560684204 -587.6012573242188
*1 0.9988573789596558 0.0012120980536565185 -0.047802284359931946 -235.16285705566406
*2 -0.0011272563133388758 0.9999948740005493 0.002904091263189912 9.279187202453613
*3 0.04780447855591774 -0.0028510666452348232 0.998852550983429 -582.9926147460938
*1 0.9928426146507263 -0.004185597877949476 -0.11936695128679276 -238.5417022705078
*2 0.005980219691991806 0.9998674392700195 0.015122093260288239 14.676051139831543
*3 0.11928664147853851 -0.01573185622692108 0.9927351474761963 -565.7119140625
*1 0.9764874577522278 -0.001401627087034285 -0.21557489037513733 -257.9184875488281
*2 0.004760011099278927 0.9998712539672852 0.01530485786497593 11.485151290893555
*3 0.21552442014217377 -0.01597529835999012 0.9763676524162292 -568.1061401367188
#
#
#
#
#
#
#
#
#
#
#
#
#
#
#
#
#
#
#
#
#
#
#
#
#
#
#
#
#
#
#
*1 0.9973365068435669 0.0026927809230983257 -0.07288926839828491 -254.4847869873047
*2 -0.0031464893836528063 0.9999761581420898 -0.006160397082567215 -2.57521653175354
*3 0.07287060469388962 0.006373693235218525 0.9973210096359253 -565.2532958984375
*1 0.997958242893219 0.00717130396515131 -0.0634666234254837 -250.2285919189453
*2 -0.007340822834521532 0.999970018863678 -0.002495355671271682 -3.0703423023223877
*3 0.06344649195671082 0.0029565170407295227 0.9979807734489441 -567.072265625
*1 0.9981762170791626 0.0026808541733771563 -0.06030791252851486 -246.22023010253906
*2 -0.002625260269269347 0.9999961256980896 9.407445322722197E-4 -4.501410007476807
*3 0.060309868305921555 -7.803401094861329E-4 0.9981793165206909 -565.4880981445313
*1 0.9982736706733704 0.0028338886331766844 -0.05866558104753494 -243.7880096435547
*2 -0.0023683207109570503 0.9999656677246094 0.007941816002130508 -6.801381587982178
*3 0.05868574231863022 -0.00778880063444376 0.9982460737228394 -564.8687744140625
*1 0.9966838359832764 0.0029246590565890074 -0.08131832629442215 -239.57525634765625
*2 -0.0032144899014383554 0.9999887943267822 -0.0034782448783516884 -7.963449478149414
*3 0.08130691200494766 0.0037284749560058117 0.9966821074485779 -563.0362548828125
*1 0.9978722929954529 0.0037334898952394724 -0.06509019434452057 -238.26004028320313
*2 -0.0041182986460626125 0.9999745488166809 -0.005834688898175955 -6.605371952056885
*3 0.06506641209125519 0.006090704817324877 0.9978623390197754 -567.7393188476563
*1 0.9972116947174072 -0.0017869393341243267 -0.07460145652294159 -236.90597534179688
*2 0.002372189424932003 0.9999675154685974 0.0077081285417079926 -5.246742248535156
*3 0.07458491623401642 -0.00786324217915535 0.997183620929718 -566.1036376953125
*1 0.9985494613647461 0.0017875187331810594 -0.0538085401058197 -238.3125762939453
*2 -9.6616439986974E-4 0.9998837113380432 0.015218819491565228 -6.007201671600342
*3 0.053829144686460495 -0.015144401229918003 0.9984353184700012 -565.9258422851563
*1 0.9977136850357056 1.9606569549068809E-4 -0.06757962703704834 -239.0494384765625
*2 1.049469574354589E-4 0.9999902844429016 0.004396544769406319 -6.7587480545043945
*3 0.06757950037717819 -0.004393225535750389 0.9977042078971863 -565.4158325195313
*1 0.9981904029846191 0.002419972326606512 -0.06008065491914749 -239.3115234375
*2 -0.0026709609664976597 0.999987781047821 -0.004158220253884792 -7.019972324371338
*3 0.06006952002644539 0.0043115317821502686 0.998184859752655 -566.6129760742188
*1 0.9970405101776123 -0.0026008770801126957 -0.07683156430721283 -238.9566192626953
*2 0.002981133060529828 0.9999841451644897 0.004787290468811989 -7.337442874908447
*3 0.07681755721569061 -0.005001812241971493 0.9970325827598572 -563.3441162109375
*1 0.9985730648040771 -6.534337298944592E-4 -0.05339464917778969 -241.43019104003906
*2 0.0011786094401031733 0.999951958656311 0.009736334905028343 -8.364974975585938
*3 0.05338538438081741 -0.009785018861293793 0.9985259771347046 -565.0792846679688
*1 0.9982070922851563 0.005079186055809259 -0.05963566154241562 -241.25950622558594
*2 -0.005273269489407539 0.999981164932251 -0.0031587639823555946 -9.797204971313477
*3 0.059618156403303146 0.0034679314121603966 0.9982151389122009 -565.7903442382813
*1 0.9976019859313965 -4.997261567041278E-5 -0.06920867413282394 -238.86927795410156
*2 6.282863905653358E-4 0.9999656081199646 0.008281528949737549 -10.617542266845703
*3 0.06920553743839264 -0.008304798044264317 0.9975677728652954 -565.0663452148438
*1 0.998400866985321 2.4396070512011647E-4 -0.05652681738138199 -237.60305786132813
*2 -2.9490026645362377E-4 0.9999995827674866 -9.579537436366081E-4 -12.804994583129883
*3 0.05652621388435364 9.734444320201874E-4 0.9984005093574524 -566.65673828125
*1 0.9982666373252869 0.004000985529273748 -0.058714356273412704 -237.9485321044922
*2 -0.004003773909062147 0.9999921321868896 7.511756848543882E-6 -15.365513801574707
*3 0.05871357023715973 2.279193140566349E-4 0.9982747435569763 -567.0076904296875
*1 0.9978051781654358 -0.0018079581204801798 -0.06619061529636383 -237.48240661621094
*2 0.002109457505866885 0.9999880790710449 0.004429589956998825 -16.783016204833984
*3 0.06618145853281021 -0.004559170454740524 0.9977970719337463 -565.2317504882813
*1 0.9967459440231323 -0.0019016258884221315 -0.08058219403028488 -235.02218627929688
*2 0.0026181675493717194 0.9999585151672363 0.008741632103919983 -17.64751434326172
*3 0.08056186139583588 -0.008923840709030628 0.9967095851898193 -562.760009765625
*1 0.9970403909683228 -0.0015878789126873016 -0.0768594890832901 -232.94195556640625
*2 0.0021127492655068636 0.9999755024909973 0.006700173486024141 -18.785362243652344
*3 0.07684659212827682 -0.006842406000941992 0.9970194101333618 -565.3258666992188
*1 0.9975411295890808 0.0015106481732800603 -0.07006283104419708 -229.10638427734375
*2 -0.0010639902902767062 0.9999794363975525 0.006359400227665901 -19.8154354095459
*3 0.07007062435150146 -0.006268900353461504 0.997522234916687 -565.96826171875
*1 0.9974750280380249 0.003453231416642666 -0.07092995196580887 -225.2788543701172
*2 -0.0032165825832635164 0.9999892711639404 0.003398248227313161 -19.707927703857422
*3 0.07094057649374008 -0.003161205444484949 0.9974754452705383 -567.6828002929688
*1 0.9965987205505371 -0.0027029081247746944 -0.08235993981361389 -219.6492919921875
*2 0.0030683239456266165 0.999986469745636 0.0042657265439629555 -17.599889755249023
*3 0.08234694600105286 -0.004503587726503611 0.9965935349464417 -565.5087280273438
*1 0.9967990517616272 -0.0026895669288933277 -0.07989992946386337 -214.53663635253906
*2 0.0030462921131402254 0.9999864101409912 0.004296878352761269 -14.446185111999512
*3 0.07988693565130234 -0.004526186268776655 0.9967936277389526 -566.0393676757813
*1 0.9961130619049072 -0.0019001340260729194 -0.08806131780147552 -210.96925354003906
*2 0.0022262833081185818 0.9999914765357971 0.003563634119927883 -10.570491790771484
*3 0.08805343508720398 -0.0037454990670084953 0.9961087107658386 -564.6763916015625
*1 0.9973534345626831 -0.00713655399158597 -0.0723523274064064 -211.10215759277344
*2 0.008850726298987865 0.9996885657310486 0.023347849026322365 -9.340672492980957
*3 0.07216281443834305 -0.02392609231173992 0.9971058368682861 -566.6572875976563
*1 0.9963974356651306 7.421871414408088E-4 -0.08480104058980942 -209.78794860839844
*2 3.4954540751641616E-5 0.9999587535858154 0.009118780493736267 -9.20053482055664
*3 0.08480394631624222 -0.009088565595448017 0.9963561296463013 -563.7908325195313
*1 0.9969888925552368 -0.00342543818987906 -0.0774661973118782 -208.58718872070313
*2 0.004222077317535877 0.9999406933784485 0.010074221529066563 -9.093351364135742
*3 0.0774267241358757 -0.010370636358857155 0.9969440698623657 -563.8882446289063
*1 0.9971866607666016 -0.006134018301963806 -0.0747038796544075 -207.0955810546875
*2 0.006835778243839741 0.9999356865882874 0.00909198634326458 -10.749484062194824
*3 0.07464293390512466 -0.009576758369803429 0.9971643090248108 -563.537109375
*1 0.9972441792488098 -0.0033701215870678425 -0.07410882413387299 -206.6215057373047
*2 0.005215739831328392 0.9996822476387024 0.024674516171216965 -13.4985990524292
*3 0.074001744389534 -0.024992739781737328 0.9969449043273926 -564.9668579101563
*1 0.9967654943466187 -0.004103952087461948 -0.08025678992271423 -205.236328125
*2 0.004682162776589394 0.9999650716781616 0.006971344351768494 -14.700263977050781
*3 0.08022499829530716 -0.007324261590838432 0.9967498183250427 -561.5343627929688
*1 0.9969713091850281 6.75930583383888E-4 -0.07776408642530441 -206.15533447265625
*2 -5.644878256134689E-4 0.9999992251396179 0.001407417468726635 -16.065309524536133
*3 0.0777646005153656 -0.001358946319669485 0.9969707727432251 -564.865966796875
*1 0.9970196485519409 -0.004651044495403767 -0.07700479030609131 -206.43174743652344
*2 0.005540886893868446 0.9999212026596069 0.011297891847789288 -16.334148406982422
*3 0.07694578170776367 -0.011690576560795307 0.9969666600227356 -567.3856811523438
*1 0.9951311945915222 -0.004585679620504379 -0.09845048189163208 -204.29052734375
*2 0.0047455402091145515 0.9999881982803345 0.0013519572094082832 -15.101410865783691
*3 0.09844271838665009 -0.001812259666621685 0.9951409697532654 -563.1978759765625
*1 0.9960196614265442 -0.0029933706391602755 -0.08908120542764664 -203.237060546875
*2 0.004186437930911779 0.9999048709869385 0.013167882338166237 -14.01443099975586
*3 0.08903293311595917 -0.013488084077835083 0.9959372282028198 -561.2098999023438
*1 0.9953365325927734 -0.004888708703219891 -0.09633804857730865 -202.69906616210938
*2 0.00586378388106823 0.9999350905418396 0.009802449494600296 -14.166717529296875
*3 0.09628349542617798 -0.010321310721337795 0.99530029296875 -561.5578002929688
*1 0.9963206052780151 -0.0011501437984406948 -0.08569520711898804 -202.14077758789063
*2 0.0010164323030039668 0.9999985098838806 -0.0016469862312078476 -14.447439193725586
*3 0.08569659292697906 0.0015541519969701767 0.9963199496269226 -564.2393798828125
*1 0.9971513152122498 -2.4000825942493975E-4 -0.07542633265256882 -200.4066162109375
*2 -1.9031803822144866E-4 0.9999839067459106 -0.005746715236455202 -14.478900909423828
*3 0.0754261314868927 0.0057450286112725735 0.997134804725647 -564.3264770507813
*1 0.9962900876998901 -0.0024589356034994125 -0.0860229879617691 -199.48484802246094
*2 0.003511994145810604 0.9999216198921204 0.012049421668052673 -13.595008850097656
*3 0.08598624169826508 -0.012306496500968933 0.9962202310562134 -566.6563720703125
*1 0.996894359588623 -8.755603339523077E-4 -0.07874605059623718 -198.6607666015625
*2 0.001589308143593371 0.9999589920043945 0.00895504280924797 -12.91409969329834
*3 0.0787346214056015 -0.009052038192749023 0.9968544840812683 -565.552734375
*1 0.9969459772109985 5.467262817546725E-4 -0.07809220999479294 -197.57444763183594
*2 -9.5424271421507E-4 0.9999862909317017 -0.005228199064731598 -12.955754280090332
*3 0.07808791846036911 0.005287090316414833 0.9969323873519897 -565.1116943359375
*1 0.9973596334457397 -0.004392178263515234 -0.07248754799365997 -197.3310089111328
*2 0.005611047614365816 0.999847412109375 0.01656908541917801 -12.552783012390137
*3 0.07240335643291473 -0.016931716352701187 0.9972316026687622 -566.8032836914063
*1 0.9958143830299377 -0.008011232130229473 -0.0910462811589241 -195.93743896484375
*2 0.008507028222084045 0.9999516010284424 0.005018554627895355 -11.82603931427002
*3 0.09100130945444107 -0.005771739408373833 0.9958339333534241 -563.9576416015625
*1 0.9957333207130432 -0.0023535098880529404 -0.09224686026573181 -195.6016845703125
*2 0.003943435847759247 0.9998477697372437 0.017017416656017303 -11.054818153381348
*3 0.09219241142272949 -0.017308231443166733 0.9955906867980957 -561.6785278320313
*1 0.9970407485961914 -0.0018281408119946718 -0.07685164362192154 -196.9444122314453
*2 0.0023608438204973936 0.9999744892120361 0.006793440319597721 -10.659029006958008
*3 0.07683691382408142 -0.006954429671168327 0.9970192909240723 -563.8917236328125
*1 0.9956569075584412 -0.0031263527926057577 -0.09304498136043549 -195.8291015625
*2 0.005867606960237026 0.9995577931404114 0.029162941500544548 -10.942181587219238
*3 0.09291230887174606 -0.029581885784864426 0.9952346086502075 -561.1287841796875
*1 0.9967775344848633 -0.004688492510467768 -0.08007724583148956 -196.68785095214844
*2 0.006201778072863817 0.9998078942298889 0.018613692373037338 -12.76577377319336
*3 0.07997424155473709 -0.0190499909222126 0.9966146945953369 -565.3805541992188
*1 0.9959589242935181 -0.0039185890927910805 -0.08972341567277908 -195.70602416992188
*2 0.004078606143593788 0.9999908804893494 0.0015590433031320572 -12.880865097045898
*3 0.08971612900495529 -0.0019183550029993057 0.9959653615951538 -564.490478515625
*1 0.9963119626045227 -0.002230839105322957 -0.08577506989240646 -196.36834716796875
*2 0.003980102948844433 0.9997887015342712 0.020185166969895363 -10.493823051452637
*3 0.08571156859397888 -0.02045176737010479 0.9961098432540894 -564.6181030273438
*1 0.9947996735572815 0.0013387792278081179 -0.10184101015329361 -195.90866088867188
*2 -5.890726461075246E-4 0.9999730587005615 0.007355349604040384 -8.638896942138672
*3 0.10184776037931442 -0.007256762124598026 0.9947733283042908 -559.4912109375
*1 0.9958064556121826 4.4986570719629526E-4 -0.09148237109184265 -198.513916015625
*2 -4.7839173930697143E-4 1.0000001192092896 -3.300434909760952E-4 -9.12182903289795
*3 0.09148189425468445 3.727683797478676E-4 0.9958063960075378 -564.470703125
*1 0.9961186647415161 0.0028478200547397137 -0.08797318488359451 -198.81944274902344
*2 -0.0035292143002152443 0.9999649524688721 -0.007632847409695387 -9.686232566833496
*3 0.08794800937175751 0.007914031855762005 0.9960933327674866 -565.1961059570313
*1 0.9967553019523621 -0.0025732298381626606 -0.08044935762882233 -198.3736114501953
*2 0.0039019628893584013 0.9998595714569092 0.016317741945385933 -9.752925872802734
*3 0.08039572834968567 -0.01657835766673088 0.9966248869895935 -565.83056640625
*1 0.9975168704986572 -0.005006664898246527 -0.07024906575679779 -197.623046875
*2 0.0061266859993338585 0.999858558177948 0.015684690326452255 -9.582667350769043
*3 0.07016026973724365 -0.01607578992843628 0.9974059462547302 -565.9878540039063
*1 0.9975953102111816 -0.0012550222454592586 -0.06929650157690048 -197.343994140625
*2 7.68656434956938E-4 0.9999749064445496 -0.007097922265529633 -9.735998153686523
*3 0.06930334120988846 0.007027924060821533 0.9975706338882446 -565.5228881835938
*1 0.9968938827514648 -0.002207553945481777 -0.07872526347637177 -196.7312774658203
*2 0.0022504832595586777 0.9999977946281433 4.0955329313874245E-4 -9.982354164123535
*3 0.07872384786605835 -5.851131863892078E-4 0.9968960285186768 -563.2037963867188
*1 0.9966007471084595 -0.004858097992837429 -0.08223958313465118 -196.57179260253906
*2 0.006612055003643036 0.9997575283050537 0.02102358266711235 -9.974836349487305
*3 0.08211717754602432 -0.021495535969734192 0.9963905811309814 -562.5906372070313
*1 0.9959368705749512 -0.004394541494548321 -0.08994679152965546 -196.48291015625
*2 0.005643775686621666 0.999891996383667 0.013598066754639149 -10.071738243103027
*3 0.08987697213888168 -0.014050106517970562 0.9958534836769104 -561.5614624023438
*1 0.9945188760757446 -4.7364237252622843E-4 -0.10455554723739624 -196.3679656982422
*2 0.0017442054813727736 0.9999265074729919 0.012025812640786171 -10.15706729888916
*3 0.10454181581735611 -0.012141912244260311 0.9944460988044739 -559.8719482421875
*1 0.9966267943382263 5.042414413765073E-4 -0.08206410706043243 -197.84896850585938
*2 2.859918458852917E-4 0.9999544620513916 0.009572613053023815 -9.881428718566895
*3 0.08206485211849213 -0.009563446044921875 0.9965807795524597 -564.0919189453125
*1 0.9954568147659302 0.0034889676608145237 -0.09514928609132767 -195.79000854492188
*2 -0.0029273447580635548 0.9999780654907227 0.006002779118716717 -10.069660186767578
*3 0.09516778588294983 -0.005696635693311691 0.9954445958137512 -560.5078125
*1 0.996238648891449 -0.0021395159419625998 -0.08662497997283936 -195.440673828125
*2 0.0032363932114094496 0.9999172687530518 0.012481429614126682 -10.591195106506348
*3 0.08659075200557709 -0.012714482843875885 0.9961624145507813 -563.8114624023438
*1 0.9962601661682129 -0.002750753192231059 -0.08635946363210678 -193.10296630859375
*2 0.004115610383450985 0.9998704195022583 0.015587647445499897 -10.697257041931152
*3 0.08630504459142685 -0.015884418040513992 0.9961417317390442 -563.3689575195313
*1 0.9891795516014099 -0.008721649646759033 -0.14644892513751984 -185.45626831054688
*2 0.008048425428569317 0.9999544620513916 -0.005214071366935968 -10.321152687072754
*3 0.14648734033107758 0.003979304805397987 0.9892041087150574 -561.9475708007813
*1 0.973015546798706 -0.001304077566601336 -0.23073504865169525 -170.40785217285156
*2 0.0020718504674732685 0.999993622303009 0.0030693726148456335 -10.8472318649292
*3 0.23072916269302368 -0.003464252222329378 0.9730114936828613 -561.287841796875
*1 0.9702809453010559 -0.01027248427271843 -0.2417619675397873 -152.7469482421875
*2 0.010587330907583237 0.9999445080757141 -1.2027711818518583E-5 -12.335226058959961
*3 0.24174821376800537 -0.002547602169215679 0.9703352451324463 -563.8555297851563
*1 0.9784204363822937 -0.008252204395830631 -0.20645801723003387 -136.21627807617188
*2 0.00837286189198494 0.9999654293060303 -3.071834798902273E-4 -14.58581829071045
*3 0.20645298063755035 -0.0014277484733611345 0.9784550070762634 -562.23583984375
*1 0.9882370829582214 -0.01316804438829422 -0.1523602306842804 -124.18111419677734
*2 0.015698427334427834 0.9997588396072388 0.015392405912280083 -15.701456069946289
*3 0.1521204262971878 -0.017602810636162758 0.9882047772407532 -561.0887451171875
*1 0.9935938119888306 -0.013240644708275795 -0.11223074793815613 -119.10952758789063
*2 0.013429484330117702 0.9999099373817444 8.937548846006393E-4 -15.593426704406738
*3 0.11220846325159073 -0.002394888550043106 0.9936814308166504 -562.80029296875
*1 0.9949012994766235 -0.004499920178204775 -0.10075203329324722 -117.36920928955078
*2 0.0031595127657055855 0.999904453754425 -0.01349656656384468 -14.589061737060547
*3 0.10080279409885406 0.013109748251736164 0.9948196411132813 -561.7611083984375
*1 0.9967127442359924 -0.007724590599536896 -0.08064758032560349 -119.81725311279297
*2 0.008457708172500134 0.9999268651008606 0.008706622757017612 -12.831182479858398
*3 0.08057410269975662 -0.00935975182801485 0.9967043399810791 -566.1096801757813
*1 0.995810866355896 -0.008841848000884056 -0.09100896120071411 -121.38224792480469
*2 0.011984344571828842 0.9993504881858826 0.03400009125471115 -10.411212921142578
*3 0.09064888209104538 -0.03494797646999359 0.9952691793441772 -563.33935546875
*1 0.9939646124839783 -0.007954414002597332 -0.10941310226917267 -124.14915466308594
*2 0.011803179048001766 0.9993340373039246 0.03453962504863739 -8.09835147857666
*3 0.10906513780355453 -0.03562222421169281 0.9933958053588867 -562.0964965820313
*1 0.9935439825057983 -0.011414493434131145 -0.11287277936935425 -128.19068908691406
*2 0.014867324382066727 0.9994468092918396 0.029762761667370796 -5.899571418762207
*3 0.11247024685144424 -0.03124835155904293 0.9931633472442627 -563.6093139648438
*1 0.9945319294929504 -0.008534299209713936 -0.10408379137516022 -132.4934539794922
*2 0.010810581035912037 0.999715268611908 0.021288931369781494 -2.788328170776367
*3 0.10387210547924042 -0.022297365590929985 0.9943404197692871 -564.8401489257813
*1 0.9950061440467834 -0.007263565436005592 -0.0995490625500679 -136.4257049560547
*2 0.009927244856953621 0.9996064305305481 0.026250027120113373 0.3505086898803711
*3 0.09931885451078415 -0.027106815949082375 0.9946860671043396 -565.9866943359375
*1 0.9965457916259766 -0.0015177677851170301 -0.08303135633468628 -140.10874938964844
*2 0.0016292418586090207 0.9999982118606567 0.0012290813028812408 3.4353606700897217
*3 0.08302899450063705 -0.001359758898615837 0.9965459108352661 -566.7061767578125
*1 0.992791473865509 -0.007367612794041634 -0.11962814629077911 -142.58108520507813
*2 0.012205068953335285 0.9991365075111389 0.039723530411720276 5.934599876403809
*3 0.11923182010650635 -0.04089687019586563 0.9920234680175781 -562.3321533203125
*1 0.9954416155815125 -0.002759761642664671 -0.09533365815877914 -147.5120391845703
*2 0.0045952810905873775 0.9998092651367188 0.01899978145956993 6.803752422332764
*3 0.09526269882917404 -0.019350895658135414 0.9952637553215027 -565.3087768554688
*1 0.9947825074195862 -5.038222298026085E-5 -0.10201960057020187 -150.98814392089844
*2 -3.584595979191363E-4 0.9999921321868896 -0.004026083275675774 7.771361351013184
*3 0.10201865434646606 0.004041992127895355 0.9947739243507385 -562.8507690429688
*1 0.9932798743247986 7.835810538381338E-4 -0.11573510617017746 -153.88351440429688
*2 5.046830628998578E-4 0.9999389052391052 0.011069051921367645 8.63008975982666
*3 0.11573635041713715 -0.011052720248699188 0.9932181239128113 -561.6201171875
*1 0.9955081939697266 -8.926453301683068E-4 -0.09467127919197083 -156.51971435546875
*2 0.00204184977337718 0.9999261498451233 0.012003126554191113 7.845970630645752
*3 0.09465324133634567 -0.012142159044742584 0.9954359531402588 -561.6773681640625
*1 0.996692955493927 -0.004543270915746689 -0.08113246411085129 -158.88446044921875
*2 0.005381202790886164 0.9999351501464844 0.01006599236279726 6.717630863189697
*3 0.08108114451169968 -0.010468928143382072 0.9966521859169006 -564.7081909179688
*1 0.9951273798942566 -0.004039233084768057 -0.09851479530334473 -160.96705627441406
*2 0.005351196508854628 0.9999012351036072 0.013018656522035599 6.643199920654297
*3 0.09845215082168579 -0.013482024893164635 0.9950500726699829 -565.1349487304688
*1 0.9962324500083923 -7.559151854366064E-4 -0.08671901375055313 -161.94454956054688
*2 0.0015765053685754538 0.9999552965164185 0.009351273998618126 6.691648483276367
*3 0.08670774102210999 -0.00945238582789898 0.9961885213851929 -565.3460693359375
*1 0.9968007802963257 -0.0039136395789682865 -0.07982926070690155 -163.114013671875
*2 0.004588736221194267 0.999955952167511 0.008227926678955555 6.835394859313965
*3 0.07979320734739304 -0.008567526005208492 0.9967741966247559 -563.34814453125
*1 0.9950400590896606 -0.007087403442710638 -0.09922133386135101 -164.81947326660156
*2 0.009050077758729458 0.9997729659080505 0.01930665411055088 6.709489345550537
*3 0.09906162321567535 -0.020108453929424286 0.9948777556419373 -565.0795288085938
*1 0.995638370513916 -0.004397536627948284 -0.09319204837083817 -166.53431701660156
*2 0.00532928854227066 0.99993896484375 0.009711493737995625 6.948039531707764
*3 0.09314331412315369 -0.010165381245315075 0.9956005215644836 -564.0574340820313
*1 0.9941419363021851 -7.804311462678015E-4 -0.10807978361845016 -167.27976989746094
*2 0.0033649196848273277 0.9997138381004333 0.023697927594184875 8.662887573242188
