#
#
#
#
#
#
#
#
#
#
#
#
#
#
#
#
#
#
#
#
#
#
#
#
#
#
#
#
#
#
#
#
#
#
#
#
#
#
#
#
#
#
#
#
#
#
#
#
#
#
#
#
#
#
#
#
#
#
#
#
#
#
#
#
#
#
#
#
#
#
#
#
#
#
#
#
#
#
#
#
#
#
#
#
#
#
#
#
#
#
#
#
#
#
#
#
#
#
#
#
#
#
#
#
#
#
#
#
#
#
#
#
#
#
#
#
#
#
#
#
#
#
#
#
#
#
#
#
#
#
#
#
#
#
#
#
#
#
#
#
#
#
#
#
#
#
#
#
#
#
#
#
#
#
#
#
#
#
#
#
#
#
#
#
#
#
#
#
#
#
#
#
#
#
#
#
#
#
#
#
#
#
#
#
#
#
#
#
#
#
#
#
#
#
#
#
#
#
#
#
#
#
#
#
#
#
#
#
#
#
#
#
#
#
#
#
#
#
#
#
#
#
#
#
#
#
#
#
#
#
#
#
#
#
#
#
#
#
#
#
#
#
#
#
#
#
#
#
#
#
#
#
#
#
#
#
* 0.9949286580085754 0.0266723670065403 -0.09698595106601715 -234.58460998535156 -0.022572925314307213 0.9988163113594055 0.043078843504190445 55.84143829345703 0.09802050143480301 -0.04067109525203705 0.9943531155586243 -527.574462890625
#
#
#
#
#
#
#
#
#
#
#
#
#
#
#
#
#
#
#
#
#
#
#
#
#
#
#
#
#
#
#
#
#
#
#
#
#
* 0.9994550347328186 0.03132936358451843 0.011742319911718369 -202.4279327392578 -0.031072106212377548 0.9995009899139404 0.0026867669075727463 -139.45176696777344 -0.011647680774331093 -0.00307607464492321 0.9999270439147949 -597.9462280273438
* 0.9992648363113403 0.023309048265218735 -0.03092172183096409 -195.383056640625 -0.02263346128165722 0.9996500611305237 0.012740101665258408 -121.61824035644531 0.031212130561470985 -0.0120568061247468 0.9994396567344666 -592.0206298828125
* 0.9993079304695129 0.03699891269207001 -0.006660859566181898 -194.00917053222656 -0.03695489466190338 0.998428225517273 -0.041836511343717575 -103.22675323486328 0.0051072025671601295 0.04202771559357643 0.9991030693054199 -595.2365112304688
* 0.9994369149208069 0.02907499112188816 -0.017609991133213043 -197.92520141601563 -0.02863389067351818 0.9995392560958862 0.008728984743356705 -86.3401107788086 0.017860136926174164 -0.00824575126171112 0.9998061656951904 -595.0451049804688
* 0.9989820122718811 0.040793951600790024 -0.020013369619846344 -204.31561279296875 -0.040992505848407745 0.9988417625427246 -0.024693027138710022 -67.44715118408203 0.018987640738487244 0.025462348014116287 0.9994950890541077 -594.9832763671875
* 0.99942946434021 0.034203432500362396 -7.546525448560715E-4 -210.1837921142578 -0.033906031399965286 0.9993852376937866 0.0073882825672626495 -44.12835693359375 0.0010115448385477066 -0.007384369149804115 0.999971866607666 -594.103271484375
* 0.9987046718597412 0.0232255682349205 -0.04559868946671486 -208.30592346191406 -0.02200908772647381 0.9995309114456177 0.020701242610812187 -34.07411193847656 0.04606230929493904 -0.019696742296218872 0.9987439513206482 -581.0829467773438
* 0.9977269768714905 0.03173686936497688 -0.05969438701868057 -205.15977478027344 -0.030657654628157616 0.999418318271637 0.01407691277563572 -36.841636657714844 0.060110826045274734 -0.0122406966984272 0.9981162548065186 -579.7471923828125
* 0.9966513514518738 0.03556658700108528 -0.07382971048355103 -199.5252227783203 -0.03391729295253754 0.9992204904556274 0.019572217017412186 -40.60689926147461 0.07447272539138794 -0.017028404399752617 0.9970772862434387 -578.0675659179688
* 0.9948564171791077 0.037591394037008286 -0.09421990811824799 -187.68849182128906 -0.03952880576252937 0.9989659786224365 -0.021896637976169586 -41.1575927734375 0.09330389648675919 0.02548247016966343 0.9953111410140991 -574.8775634765625
* 0.9957966804504395 0.045393429696559906 -0.07973826676607132 -179.2913818359375 -0.045118700712919235 0.9989678859710693 0.0015970229869708419 -42.342350006103516 0.07973317801952362 0.0019815389532595873 0.996813952922821 -575.3098754882813
* 0.9957103729248047 0.0438084751367569 -0.08167839795351028 -176.88845825195313 -0.04348616302013397 0.9990392327308655 0.002161777578294277 -38.02037048339844 0.08169929683208466 0.0013735188404098153 0.9966557025909424 -579.149169921875
* 0.9967252612113953 0.047556571662425995 -0.06562628597021103 -178.62103271484375 -0.046701155602931976 0.9988453388214111 0.010106444358825684 -39.57752227783203 0.0660359337925911 -0.007034342736005783 0.9977920651435852 -580.4420166015625
* 0.9964088797569275 0.053118154406547546 -0.06616239249706268 -180.67723083496094 -0.054361507296562195 0.9982749223709106 -0.02161283791065216 -46.090553283691406 0.06490523368120193 0.025106044486165047 0.9975751638412476 -577.7960815429688
* 0.9964444041252136 0.05251571908593178 -0.06610868871212006 -185.7729034423828 -0.05184274911880493 0.9986147880554199 0.007477650418877602 -48.81697082519531 0.0664147362112999 -0.004049602430313826 0.9977834820747375 -580.1063842773438
* 0.9971699714660645 0.03605173900723457 -0.06619653850793839 -190.46484375 -0.0352126806974411 0.9993228912353516 0.009427613578736782 -49.88126754760742 0.0664961114525795 -0.007095841690897942 0.997761070728302 -580.2310180664063
* 0.9986474514007568 0.02166072465479374 -0.047577306628227234 -194.58685302734375 -0.020391687750816345 0.9995600581169128 0.020952347666025162 -49.468021392822266 0.04801440238952637 -0.019979722797870636 0.9986463785171509 -584.39208984375
* 0.9993836879730225 0.03195198252797127 -0.01552050095051527 -196.7073974609375 -0.03170747309923172 0.9994809627532959 -0.0027550598606467247 -46.502891540527344 0.015428980812430382 0.0032195677049458027 0.9998754262924194 -586.65625
* 0.9984723329544067 0.025813190266489983 -0.04915446415543556 -193.74497985839844 -0.02571696974337101 0.9996512532234192 -0.003330725710839033 -44.754356384277344 0.049055662006139755 0.004563806112855673 0.9987851977348328 -579.8658447265625
* 0.9987972974777222 0.019450971856713295 -0.04533335193991661 -194.10205078125 -0.018888775259256363 0.9997885823249817 0.006409529596567154 -45.52561569213867 0.045452605932950974 -0.005571471992880106 0.9989505410194397 -582.433349609375
* 0.9993329644203186 0.012646565213799477 -0.03468526154756546 -195.92442321777344 -0.012434061616659164 0.9999081492424011 -0.0020346655510365963 -30.490447998046875 0.03466036170721054 0.0024385901633650064 0.9993957281112671 -589.9432983398438
* 0.9983235597610474 0.02042473666369915 -0.05442569777369499 -189.68214416503906 -0.020399082452058792 0.9997700452804565 -0.004318844527006149 -13.813593864440918 0.05432913452386856 0.005395862739533186 0.9985079765319824 -582.9739379882813
* 0.9998428821563721 0.00746714323759079 -0.01696258969604969 -188.09222412109375 -0.007211568299680948 0.9999594688415527 -0.0019928624387830496 1.8448129892349243 0.016950951889157295 0.002088852459564805 0.9998536705970764 -590.7882690429688
* 0.9997971653938293 -0.002474181354045868 -0.020706286653876305 -188.65777587890625 0.004060530569404364 0.9980055689811707 0.0627957284450531 25.790327072143555 0.020513253286480904 -0.06289292871952057 0.9978089332580566 -590.6203002929688
* 0.9999894499778748 -0.00604479992762208 -0.0037135363090783358 -188.05364990234375 0.006420488934963942 0.999690592288971 0.02350504882633686 51.21733093261719 0.0035739189479500055 -0.023554660379886627 0.9997156262397766 -590.9790649414063
* 0.9998356699943542 -0.017438441514968872 -0.007327871397137642 -187.85923767089844 0.01819414459168911 0.997420072555542 0.0692601203918457 76.37403869628906 0.006104464642703533 -0.06940795481204987 0.99756920337677 -590.558837890625
* 0.9995688796043396 -0.021283559501171112 0.020933393388986588 -191.57077026367188 0.020620625466108322 0.998774528503418 0.04471055418252945 107.1082534790039 -0.021856045350432396 -0.04428562521934509 0.998779296875 -591.7357788085938
* 0.9998569488525391 -0.013712719082832336 -0.011286145076155663 -194.23362731933594 0.014014960266649723 0.9998887181282043 0.0010235058143734932 130.7725372314453 0.011274243704974651 -0.0012076464481651783 0.9999352097511292 -586.4957885742188
* 0.9994314908981323 -0.006192557048052549 -0.03358287364244461 -201.15586853027344 0.005996757186949253 0.9998635649681091 -0.014548616483807564 145.25010681152344 0.033671922981739044 0.014312836341559887 0.9993299245834351 -580.6837158203125
* 0.99946528673172 -0.009210295043885708 -0.03183970972895622 -205.25869750976563 0.008850903250277042 0.9997385144233704 -0.020476043224334717 154.45726013183594 0.03202345222234726 0.020157143473625183 0.9992832541465759 -575.2362060546875
#
#
#
#
#
#
#
#
* 0.998407244682312 -0.008301772177219391 -0.05580590292811394 -170.86285400390625 0.00703414948657155 0.9997079372406006 -0.02310049720108509 149.21847534179688 0.05598355457186699 0.022672569379210472 0.9981744885444641 -560.0897216796875
* 0.9994170665740967 -0.009231257252395153 -0.032871313393116 -162.768798828125 0.009158879518508911 0.9999538064002991 -0.0027388185262680054 147.24957275390625 0.03289724141359329 0.002437558025121689 0.999455988407135 -557.9542846679688
* 0.9989460706710815 -0.007413096260279417 -0.04529936984181404 -154.3457489013672 0.007326736114919186 0.9999698996543884 -0.002353161806240678 146.86569213867188 0.04531761631369591 0.002020187908783555 0.9989708065986633 -554.645263671875
* 0.9993370771408081 -0.0039043717551976442 -0.036201756447553635 -151.7569580078125 0.002805371070280671 0.9995239973068237 -0.030709564685821533 148.29873657226563 0.036306578665971756 0.03058907575905323 0.9988727569580078 -563.128662109375
* 0.9984636902809143 0.008837875910103321 -0.05470456928014755 -147.41168212890625 -0.009928024373948574 0.9997518658638 -0.01992194540798664 145.6246795654297 0.05451706796884537 0.020435888320207596 0.998304009437561 -560.195068359375
* 0.9987779259681702 0.009138342924416065 -0.04857552796602249 -144.613037109375 -0.01166523341089487 0.998565137386322 -0.05225827544927597 144.7286834716797 0.04803040996193886 0.05276251211762428 0.997451663017273 -562.5108642578125
* 0.9982005953788757 0.008677677251398563 -0.059334684163331985 -139.8115234375 -0.00992013793438673 0.9997321963310242 -0.0208925511687994 141.4580535888672 0.05913963541388512 0.021445007994771004 0.9980196356773376 -560.1272583007813
* 0.9985030889511108 0.013501483015716076 -0.05300665646791458 -132.45892333984375 -0.013673101551830769 0.9999013543128967 -0.0031167082488536835 143.29583740234375 0.052961476147174835 0.0038382504135370255 0.9985895156860352 -558.4767456054688
* 0.9970467686653137 0.018151508644223213 -0.07462316006422043 -126.1176986694336 -0.01962379738688469 0.9996224045753479 -0.019215328618884087 149.02378845214844 0.07424832135438919 0.0206244308501482 0.9970268607139587 -556.2815551757813
#
#
#
#
#
#
#
#
#
#
#
#
#
#
#
#
#
* 0.9917203783988953 0.030249787494540215 -0.12490461766719818 -117.53740692138672 -0.021281789988279343 0.9977103471755981 0.06363881379365921 -76.90782165527344 0.12655815482139587 -0.0602605976164341 0.9901294708251953 -546.9268188476563
* 0.996557891368866 0.010364573448896408 -0.08240500092506409 -124.00426483154297 -0.0040995473973453045 0.9980143308639526 0.06228277459740639 -92.42398834228516 0.08290368318557739 -0.061537716537714005 0.9946581125259399 -553.8594970703125
* 0.9982833862304688 0.011955142952501774 -0.05755843222141266 -129.17584228515625 -0.008135225623846054 0.9988353252410889 0.04680178314447403 -94.54556274414063 0.05806629732251167 -0.04605976119637489 0.9972519874572754 -557.8638305664063
* 0.9991732835769653 0.002419189317151904 -0.040898051112890244 -137.16854858398438 0.0011877422221004963 0.9981302618980408 0.06052400916814804 -93.48719024658203 0.04098476096987724 -0.06032975763082504 0.997339129447937 -558.164306640625
* 0.9989596605300903 0.015519542619585991 -0.04317910969257355 -158.708740234375 -0.010233786888420582 0.9953959584236145 0.0949259027838707 -99.61864471435547 0.044468119740486145 -0.09419367462396622 0.9945626854896545 -567.6889038085938
* 0.9982338547706604 0.008627037517726421 -0.05899353325366974 -176.38058471679688 -0.005664959084242582 0.9994611144065857 0.031211739405989647 -106.49142456054688 0.059246860444545746 -0.030628519132733345 0.9977758526802063 -561.684326171875
* 0.9996027946472168 0.006332267541438341 -0.02792278863489628 -197.4803466796875 -0.003580255899578333 0.998280942440033 0.05788853019475937 -114.36908721923828 0.02825683169066906 -0.057572636753320694 0.9979438185691833 -571.2401733398438
* 0.9992518424987793 -0.010462231002748013 -0.03757473826408386 -211.1375274658203 0.013208241201937199 0.9989460706710815 0.043140921741724014 -119.04644012451172 0.03710274025797844 -0.04341176524758339 0.9983705282211304 -566.4180297851563
* 0.9995244145393372 -0.02010267786681652 -0.023925233632326126 -225.2754669189453 0.022676793858408928 0.9977872967720032 0.06192842125892639 -123.79914093017578 0.022647807374596596 -0.06224920228123665 0.9978060722351074 -576.0803833007813
* 0.9998036026954651 -0.009604018181562424 -0.018058432266116142 -229.32391357421875 0.011160733178257942 0.9996158480644226 0.023924898356199265 -123.31141662597656 0.017839787527918816 -0.023927925154566765 0.9995568990707397 -572.0849609375
* 0.999992311000824 -0.0049228910356760025 0.004096356686204672 -233.8575439453125 0.005961512215435505 0.9997249841690063 0.021048376336693764 -122.47480010986328 -0.004182356875389814 -0.020829785615205765 0.9997767210006714 -580.9769287109375
* 0.9995439052581787 -0.01232155691832304 -0.028031978756189346 -227.32969665527344 0.01404253114014864 0.9996419548988342 0.021148037165403366 -115.04691314697266 0.02778024412691593 -0.02133816108107567 0.9993886947631836 -576.2411499023438
* 0.9999063014984131 -0.005734649486839771 -0.013420941308140755 -222.54544067382813 0.007032441440969706 0.9998575448989868 0.012801331467926502 -111.99002075195313 0.01336276438087225 -0.01270027831196785 0.9998324513435364 -585.3548583984375
* 0.9999473690986633 -0.008019782602787018 -0.008162368088960648 -213.62579345703125 0.009487108327448368 0.999006450176239 0.042714715003967285 -106.1907730102539 0.007829176262021065 -0.04259664565324783 0.999064028263092 -590.0309448242188
* 0.9994106888771057 -0.007443227339535952 -0.0338895246386528 -199.70655822753906 0.009184046648442745 0.9997594356536865 0.018030598759651184 -100.57914733886719 0.03376525267958641 -0.018137171864509583 0.999267578125 -581.7120971679688
* 0.9996487498283386 -0.009117522276937962 -0.025391623377799988 -196.36936950683594 0.011479552835226059 0.998697817325592 0.048981692641973495 -95.33602905273438 0.024930275976657867 -0.04906296357512474 0.9984868168830872 -579.8997192382813
* 0.9980037212371826 -0.001795843942090869 -0.06333133578300476 -191.59036254882813 0.0024930359795689583 0.9999375343322754 -0.006849594414234161 -93.73823547363281 0.06335721164941788 0.006872855126857758 0.9979695677757263 -572.2672119140625
* 0.9989754557609558 7.639992982149124E-4 -0.04552987590432167 -194.3800048828125 0.0012944248737767339 0.9997541904449463 0.02044408954679966 -95.16098022460938 0.04555114358663559 -0.02028796076774597 0.9987581968307495 -576.4102783203125
* 0.9990366101264954 -0.006476402282714844 -0.04369701072573662 -207.013671875 0.009480050764977932 0.9989981055259705 0.04290718585252762 -94.35140991210938 0.04339374601840973 -0.04308685287833214 0.998130738735199 -576.2980346679688
* 0.9996455311775208 -0.019000954926013947 -0.0193167757242918 -216.22140502929688 0.02119438722729683 0.9981299638748169 0.056705646216869354 -106.17013549804688 0.018223222345113754 -0.05690242722630501 0.9982156157493591 -573.2852172851563
* 0.9995526075363159 -0.00861290842294693 -0.029081160202622414 -222.9234619140625 0.01051305141299963 0.9995552897453308 0.02658630721271038 -126.66353607177734 0.028857477009296417 -0.026686403900384903 0.9992294907569885 -571.8982543945313
#
#
#
#
#
#
#
#
#
#
#
#
#
#
#
#
#
* 0.9977801442146301 -0.06537209451198578 -0.012638474814593792 -162.45677185058594 0.06569154560565948 0.9975029230117798 0.025954850018024445 -125.7359619140625 0.01091025397181511 -0.026727335527539253 0.9995833039283752 -565.5751342773438
* 0.9971073865890503 -0.07210690528154373 -0.02399737760424614 -175.02944946289063 0.07328647375106812 0.995948314666748 0.05212632939219475 -120.3189468383789 0.020141538232564926 -0.053734101355075836 0.9983521103858948 -564.4158325195313
* 0.9972395300865173 -0.07016120105981827 -0.02427348494529724 -184.56072998046875 0.07147744297981262 0.9957548379898071 0.0580025315284729 -125.60871124267578 0.02010098285973072 -0.059577297419309616 0.9980211853981018 -561.0076293945313
* 0.9964773058891296 -0.07930697500705719 -0.02723638527095318 -189.84396362304688 0.08043400943279266 0.9958429932594299 0.04275522753596306 -125.50082397460938 0.02373245544731617 -0.04479521885514259 0.9987141489982605 -559.5845336914063
#
#
#
#
#
#
#
#
#
#
#
#
#
#
#
#
#
#
#
#
#
#
#
#
#
#
#
#
#
#
#
#
#
#
#
#
#
#
#
#
#
#
#
#
#
#
#
#
#
#
#
#
#
#
#
#
#
#
#
#
#
#
#
#
#
#
#
#
#
#
#
#
#
#
#
#
#
#
#
#
#
#
#
#
#
#
#
#
#
#
#
#
#
#
#
#
#
#
#
#
* 0.9990172982215881 -0.03848011791706085 -0.021999169141054153 -245.74429321289063 0.03898322954773903 0.9989686012268066 0.02328680083155632 -81.26168060302734 0.021079828962683678 -0.024121202528476715 0.9994868040084839 -555.5096435546875
* 0.9989932179450989 -0.03890679404139519 -0.02234160341322422 -236.57484436035156 0.0396498441696167 0.9986279606819153 0.034209731966257095 -82.4891128540039 0.020979389548301697 -0.035060815513134 0.9991649985313416 -555.9456787109375
* 0.9992675185203552 -0.028260014951229095 -0.02580922655761242 -228.63015747070313 0.028246253728866577 0.9996009469032288 -5.963150761090219E-4 -81.33732604980469 0.025815192610025406 -1.3285415479913354E-4 0.999666690826416 -553.2667236328125
* 0.9992608428001404 -0.03368805721402168 -0.01852896623313427 -224.28909301757813 0.034242451190948486 0.9989356398582458 0.030908366665244102 -79.73872375488281 0.017467426136136055 -0.03151969984173775 0.9993504285812378 -555.7799072265625
* 0.999103307723999 -0.033133313059806824 -0.02636527456343174 -218.6937255859375 0.03392092138528824 0.9989648461341858 0.03031451255083084 -79.74050903320313 0.0253329798579216 -0.031181367114186287 0.9991925954818726 -556.729736328125
* 0.9990134239196777 -0.03005247190594673 -0.032701216638088226 -211.37159729003906 0.03054426982998848 0.9994227290153503 0.014886082150042057 -80.02310180664063 0.03223437815904617 -0.01586993783712387 0.9993542432785034 -555.1640625
* 0.9988988041877747 -0.027845127508044243 -0.03776482120156288 -205.14572143554688 0.027890849858522415 0.9996107220649719 8.912825724110007E-4 -78.86241149902344 0.03772469982504845 -0.0019432938424870372 0.9992861151695251 -556.5062866210938
* 0.9987093210220337 -0.030955448746681213 -0.04027171805500984 -200.18023681640625 0.031856469810009 0.999247670173645 0.022125357761979103 -74.86302947998047 0.039555929601192474 -0.02337939850986004 0.9989437460899353 -556.498046875
* 0.9989145994186401 -0.028941841796040535 -0.03650093451142311 -197.39633178710938 0.029008742421865463 0.9995781779289246 0.0015191256534308195 -69.2633056640625 0.03644098713994026 -0.002576013095676899 0.9993324875831604 -557.6386108398438
* 0.9972426891326904 -0.03166411817073822 -0.06711743772029877 -190.40855407714844 0.03238855302333832 0.9994269609451294 0.009849995374679565 -61.87080764770508 0.06676649302244186 -0.011996355839073658 0.9976965188980103 -554.487060546875
* 0.9972918033599854 -0.031166497617959976 -0.06661941111087799 -179.43331909179688 0.0318772979080677 0.999444305896759 0.009751055389642715 -59.819129943847656 0.06627790629863739 -0.011847957037389278 0.9977308511734009 -556.2542724609375
* 0.9975071549415588 -0.02354506589472294 -0.06652452051639557 -166.97088623046875 0.024811243638396263 0.9995231032371521 0.0183898713439703 -58.9085807800293 0.06605923920869827 -0.01999424770474434 0.997615396976471 -555.1401977539063
* 0.9983229041099548 -0.02650335058569908 -0.05147101357579231 -157.91799926757813 0.02771315537393093 0.9993493556976318 0.02308843843638897 -55.431724548339844 0.05082504078745842 -0.024475809186697006 0.9984076619148254 -557.4591064453125
* 0.9972216486930847 -0.02106596902012825 -0.07145272940397263 -152.28262329101563 0.021860525012016296 0.9997063279151917 0.01046624593436718 -55.323673248291016 0.07121069729328156 -0.011998826637864113 0.9973891377449036 -553.1072998046875
* 0.99790358543396 -0.024463219568133354 -0.059919703751802444 -151.0657958984375 0.02523115649819374 0.9996070265769958 0.012224419973790646 -58.83550262451172 0.05959654226899147 -0.013710306957364082 0.9981284141540527 -553.8377685546875
* 0.9995424747467041 -0.024174662306904793 -0.01818929985165596 -153.0587921142578 0.024756500497460365 0.999151349067688 0.032922837883234024 -61.16205596923828 0.01737741194665432 -0.03335774317383766 0.9992923736572266 -559.1875
* 0.9977497458457947 -0.015456872060894966 -0.06524590402841568 -152.20057678222656 0.017603766173124313 0.9993142485618591 0.03257971629500389 -61.04988479614258 0.0646970123052597 -0.03365463763475418 0.997337281703949 -555.051025390625
* 0.9976028800010681 -0.015003258362412453 -0.06755557656288147 -151.45184326171875 0.01541329175233841 0.9998652935028076 0.005668161436915398 -58.965518951416016 0.06746086478233337 -0.006695501506328583 0.9976994395256042 -554.5555419921875
* 0.9975451231002808 -0.024959061294794083 -0.06543000042438507 -152.0425567626953 0.026332642883062363 0.9994465112686157 0.02033563330769539 -56.7743034362793 0.06488566100597382 -0.022008320316672325 0.9976499676704407 -555.4829711914063
* 0.9969319701194763 -0.01144361961632967 -0.0774337574839592 -150.7882080078125 0.011401570402085781 0.999934732913971 -8.842386305332184E-4 -59.56076431274414 0.07743824273347855 -1.0151416063308716E-6 0.9969971179962158 -551.9223022460938
* 0.9986998438835144 -0.02029288001358509 -0.046768274158239365 -150.63040161132813 0.021060124039649963 0.9996480345726013 0.016139112412929535 -61.5614013671875 0.04642374813556671 -0.017102744430303574 0.9987753629684448 -556.972412109375
* 0.9995035529136658 -0.02050182595849037 -0.023933814838528633 -148.77488708496094 0.0212795939296484 0.9992275238037109 0.03304307535290718 -57.94099044799805 0.023237336426973343 -0.033535633236169815 0.999167263507843 -558.8043212890625
* 0.9978705048561096 -0.0188620463013649 -0.06244238466024399 -146.8229522705078 0.020998429507017136 0.9992060661315918 0.03386230766773224 -56.366214752197266 0.0617535337805748 -0.03510105237364769 0.9974738955497742 -553.7542724609375
* 0.9977889060974121 -0.02370055578649044 -0.06209639832377434 -148.26246643066406 0.02717750146985054 0.998067319393158 0.055888477712869644 -55.105777740478516 0.06065121665596962 -0.05745217949151993 0.9965041279792786 -553.907958984375
* 0.9976872205734253 -0.01561648491770029 -0.06615641713142395 -151.80519104003906 0.0165100134909153 0.9997780919075012 0.0130995512008667 -52.9990348815918 0.06593658775091171 -0.014161180704832077 0.9977232217788696 -553.5601806640625
* 0.9985873103141785 -0.01563304103910923 -0.05078483372926712 -154.34129333496094 0.01720023714005947 0.9993801116943359 0.03072616644203663 -52.592464447021484 0.05027243494987488 -0.03155595436692238 0.9982367753982544 -555.6963500976563
* 0.998538613319397 -0.01886143907904625 -0.0506461039185524 -156.50242614746094 0.01957041770219803 0.9997150301933289 0.01369474921375513 -51.67228698730469 0.05037279054522514 -0.014665587805211544 0.998622715473175 -556.4701538085938
* 0.9980699419975281 -0.0245472714304924 -0.057044368237257004 -159.26290893554688 0.028008414432406425 0.9977554082870483 0.06083007901906967 -48.52503967285156 0.05542253702878952 -0.062310051172971725 0.9965168237686157 -556.8858642578125
* 0.9976584911346436 -0.011787660419940948 -0.0673716813325882 -160.71505737304688 0.011183046735823154 0.9998951554298401 -0.009228337556123734 -46.696128845214844 0.06747280806303024 0.008453607559204102 0.9976853132247925 -554.0428466796875
* 0.9979601502418518 -0.015099567361176014 -0.06203118711709976 -162.25274658203125 0.01605558581650257 0.9997578859329224 0.015069144777953625 -46.696495056152344 0.06178804486989975 -0.016034042462706566 0.9979604482650757 -552.7324829101563
* 0.9981306791305542 -0.01770360954105854 -0.05849917232990265 -163.755859375 0.02033948339521885 0.9987843632698059 0.04491007328033447 -44.721412658691406 0.05763240158557892 -0.04601563513278961 0.997276782989502 -554.2919311523438
* 0.9974799752235413 -0.006799084600061178 -0.07062417268753052 -163.35455322265625 0.006932328455150127 0.9999748468399048 0.0017523923888802528 -43.007911682128906 0.07060987502336502 -0.0022372682578861713 0.9975014328956604 -551.7681274414063
* 0.9976950883865356 -0.013043999671936035 -0.06659291684627533 -161.22608947753906 0.013801929540932178 0.9998440742492676 0.011051998473703861 -42.549903869628906 0.06643778085708618 -0.011945328675210476 0.9977189302444458 -553.8775634765625
* 0.9967851042747498 -0.021886255592107773 -0.07707564532756805 -151.50430297851563 0.022019563242793083 0.9997574687004089 9.81794437393546E-4 -43.016510009765625 0.07703489065170288 -0.002675502561032772 0.997024655342102 -554.56982421875
* 0.9971188306808472 -0.014508982188999653 -0.07445655018091202 -138.20066833496094 0.017015241086483 0.999302864074707 0.03324347361922264 -42.47934341430664 0.07392172515392303 -0.03441426530480385 0.9966699481010437 -554.0911254882813
* 0.9982789754867554 -0.01771353743970394 -0.05590677261352539 -130.23828125 0.018646538257598877 0.9996927976608276 0.016351880505681038 -40.27254104614258 0.05559936910867691 -0.017365887761116028 0.9983020424842834 -556.7971801757813
* 0.9971552491188049 0.0061442311853170395 -0.07512626051902771 -126.36378479003906 -0.008137376047670841 0.9996253252029419 -0.026148952543735504 -36.998538970947266 0.07493685185909271 0.026686178520321846 0.9968310594558716 -552.6719970703125
* 0.99580979347229 -0.026475025340914726 -0.08753367513418198 -126.63914489746094 0.03195251151919365 0.9975731372833252 0.061869461089372635 -33.155555725097656 0.08568268269300461 -0.06440679728984833 0.9942384362220764 -552.5
* 0.9982000589370728 -0.008668840862810612 -0.05934365093708038 -128.89239501953125 0.008647196926176548 0.9999629259109497 -4.890976124443114E-4 -35.5075798034668 0.059345148503780365 -2.4636319722048938E-5 0.9982374906539917 -552.8626098632813
* 0.9960910677909851 -0.004921013489365578 -0.08819589018821716 -129.6057586669922 0.005848683416843414 0.9999297261238098 0.010351990349590778 -36.66929244995117 0.08813819289207458 -0.010827044025063515 0.9960494041442871 -552.5872802734375
* 0.9987049102783203 -0.012902279384434223 -0.04921621084213257 -128.8321990966797 0.01464862935245037 0.9992644786834717 0.03544992208480835 -37.538394927978516 0.04872209578752518 -0.03612463176250458 0.998158872127533 -555.1925659179688
* 0.9963271617889404 -0.01654965803027153 -0.08401478826999664 -130.3461456298828 0.019507957622408867 0.9992110133171082 0.034607719630002975 -42.571834564208984 0.08337520062923431 -0.036119233816862106 0.9958633780479431 -551.6736450195313
* 0.9994454383850098 -0.011202799156308174 -0.031360041350126266 -137.01641845703125 0.012209632433950901 0.9994022250175476 0.032352935522794724 -44.90349578857422 0.030978333204984665 -0.03271756321191788 0.9989843368530273 -556.6574096679688
* 0.9976270198822021 -0.017598507925868034 -0.06656479835510254 -144.85401916503906 0.020017890259623528 0.9991524815559387 0.03597404807806015 -45.11220932006836 0.06587477773427963 -0.03722083568572998 0.9971333146095276 -553.2039794921875
* 0.9985686540603638 -0.014029688201844692 -0.05161526799201965 -151.23043823242188 0.01530073769390583 0.9995838403701782 0.024465344846248627 -46.569026947021484 0.05125003680586815 -0.025219738483428955 0.9983672499656677 -554.5977783203125
* 0.9975915551185608 -0.01957498863339424 -0.06654423475265503 -153.71295166015625 0.022366100922226906 0.9988851547241211 0.04157938435673714 -47.81254196166992 0.06565561890602112 -0.04296722263097763 0.9969167113304138 -551.724609375
* 0.9981160163879395 -0.015073333866894245 -0.05947628617286682 -158.29928588867188 0.0175889041274786 0.9989574551582336 0.042133525013923645 -49.828941345214844 0.05877866968512535 -0.04309994354844093 0.9973400831222534 -555.0795288085938
* 0.9983608722686768 -0.003305197926238179 -0.05713888630270958 -162.29302978515625 0.004674603696912527 0.9997016191482544 0.023985475301742554 -48.511085510253906 0.05704202502965927 -0.024212950840592384 0.9980779886245728 -556.8369750976563
* 0.9968034029006958 -0.011448071338236332 -0.0790698453783989 -164.44065856933594 0.01404832024127245 0.9993730187416077 0.03250641003251076 -45.259033203125 0.07864759117364883 -0.03351297974586487 0.9963388442993164 -551.806396484375
* 0.9978705644607544 -0.018458375707268715 -0.06256000697612762 -167.60328674316406 0.020010627806186676 0.9995022416114807 0.024402029812335968 -44.67902755737305 0.06207789480686188 -0.025601621717214584 0.997742772102356 -554.0507202148438
* 0.9976592659950256 -0.007926691323518753 -0.06792224943637848 -167.9938507080078 0.008356648497283459 0.9999463558197021 0.006162916775792837 -43.349517822265625 0.06786919385194778 -0.006715789902955294 0.9976715445518494 -552.3676147460938
* 0.9962233901023865 -0.009219315834343433 -0.08633799850940704 -168.099609375 0.010616329498589039 0.9998186826705933 0.015825927257537842 -42.47774887084961 0.08617586642503738 -0.016682440415024757 0.99614018201828 -549.181640625
* 0.997003972530365 -0.017680170014500618 -0.0753052681684494 -169.1299285888672 0.01820100098848343 0.999814510345459 0.006338917650282383 -43.314849853515625 0.07517868280410767 -0.007690235041081905 0.9971403479576111 -550.1469116210938
* 0.9978615045547485 -0.023399069905281067 -0.061035651713609695 -169.8914337158203 0.02610119991004467 0.9986913800239563 0.04398554190993309 -42.6317024230957 0.059926025569438934 -0.04548424482345581 0.997165858745575 -553.0160522460938
* 0.9987278580665588 -0.013679444789886475 -0.048539575189352036 -170.34078979492188 0.013696493580937386 0.9999064803123474 1.7817341722548008E-4 -42.439659118652344 0.048532068729400635 -8.424650877714157E-4 0.9988210797309875 -553.8756713867188
* 0.9984763264656067 -0.016905147582292557 -0.05253422260284424 -170.11024475097656 0.018307942897081375 0.9994818568229675 0.026485227048397064 -42.97725296020508 0.05205872654914856 -0.02740633673965931 0.9982677102088928 -551.6771850585938
* 0.9986778497695923 -0.005068995989859104 -0.05116019770503044 -170.94650268554688 0.004677006509155035 0.9999603629112244 -0.007628089748322964 -43.85574722290039 0.051196299493312836 0.007379029877483845 0.9986612796783447 -553.5227661132813
* 0.9977063536643982 -0.01590556465089321 -0.06579957902431488 -170.4703369140625 0.016742851585149765 0.9997844099998474 0.01231047511100769 -45.02003860473633 0.0655890628695488 -0.013383578509092331 0.9977569580078125 -552.940185546875
* 0.9978196024894714 -0.007601890247315168 -0.06556426733732224 -168.98231506347656 0.007250737864524126 0.9999591708183289 -0.005474619567394257 -46.043617248535156 0.06560268998146057 0.004987611901015043 0.9978333711624146 -551.7334594726563
* 0.9982760548591614 -0.014675096608698368 -0.05683288723230362 -168.79209899902344 0.015165026299655437 0.9998506903648376 0.00833502784371376 -46.126792907714844 0.05670156329870224 -0.009182194247841835 0.9983489513397217 -554.4312744140625
* 0.9982582926750183 -0.01106058806180954 -0.05795237421989441 -167.90887451171875 0.011275861412286758 0.9999306797981262 0.003522284794598818 -45.783966064453125 0.057908881455659866 -0.00416928343474865 0.9983131289482117 -553.7708129882813
* 0.9988314509391785 -0.011949981562793255 -0.04683398827910423 -168.34341430664063 0.014172467403113842 0.9987672567367554 0.047581057995557785 -46.93796157836914 0.046207159757614136 -0.04818884655833244 0.9977688193321228 -555.7405395507813
* 0.9972701668739319 -0.008154488168656826 -0.07339077442884445 -167.1094512939453 0.008393954485654831 0.9999604821205139 0.0030606535729020834 -47.58074951171875 0.07336238771677017 -0.0036680076736956835 0.997298538684845 -551.4108276367188
* 0.998948335647583 -0.012722894549369812 -0.04405546188354492 -168.6666717529297 0.013730298727750778 0.9996457099914551 0.022817429155111313 -48.61886978149414 0.043749045580625534 -0.02339797466993332 0.9987684488296509 -553.3660278320313
* 0.9977414011955261 -0.009487233124673367 -0.06650286167860031 -170.7692413330078 0.00983737874776125 0.9999392628669739 0.005056196823716164 -48.30784225463867 0.0664503425359726 -0.005698652006685734 0.9977734684944153 -550.8776245117188
* 0.9980505704879761 -0.015469259582459927 -0.060468241572380066 -174.703369140625 0.015595999546349049 0.9998772144317627 0.0017528238240629435 -47.513301849365234 0.060433194041252136 -0.0026921567041426897 0.9981687068939209 -554.5557861328125
* 0.9987779855728149 -0.011454160325229168 -0.04808342456817627 -176.02130126953125 0.012682871893048286 0.999595046043396 0.025489147752523422 -46.19037628173828 0.04777149111032486 -0.02606751210987568 0.998518168926239 -555.3983764648438
* 0.9985738396644592 -0.013870538212358952 -0.051561031490564346 -176.3081817626953 0.01513555645942688 0.9995886087417603 0.024376899003982544 -45.689910888671875 0.051201194524765015 -0.02512221410870552 0.9983723759651184 -553.1697998046875
* 0.9982008934020996 -0.02117438241839409 -0.056100234389305115 -178.3345184326172 0.023053927347064018 0.9991827607154846 0.03321082890033722 -44.38844680786133 0.05535067245364189 -0.03444407880306244 0.9978727698326111 -552.8032836914063
* 0.998082160949707 -0.008105065673589706 -0.06137629970908165 -182.47845458984375 0.00869706366211176 0.9999173283576965 0.009511063806712627 -42.58253860473633 0.06129365786910057 -0.010026305913925171 0.9980695247650146 -550.6362915039063
* 0.9983645677566528 -0.016318922862410545 -0.05479572340846062 -188.7244110107422 0.017990125343203545 0.999379575252533 0.03028876520693302 -41.7801628112793 0.05426696687936783 -0.031224681064486504 0.9980382323265076 -552.9049072265625
* 0.9980008006095886 -0.01234588772058487 -0.06198978051543236 -193.5597381591797 0.014496732503175735 0.9993000626564026 0.034494537860155106 -42.01152038574219 0.06152002513408661 -0.03532391041517258 0.9974806904792786 -552.34716796875
* 0.9983571767807007 -0.012052204459905624 -0.05602175369858742 -196.74571228027344 0.013048681430518627 0.9997603893280029 0.017595408484339714 -44.578487396240234 0.05579576641321182 -0.01829720474779606 0.9982746243476868 -553.654541015625
* 0.9980045557022095 -0.02426457218825817 -0.058300916105508804 -196.41729736328125 0.027709532529115677 0.9978640675544739 0.0591636523604393 -46.090911865234375 0.05674031004309654 -0.060660749673843384 0.9965445399284363 -552.224853515625
* 0.9990358352661133 -0.016036776825785637 -0.040879540145397186 -197.50369262695313 0.01799628883600235 0.9986750483512878 0.048220403492450714 -46.277244567871094 0.040051598101854324 -0.048909254372119904 0.9980000257492065 -553.6259765625
* 0.9982584714889526 -0.02381799928843975 -0.053978435695171356 -197.79019165039063 0.024978308007121086 0.9994664192199707 0.021069969981908798 -46.99108123779297 0.05344729125499725 -0.022381240501999855 0.9983200430870056 -553.3119506835938
* 0.9988213181495667 -0.012864818796515465 -0.04681229218840599 -195.90431213378906 0.013021782040596008 0.9999105334281921 0.003216370241716504 -47.82976531982422 0.046766214072704315 -0.0038218586705625057 0.9988987445831299 -553.3656005859375
* 0.9983841776847839 -0.018535783514380455 -0.05372507497668266 -192.00820922851563 0.020805472508072853 0.9988952875137329 0.042147085070610046 -46.94976806640625 0.05288398265838623 -0.0431964248418808 0.9976661205291748 -553.0400390625
* 0.9987770915031433 -0.011407279409468174 -0.04811576381325722 -189.07244873046875 0.012045012786984444 0.9998415112495422 0.013148322701454163 -44.935333251953125 0.0479576513171196 -0.013711486011743546 0.9987553954124451 -553.260009765625
* 0.9990588426589966 -0.0017763617215678096 -0.04334958642721176 -186.49148559570313 0.0014474076451733708 0.999971866607666 -0.0074375285767018795 -43.06142044067383 0.043361082673072815 0.007368072401732206 0.9990323781967163 -553.6558227539063
* 0.9984565377235413 -0.01902099885046482 -0.05218816176056862 -183.03358459472656 0.02066209726035595 0.9992989301681519 0.031240368261933327 -42.03413009643555 0.051556847989559174 -0.03227013722062111 0.9981486201286316 -551.3897094726563
* 0.9982946515083313 -0.011066575534641743 -0.0573255755007267 -181.19314575195313 0.011137865483760834 0.9999380111694336 0.0010608561569824815 -41.12351989746094 0.05730976164340973 -0.0016972351586446166 0.9983550310134888 -552.9086303710938
* 0.9989038109779358 -0.010565048083662987 -0.04561084881424904 -180.36012268066406 0.011962125077843666 0.9994595050811768 0.030639290809631348 -40.02493667602539 0.04526197910308838 -0.03115098550915718 0.9984893798828125 -553.8662109375
* 0.998477041721344 -0.01718774624168873 -0.05243057385087013 -180.24879455566406 0.018603716045618057 0.9994684457778931 0.026789570227265358 -39.3975830078125 0.051941752433776855 -0.027723873034119606 0.998265266418457 -551.25830078125
* 0.9980353713035583 -0.005912777502089739 -0.06237933784723282 -182.05435180664063 0.006113080307841301 0.9999768137931824 0.003145929193124175 -39.36899185180664 0.0623587891459465 -0.0035207998007535934 0.9980476498603821 -549.9844970703125
* 0.9987810850143433 -0.0034401901066303253 -0.04924757778644562 -186.50701904296875 0.003954448737204075 0.9999374151229858 0.010507054626941681 -39.84161376953125 0.04920785129070282 -0.01068870723247528 0.9987314343452454 -552.9390869140625
* 0.997593343257904 -0.01401018351316452 -0.06791295111179352 -189.61190795898438 0.015003358945250511 0.9997863173484802 0.014251356944441795 -41.45814895629883 0.06769826263189316 -0.015235688537359238 0.9975895881652832 -550.251953125
* 0.9986767172813416 -0.010632692836225033 -0.05032596364617348 -191.94699096679688 0.011386936530470848 0.9998248815536499 0.014879027381539345 -42.4924430847168 0.05015844851732254 -0.015432100743055344 0.9986220598220825 -551.2439575195313
* 0.9991413950920105 -0.014292631298303604 -0.03889954462647438 -192.7025146484375 0.015151645988225937 0.9996418356895447 0.02207920141518116 -42.9552116394043 0.038569558411836624 -0.022649340331554413 0.9989992380142212 -552.8485717773438
* 0.9984531402587891 -0.015746118500828743 -0.053332533687353134 -191.69216918945313 0.016943171620368958 0.9996101260185242 0.022213919088244438 -44.16029357910156 0.05296145752072334 -0.023082882165908813 0.998329758644104 -551.7398071289063
* 0.9984995126724243 -0.016062112525105476 -0.05235982686281204 -190.65554809570313 0.016722960397601128 0.9997841715812683 0.012356049381196499 -46.11444091796875 0.05214956775307655 -0.013212833553552628 0.9985518455505371 -551.01708984375
* 0.9981563687324524 -0.023465029895305634 -0.05598313733935356 -190.4618377685547 0.025475308299064636 0.9990413784980774 0.035610031336545944 -46.11220169067383 0.05509338900446892 -0.03697025775909424 0.9977964758872986 -552.15283203125
* 0.998810350894928 -0.01515587791800499 -0.04635728895664215 -191.1974334716797 0.01565726287662983 0.9998212456703186 0.010639768093824387 -45.00559616088867 0.04618725925683975 -0.011352656409144402 0.9988682270050049 -554.25439453125
* 0.9982137084007263 -0.00992970634251833 -0.05892002955079079 -190.85031127929688 0.009992479346692562 0.999950110912323 9.030569344758987E-4 -42.39267349243164 0.05890761315822601 -0.0014899158850312233 0.9982622265815735 -551.7654418945313
* 0.9989727139472961 -0.005367909092456102 -0.04500456899404526 -190.8265838623047 0.005058360751718283 0.9999644160270691 -0.0068163033574819565 -40.088348388671875 0.04503905773162842 0.0065819271840155125 0.998963475227356 -551.7362060546875
* 0.9973074197769165 -0.026145555078983307 -0.06852000951766968 -188.8214569091797 0.02925526350736618 0.9985636472702026 0.04489576816558838 -37.938472747802734 0.06724724173545837 -0.046779125928878784 0.9966390132904053 -548.4473876953125
