#
#
#
#
#
#
#
#
#
#
#
#
#
#
#
#
#
#
#
#
#
#
#
#
#
#
#
#
#
#
#
#
#
#
#
#
#
#
#
#
#
#
#
#
#
#
#
#
#
#
#
#
#
#
#
#
#
#
#
#
#
#
#
#
#
#
#
#
#
#
#
#
#
#
#
#
#
#
#
#
#
#
#
#
#
#
#
#
#
#
#
#
#
#
#
#
#
#
#
#
#
#
#
#
#
#
#
#
#
#
#
#
#
#
#
#
#
#
#
#
#
#
#
#
#
#
#
#
#
#
#
#
#
#
#
#
#
#
#
#
#
#
#
#
#
#
#
#
#
#
#
#
#
#
#
#
#
#
#
#
#
#
#
* 0.9658764600753784 0.12342271208763123 -0.2276877909898758 -99.50646209716797 -0.1561121642589569 0.9789600372314453 -0.1314198523759842 56.07780075073242 0.20667704939842224 0.16248047351837158 0.9648237228393555 -342.0150451660156
* 0.9503811597824097 0.10436303913593292 -0.29304710030555725 -85.75508117675781 -0.1408802717924118 0.984314501285553 -0.1062198132276535 40.86968231201172 0.2773652970790863 0.14223414659500122 0.9501779079437256 -337.5192565917969
* 0.9624391198158264 0.0967002660036087 -0.25367826223373413 -75.83528900146484 -0.12854085862636566 0.9853715300559998 -0.11191560328006744 23.56663703918457 0.23914526402950287 0.14032024145126343 0.960791289806366 -345.3778076171875
* 0.966771125793457 0.0924377590417862 -0.2383308708667755 -65.42132568359375 -0.11887922883033752 0.9879754781723022 -0.09888067841529846 -0.026009665802121162 0.22632494568824768 0.12392782419919968 0.9661362171173096 -347.8605041503906
#
#
#
#
#
#
#
#
#
#
#
#
#
#
#
#
#
#
#
#
#
#
#
#
#
#
#
#
#
#
#
#
#
#
#
#
#
#
#
#
#
#
#
#
#
#
#
#
#
#
#
#
#
#
#
#
#
#
#
#
#
#
#
#
#
#
#
#
#
#
#
#
#
#
#
#
#
#
#
#
#
#
#
#
#
#
#
#
#
#
#
#
#
#
#
#
#
#
#
#
#
#
#
#
#
#
#
#
#
#
#
#
#
#
#
#
#
#
#
#
#
#
#
#
#
#
#
#
#
#
#
#
#
#
#
#
#
#
#
#
#
#
#
#
#
#
#
#
#
#
#
#
#
#
#
#
#
#
#
#
#
#
#
#
#
#
#
#
#
#
#
#
#
#
#
#
#
#
#
#
#
#
#
#
#
#
#
#
#
#
#
#
#
#
#
#
#
#
#
#
#
#
#
#
#
#
#
#
#
#
#
#
#
#
#
#
#
#
#
#
#
#
#
#
#
#
#
#
#
* 0.9979954957962036 0.04977711662650108 -0.03904492035508156 -93.27900695800781 -0.04962063953280449 0.9987531900405884 0.005713716149330139 -84.99239349365234 0.039281830191612244 -0.0037659481167793274 0.9992212057113647 -418.5146484375
* 0.9970588088035583 0.04634663090109825 -0.06101597100496292 -93.83928680419922 -0.045852649956941605 0.9989000558853149 0.009949486702680588 -72.02351379394531 0.06141115725040436 -0.007123597897589207 0.9980872869491577 -416.87713623046875
* 0.9951688647270203 0.04637237265706062 -0.0865209549665451 -98.59150695800781 -0.04626762121915817 0.9989241361618042 0.0035555497743189335 -59.86628723144531 0.08659392595291138 4.6364046283997595E-4 0.9962437748908997 -418.7826232910156
* 0.9920686483383179 0.035504210740327835 -0.12056777626276016 -104.47710418701172 -0.031215958297252655 0.9988098740577698 0.03751291707158089 -47.14522933959961 0.12175729870796204 -0.03345286101102829 0.9919962286949158 -413.07000732421875
* 0.9909155368804932 0.03315454348921776 -0.13032476603984833 -111.62947082519531 -0.029313018545508385 0.9990749359130859 0.03150920197367668 -40.79148864746094 0.1312500387430191 -0.027403855696320534 0.9909707307815552 -410.8999938964844
* 0.9916157722473145 0.03623371198773384 -0.12402766942977905 -117.99044036865234 -0.03586668521165848 0.9993432760238647 0.005428131204098463 -38.02069854736328 0.1241440698504448 -9.352599154226482E-4 0.9922640323638916 -409.08349609375
* 0.9945319294929504 0.03373471274971962 -0.09882162511348724 -126.04557800292969 -0.03293679654598236 0.9994088411331177 0.009991658851504326 -33.56819152832031 0.09910145401954651 -0.0066832550801336765 0.9950551390647888 -415.63629150390625
* 0.9931545853614807 0.03253945708274841 -0.11217273771762848 -133.99879455566406 -0.03218545392155647 0.9994696378707886 0.005227426998317242 -25.43515396118164 0.11228451132774353 -0.0015824097208678722 0.9936751127243042 -415.6519470214844
* 0.9916502237319946 0.028904300183057785 -0.12566645443439484 -142.26097106933594 -0.02800588682293892 0.9995673298835754 0.00914391316473484 -17.50237464904785 0.12587754428386688 -0.005549255758523941 0.9920305609703064 -410.8660583496094
* 0.9940722584724426 0.035912226885557175 -0.1026080995798111 -150.9795684814453 -0.035860538482666016 0.9993546605110168 0.00263547757640481 -10.145782470703125 0.10263772308826447 0.0010586422868072987 0.9947185516357422 -409.631591796875
* 0.9967482686042786 0.03451993688941002 -0.0727938711643219 -155.60220336914063 -0.035795144736766815 0.9992342591285706 -0.015879470854997635 -3.4730772972106934 0.07219116389751434 0.018432417884469032 0.9972207546234131 -407.7986145019531
* 0.9973559975624084 0.037823524326086044 -0.06203223764896393 -158.24009704589844 -0.038737982511520386 0.9991644024848938 -0.013127154670655727 1.699549674987793 0.06148509308695793 0.01549435779452324 0.9979879856109619 -408.95404052734375
* 0.9970203042030334 0.03270752355456352 -0.06984412670135498 -158.27699279785156 -0.03275829181075096 0.999464213848114 8.399048820137978E-4 6.610103607177734 0.06983537971973419 0.0014494769275188446 0.9975576996803284 -408.04248046875
* 0.9968575835227966 0.03737608343362808 -0.06982411444187164 -157.05874633789063 -0.03934629261493683 0.9988720417022705 -0.026629537343978882 11.490728378295898 0.0687512531876564 0.029292091727256775 0.9972038865089417 -407.0457763671875
* 0.9960058331489563 0.04615920037031174 -0.07641461491584778 -153.7054901123047 -0.04870925098657608 0.9983188509941101 -0.03145671635866165 15.447510719299316 0.07483536750078201 0.03505207970738411 0.9965798854827881 -406.2410583496094
* 0.9947039484977722 0.03459751233458519 -0.09677014499902725 -149.30101013183594 -0.036266643553972244 0.9992272853851318 -0.015236691571772099 18.241518020629883 0.09616943448781967 0.018664410337805748 0.9951902031898499 -405.2688903808594
* 0.9939444065093994 0.039942022413015366 -0.10235430300235748 -144.8583984375 -0.04096588119864464 0.9991326332092285 -0.007631323300302029 18.536226272583008 0.10196195542812347 0.011777039617300034 0.9947187900543213 -402.92724609375
* 0.9941912889480591 0.0439930260181427 -0.09821134805679321 -143.42967224121094 -0.04661206528544426 0.9986203908920288 -0.024229949340224266 17.187719345092773 0.09701113402843475 0.028665943071246147 0.9948705434799194 -403.3147888183594
* 0.9947487711906433 0.04509217292070389 -0.09186334908008575 -143.08641052246094 -0.047346580773591995 0.9986333250999451 -0.02218618057668209 16.820348739624023 0.09073860198259354 0.02641799859702587 0.995524525642395 -404.6888427734375
* 0.9939814805984497 0.03779454156756401 -0.10280978679656982 -140.46261596679688 -0.03957030177116394 0.9991053938865662 -0.014999430626630783 17.61281394958496 0.10215213894844055 0.018976273015141487 0.9945880174636841 -402.7876281738281
* 0.9939826130867004 0.04061973839998245 -0.10171569883823395 -139.16976928710938 -0.04234659671783447 0.9989977478981018 -0.014583989046514034 16.1982421875 0.10102257877588272 0.018802456557750702 0.9947066903114319 -403.46221923828125
* 0.9932459592819214 0.04256599768996239 -0.10792660713195801 -138.74464416503906 -0.046935293823480606 0.9981763362884521 -0.037994127720594406 12.778291702270508 0.1061137393116951 0.042802006006240845 0.9934326410293579 -403.48638916015625
* 0.9942264556884766 0.04129507392644882 -0.09902511537075043 -138.3774871826172 -0.04246511310338974 0.9990545511245728 -0.009437554515898228 10.981237411499023 0.09854298084974289 0.013587095774710178 0.9950403571128845 -403.7834167480469
* 0.9931418299674988 0.04081025719642639 -0.1095508486032486 -137.3933868408203 -0.043039992451667786 0.9989160299301147 -0.017795022577047348 10.199068069458008 0.10870710015296936 0.02238696813583374 0.9938220977783203 -402.8377380371094
* 0.9933398365974426 0.04349200055003166 -0.1066867932677269 -136.0913543701172 -0.04526352137327194 0.9988786578178406 -0.013961291871964931 8.789356231689453 0.10596118867397308 0.018696237355470657 0.9941948652267456 -403.0002136230469
* 0.9941494464874268 0.047455478459596634 -0.09701792895793915 -135.67620849609375 -0.04945267736911774 0.9986158013343811 -0.017978474497795105 7.719564914703369 0.09603169560432434 0.022670011967420578 0.9951204657554626 -404.6555480957031
* 0.9937271475791931 0.04278523847460747 -0.10331189632415771 -133.9413299560547 -0.04586997628211975 0.9985732436180115 -0.027380594983696938 7.464716911315918 0.10199424624443054 0.03194667398929596 0.9942722916603088 -402.69024658203125
* 0.99535071849823 0.040562864392995834 -0.08734552562236786 -134.0096893310547 -0.04123182222247124 0.9991354942321777 -0.005530191585421562 7.357556343078613 0.08704692125320435 0.00910479947924614 0.9961630702018738 -406.2686462402344
* 0.9940648078918457 0.032849643379449844 -0.1036994457244873 -132.42352294921875 -0.033243998885154724 0.9994468092918396 -0.001792897004634142 5.459577560424805 0.1035844087600708 0.005228532012552023 0.9946073293685913 -404.9541931152344
* 0.9924089312553406 0.038255125284194946 -0.1168699786067009 -131.0146484375 -0.03935101628303528 0.9992032051086426 -0.006831070873886347 4.92612361907959 0.11651676893234253 0.011377084068953991 0.9931239485740662 -404.3035583496094
* 0.9937507510185242 0.031885776668787 -0.10695918649435043 -130.4629669189453 -0.03035268932580948 0.9994089603424072 0.01620475761592388 5.055683612823486 0.1074138730764389 -0.012858091853559017 0.9941316246986389 -405.5420837402344
* 0.993544340133667 0.03787250444293022 -0.10692494362592697 -129.97012329101563 -0.0378713496029377 0.9992809891700745 0.002317137084901333 5.175893783569336 0.10693705081939697 0.0017461315728724003 0.9942646622657776 -404.1040344238281
* 0.9940850138664246 0.03930368274450302 -0.10123290866613388 -131.28285217285156 -0.03833009675145149 0.9991961717605591 0.011834331788122654 6.597341537475586 0.10161790251731873 -0.007885143160820007 0.994792640209198 -405.5479736328125
* 0.9942275285720825 0.0392315611243248 -0.09985195100307465 -132.3548126220703 -0.039309997111558914 0.9992271065711975 0.0014765396481379867 7.931154251098633 0.09983394294977188 0.002456087851896882 0.9950013756752014 -405.09124755859375
* 0.9936999082565308 0.04157401993870735 -0.10406701266765594 -134.2918701171875 -0.04320521280169487 0.9989803433418274 -0.01318485476076603 9.572649002075195 0.10341398417949677 0.017596961930394173 0.9944829940795898 -404.68359375
* 0.9934272766113281 0.03912345692515373 -0.10756103694438934 -136.2943572998047 -0.04071244224905968 0.9990957975387573 -0.012341710738837719 10.722213745117188 0.10698217153549194 0.01663859188556671 0.9941219687461853 -403.81378173828125
* 0.993424117565155 0.04553413391113281 -0.10503800213336945 -137.6143798828125 -0.048188257962465286 0.998583972454071 -0.02258644998073578 12.801560401916504 0.10386206954717636 0.027498461306095123 0.9942117929458618 -404.04931640625
* 0.9945927262306213 0.048158541321754456 -0.0919981598854065 -137.34043884277344 -0.05021822825074196 0.9985414147377014 -0.01988169737160206 15.031550407409668 0.0909077450633049 0.024393117055296898 0.9955607652664185 -405.3302917480469
* 0.9938294291496277 0.04147752374410629 -0.10286085307598114 -135.75025939941406 -0.04335508495569229 0.9989359378814697 -0.015796640887856483 17.686565399169922 0.10209743678569794 0.020157651975750923 0.9945703744888306 -404.1654968261719
* 0.9947196841239929 0.046897195279598236 -0.09127440303564072 -136.31857299804688 -0.048989761620759964 0.9985901713371277 -0.0204957015812397 20.73854637145996 0.0901857540011406 0.02485792338848114 0.9956149458885193 -405.80987548828125
* 0.9933791756629944 0.04280912131071091 -0.10659611225128174 -137.19630432128906 -0.04563518986105919 0.998672604560852 -0.023936042562127113 23.618650436401367 0.10543116182088852 0.028641026467084885 0.9940142631530762 -403.7212219238281
* 0.9950742721557617 0.03907376155257225 -0.09109316766262054 -138.6977081298828 -0.04119659587740898 0.9989269971847534 -0.021215563639998436 26.8256893157959 0.09016767889261246 0.024862702935934067 0.9956163763999939 -405.0867614746094
* 0.9948930740356445 0.040503207594156265 -0.09243792295455933 -138.60409545898438 -0.042953576892614365 0.9987813830375671 -0.024352703243494034 30.759401321411133 0.09134013950824738 0.028197793290019035 0.9954205751419067 -404.9987487792969
* 0.9953179359436035 0.03901291266083717 -0.08841807395219803 -137.7674560546875 -0.04059251397848129 0.9990519881248474 -0.015802843496203423 35.03122329711914 0.08771896362304688 0.019316883757710457 0.9959580302238464 -406.18927001953125
* 0.9943254590034485 0.039312973618507385 -0.09883787482976913 -135.6205596923828 -0.04242545738816261 0.9986714720726013 -0.029287198558449745 37.00480270385742 0.09755641967058182 0.033313170075416565 0.9946722984313965 -404.15374755859375
* 0.9940860867500305 0.035278331488370895 -0.10269200801849365 -134.24942016601563 -0.03593475744128227 0.9993461966514587 -0.004262412898242474 37.1386833190918 0.10247571021318436 0.00792632531374693 0.9947038888931274 -402.8268127441406
* 0.9930476546287537 0.041118744760751724 -0.11028577387332916 -134.23345947265625 -0.044401008635759354 0.9986445307731628 -0.027202526107430458 36.92909622192383 0.10901898890733719 0.031909115612506866 0.993527352809906 -402.33489990234375
* 0.9941104650497437 0.04096554219722748 -0.10031692683696747 -136.13645935058594 -0.044108107686042786 0.9986065030097961 -0.029014285653829575 35.49530029296875 0.09898979216814041 0.03326711058616638 0.9945321679115295 -404.0174255371094
* 0.9941484332084656 0.03402915596961975 -0.1025095209479332 -137.46884155273438 -0.036659009754657745 0.9990504384040833 -0.023592093959450722 32.361331939697266 0.10161057114601135 0.027210835367441177 0.9944519996643066 -402.930908203125
* 0.9938719272613525 0.03559726104140282 -0.10463613271713257 -138.3260955810547 -0.03831881284713745 0.9989824295043945 -0.02383226528763771 31.348480224609375 0.1036825105547905 0.027694623917341232 0.9942247271537781 -402.76904296875
* 0.9943478107452393 0.039860837161540985 -0.09839105606079102 -139.04513549804688 -0.04222549498081207 0.9988720417022705 -0.021767327561974525 33.03795623779297 0.09741362929344177 0.025797763839364052 0.9949094653129578 -403.142333984375
* 0.9947481751441956 0.028651542961597443 -0.09824690967798233 -139.83839416503906 -0.028658324852585793 0.9995890259742737 0.0016407016664743423 36.40828323364258 0.0982547253370285 0.0011823475360870361 0.9951604604721069 -403.84967041015625
* 0.9948697090148926 0.041690561920404434 -0.09215904027223587 -138.9729461669922 -0.044841740280389786 0.9984804391860962 -0.03206636756658554 38.955989837646484 0.09068336337804794 0.03603329882025719 0.9952275156974792 -404.31536865234375
* 0.992876410484314 0.04123060405254364 -0.11177529394626617 -136.24395751953125 -0.04410935193300247 0.998759925365448 -0.023138869553804398 40.54576110839844 0.1106838807463646 0.027903245761990547 0.9934637546539307 -402.4952392578125
* 0.9942816495895386 0.0397782027721405 -0.09909125417470932 -134.4722137451172 -0.041925057768821716 0.9989340305328369 -0.019378196448087692 42.20841979980469 0.09821602702140808 0.023420657962560654 0.9948893785476685 -404.512451171875
* 0.9933889508247375 0.04181987792253494 -0.10689648240804672 -132.74716186523438 -0.04497617110610008 0.9986240863800049 -0.027009395882487297 42.363224029541016 0.1056211069226265 0.03163749352097511 0.9939029812812805 -402.26580810546875
* 0.9936983585357666 0.03775671869516373 -0.1055247113108635 -132.85667419433594 -0.03889722749590874 0.9992083311080933 -0.008490870706737041 41.52267837524414 0.10512182861566544 0.012540840543806553 0.9943802356719971 -402.91424560546875
* 0.995128333568573 0.03776688501238823 -0.09105293452739716 -133.6083221435547 -0.04020778462290764 0.9988847970962524 -0.024797188118100166 36.206398010253906 0.09001611918210983 0.028336279094219208 0.9955371022224426 -405.1761779785156
* 0.9942646026611328 0.03746843710541725 -0.10015638172626495 -133.21791076660156 -0.038996387273073196 0.9991553425788879 -0.013046680018305779 28.88021469116211 0.09958420693874359 0.016876433044672012 0.9948859810829163 -403.9532470703125
* 0.993386447429657 0.037613216787576675 -0.10847040265798569 -132.4291534423828 -0.039045579731464386 0.9991798400878906 -0.010839253664016724 25.955638885498047 0.10797500610351563 0.015001701191067696 0.9940403699874878 -402.406494140625
* 0.9911870956420898 0.043932221829891205 -0.12496107071638107 -132.54107666015625 -0.04740307107567787 0.9985715746879578 -0.02470063976943493 26.404951095581055 0.12369871139526367 0.030405348166823387 0.9918538928031921 -400.3935546875
* 0.9931272864341736 0.03911745920777321 -0.11029588431119919 -134.60023498535156 -0.03829608112573624 0.9992193579673767 0.009821631014347076 26.384384155273438 0.11059524863958359 -0.00553139066323638 0.9938501715660095 -401.55645751953125
* 0.9929143190383911 0.04528593271970749 -0.10985196381807327 -136.69578552246094 -0.04861290007829666 0.9984394907951355 -0.02752738818526268 26.54958152770996 0.10843521356582642 0.03267141431570053 0.9935665130615234 -402.00164794921875
* 0.9948230981826782 0.04003997519612312 -0.09338612854480743 -139.26239013671875 -0.04060310125350952 0.9991692900657654 -0.0038222502917051315 27.25527000427246 0.09315676987171173 0.007593071088194847 0.9956225156784058 -405.29290771484375
* 0.9939261674880981 0.043259620666503906 -0.10117550939321518 -140.14234924316406 -0.044341493397951126 0.9989842176437378 -0.008176048286259174 31.44562530517578 0.10072031617164612 0.012611529789865017 0.9948349595069885 -403.1436767578125
* 0.9937660098075867 0.04375523701310158 -0.10252667963504791 -142.3850555419922 -0.04568108543753624 0.9988255500793457 -0.0162221547216177 30.682266235351563 0.10169775038957596 0.020803431048989296 0.9945979118347168 -402.63458251953125
* 0.9937881231307983 0.04770251363515854 -0.10053202509880066 -145.43988037109375 -0.050555672496557236 0.9983909130096436 -0.02572934329509735 28.967254638671875 0.09914417564868927 0.03065085969865322 0.9946009516716003 -402.6203918457031
* 0.9938011765480042 0.04447660222649574 -0.10187287628650665 -147.46080017089844 -0.04600019380450249 0.998866081237793 -0.012364843860268593 29.7225284576416 0.10120867937803268 0.016973236575722694 0.9947205185890198 -400.845458984375
* 0.9946218729019165 0.041561394929885864 -0.09485264867544174 -149.65769958496094 -0.04352905601263046 0.9988828301429749 -0.0184574406594038 26.715166091918945 0.0939808115363121 0.022485870867967606 0.995320200920105 -401.458740234375
* 0.9941446781158447 0.04762562736868858 -0.09697997570037842 -151.54119873046875 -0.05018773302435875 0.9984562993049622 -0.023845219984650612 26.019695281982422 0.095695860683918 0.02857166901230812 0.9950006604194641 -401.70343017578125
* 0.9964897036552429 0.04203129559755325 -0.07237725704908371 -153.94754028320313 -0.042065735906362534 0.999114990234375 0.0014543570578098297 30.47747230529785 0.07237555831670761 0.001594189670868218 0.9973763823509216 -403.77398681640625
* 0.9974671602249146 0.043554164469242096 -0.05620567128062248 -156.01052856445313 -0.04513486474752426 0.9986270070075989 -0.026633743196725845 35.802337646484375 0.05496971309185028 0.02910197526216507 0.9980639815330505 -407.048095703125
* 0.9954913854598999 0.039539437741041183 -0.08619927614927292 -154.5904998779297 -0.042362429201602936 0.9986278414726257 -0.03082449361681938 40.69008255004883 0.08486345410346985 0.03433598205447197 0.9958010315895081 -402.3217468261719
* 0.9959179162979126 0.037888024002313614 -0.08190759271383286 -155.1684112548828 -0.04016823321580887 0.9988555312156677 -0.026009609922766685 42.55431365966797 0.08082962036132813 0.029192373156547546 0.9963005781173706 -401.9374084472656
* 0.9953224658966064 0.03801938146352768 -0.08879522979259491 -156.0797119140625 -0.03939052298665047 0.9991351366043091 -0.013407891616225243 42.79823303222656 0.08820990473031998 0.01684170961380005 0.9959597587585449 -400.6611022949219
* 0.9959546327590942 0.037381913512945175 -0.08169301599264145 -156.9973907470703 -0.040022071450948715 0.9987326264381409 -0.030558178201317787 43.99722671508789 0.08044838160276413 0.03370293602347374 0.9961891174316406 -401.6513671875
* 0.995241641998291 0.029536759480834007 -0.09283596277236938 -155.26101684570313 -0.03102446161210537 0.9994174838066101 -0.014305148273706436 45.09455490112305 0.09236058592796326 0.01711609959602356 0.9955788254737854 -400.7050476074219
* 0.9934980273246765 0.03389096260070801 -0.10867317765951157 -151.17071533203125 -0.03715182840824127 0.9989226460456848 -0.027850234881043434 44.28323745727539 0.10761349648237228 0.03170540928840637 0.9936874508857727 -400.541015625
* 0.9936633706092834 0.03870879486203194 -0.1055062934756279 -145.83094787597656 -0.043673351407051086 0.9980387091636658 -0.044873904436826706 41.63877487182617 0.10356362164020538 0.049196239560842514 0.9934056997299194 -402.0022277832031
* 0.9917497634887695 0.036677632480859756 -0.12281670421361923 -139.32574462890625 -0.04239729046821594 0.998130738735199 -0.04404272139072418 39.025447845458984 0.12097303569316864 0.048885323107242584 0.991451621055603 -399.65087890625
* 0.9933659434318542 0.03717833384871483 -0.10880552232265472 -135.82151794433594 -0.039631202816963196 0.9990113973617554 -0.02019619010388851 37.92681121826172 0.10794838517904282 0.024373149499297142 0.9938579201698303 -401.8442077636719
* 0.9936709403991699 0.03201628848910332 -0.10765586048364639 -133.1083221435547 -0.03557555004954338 0.9988863468170166 -0.03102945163846016 37.593177795410156 0.10654377937316895 0.034661825746297836 0.9937039613723755 -400.9971923828125
* 0.9941213130950928 0.03295861929655075 -0.1031181812286377 -131.7366943359375 -0.035702548921108246 0.9990610480308533 -0.024590732529759407 37.82748794555664 0.10221214592456818 0.02812659554183483 0.9943652153015137 -399.84539794921875
* 0.9935321807861328 0.02979150228202343 -0.10955868661403656 -131.0150604248047 -0.030466439202427864 0.9995280504226685 -0.004223616793751717 37.62261199951172 0.10938241332769394 0.0075329807586967945 0.9939714670181274 -399.02325439453125
* 0.9942035675048828 0.037884268909692764 -0.10060294717550278 -131.49761962890625 -0.04220111295580864 0.9982753992080688 -0.04083741456270218 38.924896240234375 0.09888361394405365 0.04484511539340019 0.9940882325172424 -402.48583984375
* 0.9942032098770142 0.03210720792412758 -0.10259667038917542 -131.19143676757813 -0.033691707998514175 0.9993427991867065 -0.013461438938975334 42.40422821044922 0.10209828615188599 0.01683889515697956 0.9946319460868835 -403.29412841796875
* 0.9963222146034241 0.04461926594376564 -0.07313080877065659 -132.7299041748047 -0.04740472882986069 0.9982137084007263 -0.036395542323589325 47.75835037231445 0.07137750089168549 0.03972729295492172 0.9966580271720886 -405.8010559082031
* 0.9950966835021973 0.044835396111011505 -0.08814404904842377 -134.7810516357422 -0.04925523325800896 0.9976196885108948 -0.04828297346830368 52.74884796142578 0.08577072620391846 0.05238664895296097 0.9949367642402649 -404.5074157714844
* 0.9946116209030151 0.04084159433841705 -0.09527095407247543 -137.69570922851563 -0.04421631619334221 0.9984689354896545 -0.03327164798974991 56.866939544677734 0.09376746416091919 0.03730374574661255 0.9948950409889221 -402.3790283203125
* 0.9948107600212097 0.035649847239255905 -0.09527602791786194 -140.4818115234375 -0.03716832026839256 0.9992135167121887 -0.013901418074965477 60.75856018066406 0.09470675140619278 0.017369357869029045 0.9953537583351135 -400.8423767089844
* 0.9940550327301025 0.04435987398028374 -0.0994173213839531 -142.4833984375 -0.047202110290527344 0.9985449910163879 -0.026122037321329117 63.05516052246094 0.09811516106128693 0.030658287927508354 0.9947028160095215 -399.28594970703125
* 0.9950616359710693 0.043405819684267044 -0.08924774080514908 -144.3711700439453 -0.04777449369430542 0.9977495670318604 -0.047073908150196075 64.87371826171875 0.08700487017631531 0.05110405385494232 0.9948963522911072 -400.13739013671875
* 0.9952213764190674 0.03625376150012016 -0.09064706414937973 -145.3855743408203 -0.03779366612434387 0.9991742372512817 -0.015003695152699947 65.61407470703125 0.09002949297428131 0.01835671439766884 0.9957699775695801 -399.88763427734375
* 0.9956967234611511 0.037835653871297836 -0.08457684516906738 -146.24386596679688 -0.03995106741786003 0.9989356994628906 -0.023109793663024902 64.5973129272461 0.08361367881298065 0.026388121768832207 0.9961488842964172 -400.4070739746094
* 0.9939411878585815 0.036012064665555954 -0.10383041948080063 -145.8924102783203 -0.03836481645703316 0.9990555047988892 -0.02046707086265087 63.24058532714844 0.10299651324748993 0.024325339123606682 0.9943843483924866 -398.01318359375
* 0.9938381314277649 0.04690542072057724 -0.10041075944900513 -145.73284912109375 -0.051486674696207047 0.9977388381958008 -0.04323086515069008 62.25837326049805 0.09815718978643417 0.04813316464424133 0.994006335735321 -398.4073486328125
* 0.9947124719619751 0.04141093045473099 -0.09396243840456009 -145.2257080078125 -0.045886412262916565 0.9979038834571838 -0.04566134139895439 60.581642150878906 0.091875821352005 0.04973035678267479 0.9945279955863953 -399.1621398925781
* 0.9962813258171082 0.03824989125132561 -0.07718215137720108 -144.5824737548828 -0.04153101146221161 0.998297929763794 -0.040975023061037064 59.63010787963867 0.07548470795154572 0.04402695596218109 0.9961745738983154 -401.3153076171875
* 0.9947814345359802 0.03542763367295265 -0.09566353261470795 -142.03440856933594 -0.037784527987241745 0.9990308880805969 -0.02262911945581436 57.90282440185547 0.09477036446332932 0.026124466210603714 0.9951563477516174 -398.6462097167969
* 0.9949203729629517 0.039921075105667114 -0.09239304810762405 -141.0421905517578 -0.04358978196978569 0.9983386993408203 -0.03771212324500084 56.530521392822266 0.0907353088259697 0.04154680296778679 0.995008111000061 -399.7388000488281
* 0.9947565793991089 0.039242684841156006 -0.09442499279975891 -139.7928466796875 -0.04247410222887993 0.99858158826828 -0.032143041491508484 55.52524948120117 0.09303093701601028 0.035983968526124954 0.9950127601623535 -399.48468017578125
* 0.9927964806556702 0.039370954036712646 -0.11314505338668823 -138.09237670898438 -0.042739931493997574 0.9987159371376038 -0.02724272757768631 53.67512893676758 0.11192846298217773 0.031881142407655716 0.9932047724723816 -398.23199462890625
* 0.9940291047096252 0.04355914518237114 -0.10002799332141876 -137.19894409179688 -0.047798506915569305 0.9980536103248596 -0.040083467960357666 52.25239562988281 0.0980885699391365 0.04462418332695961 0.9941768050193787 -399.57366943359375
* 0.9944460988044739 0.04194933921098709 -0.09651074558496475 -137.28683471679688 -0.045647166669368744 0.9983055591583252 -0.036121666431427 51.37446594238281 0.09483321756124496 0.040325332432985306 0.9946761727333069 -400.4210205078125
* 0.993547260761261 0.036943960934877396 -0.10721974819898605 -137.5215606689453 -0.039845194667577744 0.9988999962806702 -0.024767115712165833 49.80067825317383 0.1061880886554718 0.028878312557935715 0.9939266443252563 -400.7690124511719
* 0.9942014813423157 0.0399249903857708 -0.09983254224061966 -136.97695922851563 -0.04449087008833885 0.99805748462677 -0.04363524913787842 46.839473724365234 0.09789776802062988 0.04782269522547722 0.9940468072891235 -400.3049621582031
* 0.991546630859375 0.04392698034644127 -0.12207717448472977 -135.34710693359375 -0.047885965555906296 0.9984199404716492 -0.029443329200148582 44.951904296875 0.12059222161769867 0.03503904491662979 0.9920835494995117 -398.3014831542969
* 0.9930581450462341 0.03963753953576088 -0.11073210090398788 -134.15435791015625 -0.041317667812108994 0.9990670680999756 -0.012652657926082611 44.293434143066406 0.11012858152389526 0.017138831317424774 0.993769645690918 -400.1054992675781
* 0.9927224516868591 0.04437605291604996 -0.11193782091140747 -132.1147003173828 -0.0485139861702919 0.9982362389564514 -0.03425029292702675 42.55866622924805 0.11022182554006577 0.039430417120456696 0.9931246638298035 -399.2818603515625
* 0.9927901029586792 0.04077747091650963 -0.11270446330308914 -130.8194122314453 -0.04359021037817001 0.9988007545471191 -0.022342713549733162 41.52297592163086 0.11165954172611237 0.02709325961768627 0.9933772683143616 -399.6877136230469
* 0.9935265183448792 0.04806942120194435 -0.10291627049446106 -129.9214324951172 -0.05082345008850098 0.9984199404716492 -0.024016892537474632 41.45284652709961 0.1016005128622055 0.029090838506817818 0.9944000244140625 -400.3741149902344
* 0.9922369718551636 0.03509706258773804 -0.11929543316364288 -129.41293334960938 -0.03661695495247841 0.9992771148681641 -0.010325148701667786 40.15328598022461 0.11884815245866776 0.014612074010074139 0.9928051233291626 -398.5128479003906
* 0.9930436611175537 0.04246025159955025 -0.10981246083974838 -130.36717224121094 -0.04501580074429512 0.9987744092941284 -0.020627819001674652 39.302310943603516 0.10880335420370102 0.0254264697432518 0.9937382936477661 -400.56060791015625
* 0.9942554235458374 0.03776708245277405 -0.10013561695814133 -130.74310302734375 -0.04120644927024841 0.998632550239563 -0.03220660984516144 39.59028625488281 0.09878367185592651 0.03614668920636177 0.9944524168968201 -401.6895446777344
* 0.9923585057258606 0.035030294209718704 -0.11829938739538193 -129.6668243408203 -0.03939665108919144 0.9986281991004944 -0.0345233678817749 40.231571197509766 0.1169290691614151 0.03891901299357414 0.9923775792121887 -399.6544189453125
* 0.994174063205719 0.03365772217512131 -0.10238385945558548 -129.81422424316406 -0.03574523329734802 0.9991937875747681 -0.018333887681365013 42.22103500366211 0.10168556869029999 0.02188565768301487 0.9945760369300842 -401.5320129394531
* 0.9948965907096863 0.03510443866252899 -0.09458274394273758 -130.4423370361328 -0.036975450813770294 0.9991588592529297 -0.017789022997021675 45.10806655883789 0.09388004243373871 0.021194320172071457 0.9953581690788269 -401.6245422363281
* 0.9947776794433594 0.03901322931051254 -0.09430176019668579 -131.287109375 -0.04155396670103073 0.9988291263580322 -0.024815097451210022 47.61387252807617 0.09322456270456314 0.028602970764040947 0.995234489440918 -401.5548095703125
* 0.9936732053756714 0.03781619668006897 -0.1057402566075325 -131.35980224609375 -0.04050097241997719 0.9989140033721924 -0.023078275844454765 49.6319694519043 0.10475403070449829 0.027213696390390396 0.9941260814666748 -400.97625732421875
* 0.9947470426559448 0.033411867916584015 -0.09674381464719772 -131.79515075683594 -0.03656303137540817 0.9988614320755005 -0.030677467584609985 51.44411087036133 0.09561001509428024 0.03405240923166275 0.9948366284370422 -401.46783447265625
* 0.9932273030281067 0.04344993829727173 -0.10774499177932739 -131.77862548828125 -0.04807831719517708 0.9980248212814331 -0.04045950993895531 52.77475357055664 0.10577558726072311 0.04536452889442444 0.9933550953865051 -400.1976013183594
* 0.9921557307243347 0.04078979417681694 -0.11815495043992996 -131.25015258789063 -0.045943811535835266 0.9981042146682739 -0.04097721353173256 53.38076400756836 0.11626088619232178 0.04608309641480446 0.9921494126319885 -398.9242248535156
* 0.993654191493988 0.03845876082777977 -0.1056862473487854 -131.13998413085938 -0.04024147242307663 0.9990856051445007 -0.014507084153592587 54.16596603393555 0.10503305494785309 0.01866680569946766 0.9942938685417175 -399.1079406738281
* 0.9952680468559265 0.0380900613963604 -0.08937554061412811 -131.81240844726563 -0.040718235075473785 0.9987949132919312 -0.02743544988334179 55.00276184082031 0.08822417259216309 0.03094366006553173 0.9956203103065491 -401.4107360839844
* 0.9946718811988831 0.042983606457710266 -0.0936887264251709 -132.23390197753906 -0.04745667800307274 0.9978270530700684 -0.04572892189025879 55.01670455932617 0.09152093529701233 0.04993027448654175 0.9945510029792786 -401.8086853027344
* 0.9928561449050903 0.04076770693063736 -0.11212491989135742 -131.61642456054688 -0.04628715664148331 0.9978321194648743 -0.04680335521697998 54.332275390625 0.1099751815199852 0.051657784730196 0.992591381072998 -398.9258728027344
* 0.9932204484939575 0.036862507462501526 -0.1102340891957283 -131.55731201171875 -0.04015805572271347 0.9988142251968384 -0.027556464076042175 53.86427688598633 0.1090889573097229 0.031795255839824677 0.9935236573219299 -398.8731994628906
* 0.9935139417648315 0.04027748852968216 -0.10632482916116714 -131.09194946289063 -0.04316350817680359 0.9987635612487793 -0.024702927097678185 53.915992736816406 0.10519975423812866 0.029130904003977776 0.9940246939659119 -400.1341857910156
* 0.9926730394363403 0.041715871542692184 -0.11338957399129868 -129.54737854003906 -0.0469214953482151 0.9979576468467712 -0.043370142579078674 53.351341247558594 0.11135013401508331 0.04837164282798767 0.9926037192344666 -399.6124572753906
* 0.9938873052597046 0.04094592109322548 -0.10251195728778839 -128.62002563476563 -0.042634181678295135 0.9989930987358093 -0.0140430498868227 51.0948486328125 0.10183508694171906 0.01832656003534794 0.9946328997612 -400.5846252441406
* 0.993558943271637 0.03622929006814957 -0.1073560118675232 -127.2309799194336 -0.03964398056268692 0.998777449131012 -0.029568498954176903 49.17485809326172 0.10615485161542892 0.03363291174173355 0.9937810301780701 -400.796630859375
* 0.991878867149353 0.042162325233221054 -0.11998278647661209 -124.33516693115234 -0.045100677758455276 0.9987493753433228 -0.021632708609104156 47.94110870361328 0.11892198771238327 0.02686719410121441 0.9925404191017151 -398.5550231933594
* 0.9935427904129028 0.03901955485343933 -0.10652415454387665 -123.1023941040039 -0.04314266890287399 0.9984068274497986 -0.03639981895685196 47.68004608154297 0.10493546724319458 0.040759384632110596 0.9936438202857971 -400.42401123046875
* 0.9930882453918457 0.03941170498728752 -0.11054272204637527 -121.84227752685547 -0.04364069551229477 0.9984058141708374 -0.03583190217614174 47.228450775146484 0.10895562171936035 0.04040727764368057 0.9932254552841187 -400.9466247558594
* 0.9936199188232422 0.035707201808691025 -0.10696567595005035 -120.76354217529297 -0.03630758821964264 0.9993361830711365 -0.003395565552636981 47.320621490478516 0.10677474737167358 0.007256415672600269 0.9942571520805359 -400.7972412109375
* 0.9930822253227234 0.040626607835292816 -0.11015576124191284 -120.61540985107422 -0.04435303062200546 0.9985260963439941 -0.031321559101343155 46.59257125854492 0.1087222471833229 0.03598950058221817 0.9934208393096924 -401.7039489746094
* 0.993701159954071 0.03696589916944504 -0.10577589273452759 -120.08575439453125 -0.03886285051703453 0.9991232752799988 -0.015649238601326942 46.186614990234375 0.10510597378015518 0.019660290330648422 0.994266927242279 -400.6457824707031
* 0.993128776550293 0.040238793939352036 -0.1098780557513237 -120.33907318115234 -0.04360461235046387 0.9986539483070374 -0.028132297098636627 47.173980712890625 0.1085994690656662 0.03272906318306923 0.9935469627380371 -400.4757080078125
* 0.9930363297462463 0.03841298818588257 -0.11135639995336533 -121.17552947998047 -0.04183299466967583 0.9987257122993469 -0.028273211792111397 47.63833236694336 0.11012976616621017 0.03273356705904007 0.9933782815933228 -400.0335693359375
* 0.9915264844894409 0.04273596778512001 -0.1226615309715271 -121.52928924560547 -0.04564283788204193 0.9987436532974243 -0.020744603127241135 48.23884963989258 0.12162221223115921 0.02616630494594574 0.9922317266464233 -398.4456787109375
* 0.9929608106613159 0.03964580222964287 -0.11159808188676834 -122.53157043457031 -0.04347442835569382 0.9985489845275879 -0.031818289309740067 49.35572814941406 0.11017600446939468 0.036444827914237976 0.9932439923286438 -400.18572998046875
* 0.9931830167770386 0.03279619291424751 -0.111843042075634 -122.97135162353516 -0.03500043600797653 0.9992346167564392 -0.01753799431025982 48.93397903442383 0.11118355393409729 0.021331824362277985 0.9935712218284607 -399.1732177734375
* 0.9915736317634583 0.039795827120542526 -0.12326738983392715 -123.80314636230469 -0.04169754311442375 0.9990514516830444 -0.012646307237446308 48.67690658569336 0.12264851480722427 0.017678553238511086 0.9922929406166077 -398.5658874511719
* 0.9917651414871216 0.03672206774353981 -0.1226794570684433 -124.7505111694336 -0.037740662693977356 0.9992722272872925 -0.00574924610555172 49.32062530517578 0.12238035351037979 0.01033075712621212 0.9924297332763672 -398.2186584472656
* 0.9935271739959717 0.03557935357093811 -0.10786441713571548 -125.79364776611328 -0.038255635648965836 0.9990141987800598 -0.022570528090000153 49.81013488769531 0.106956347823143 0.026549719274044037 0.9939093589782715 -399.4752502441406
* 0.9922359585762024 0.04687284305691719 -0.1151849702000618 -126.89564514160156 -0.053902242332696915 0.9968364834785461 -0.058427829295396805 50.71571731567383 0.11208324879407883 0.06418181955814362 0.9916240572929382 -399.2394714355469
* 0.994076669216156 0.03569312393665314 -0.10263683646917343 -128.47116088867188 -0.03728482872247696 0.9992166757583618 -0.013344611041247845 52.114810943603516 0.10208143293857574 0.017091216519474983 0.9946293234825134 -400.2754821777344
* 0.9937323331832886 0.04076429456472397 -0.10407357662916183 -129.14813232421875 -0.043585482984781265 0.9987455010414124 -0.024693842977285385 52.183109283447266 0.1029377356171608 0.029074029996991158 0.9942629337310791 -399.3410339355469
* 0.9940685629844666 0.03875020891427994 -0.10160283744335175 -130.1218719482422 -0.041646286845207214 0.9987886548042297 -0.026247549802064896 52.158573150634766 0.10046400129795074 0.030322112143039703 0.9944785833358765 -400.1547546386719
* 0.9938104748725891 0.035352420061826706 -0.10529889911413193 -130.28228759765625 -0.03690718114376068 0.9992406368255615 -0.01257382147014141 51.68761444091797 0.10477574914693832 0.01638113521039486 0.9943610429763794 -399.9144592285156
* 0.9941415786743164 0.03849852830171585 -0.1009814441204071 -129.96717834472656 -0.041036177426576614 0.9988967776298523 -0.022881122305989265 51.38580322265625 0.09999046474695206 0.026889832690358162 0.9946250915527344 -400.0637512207031
* 0.9946207404136658 0.035898953676223755 -0.09714807569980621 -130.51043701171875 -0.039524734020233154 0.9985941052436829 -0.03535325080156326 51.59250259399414 0.09574367105960846 0.0390016995370388 0.9946417808532715 -399.6045837402344
* 0.9946207404136658 0.035898953676223755 -0.09714807569980621 -130.51043701171875 -0.039524734020233154 0.9985941052436829 -0.03535325080156326 51.59250259399414 0.09574367105960846 0.0390016995370388 0.9946417808532715 -399.6045837402344
$ 370.0 357.0
* 0.9946207404136658 0.035898953676223755 -0.09714807569980621 -130.51043701171875 -0.039524734020233154 0.9985941052436829 -0.03535325080156326 51.59250259399414 0.09574367105960846 0.0390016995370388 0.9946417808532715 -399.6045837402344
* 0.9925705790519714 0.0449790395796299 -0.11303730309009552 -132.20669555664063 -0.05060839280486107 0.9976051449775696 -0.04716991260647774 51.49245071411133 0.11064629256725311 0.05253898352384567 0.9924703240394592 -398.80010986328125
* 0.9945753216743469 0.032076749950647354 -0.09893407672643661 -133.03164672851563 -0.034396033734083176 0.9991775751113892 -0.02152891457080841 51.31365966796875 0.09816344827413559 0.024813922122120857 0.9948609471321106 -400.23828125
* 0.9939438104629517 0.04206111282110214 -0.10150711983442307 -131.45994567871094 -0.0464945025742054 0.9980607032775879 -0.04141818359494209 51.96834182739258 0.09956948459148407 0.04588574171066284 0.9939720630645752 -400.3365478515625
* 0.9930796027183533 0.04353315010666847 -0.10906390100717545 -129.70945739746094 -0.04796028509736061 0.998126208782196 -0.03802976384758949 52.62537384033203 0.10720530897378922 0.04299619793891907 0.9933068156242371 -399.35723876953125
* 0.9933544397354126 0.04383435845375061 -0.10640765726566315 -128.9236602783203 -0.04888187348842621 0.9977906346321106 -0.0450192391872406 52.500614166259766 0.10420049726963043 0.049920350313186646 0.9933027029037476 -399.4894714355469
