#
#
#
#
#
#
#
#
#
#
#
#
#
#
#
#
#
#
#
#
#
#
#
#
#
#
#
#
#
#
#
#
#
#
#
#
#
#
#
#
#
#
#
#
#
#
#
#
#
#
#
#
#
#
#
#
#
#
#
#
#
#
#
#
#
#
#
#
#
#
#
#
#
#
#
#
#
#
#
#
#
#
#
#
#
#
#
#
#
#
#
#
#
#
#
#
#
#
#
#
#
#
#
#
#
#
#
#
#
#
#
#
#
#
#
* 0.7517401576042175 0.052092865109443665 0.6572827100753784 -377.91845703125 -0.009723677299916744 0.9974285960197449 -0.07197082787752151 17.548744201660156 -0.65940260887146 0.048987094312906265 0.7502354979515076 -1043.09765625
* 0.7330740690231323 0.02504260092973709 0.6795754432678223 -374.0567321777344 -0.004682269413024187 0.9994211792945862 -0.0356864258646965 20.41120147705078 -0.6801305413246155 0.0242560263723135 0.7327339053153992 -1034.8677978515625
* 0.6771719455718994 0.04982607811689377 0.7340320348739624 -356.322998046875 0.005944476462900639 0.9970992803573608 -0.07678545266389847 7.356276035308838 -0.7357707023620605 0.05763537064194679 0.6748218536376953 -978.1990356445313
* 0.5129254460334778 0.0024100691080093384 0.858340859413147 -322.5928955078125 -0.0273001566529274 0.9996423125267029 0.010412769392132759 -14.205421447753906 -0.858093798160553 -0.027497878298163414 0.5128191709518433 -875.6235961914063
* 0.8681904077529907 -0.08638212829828262 0.48849865794181824 -360.3507995605469 -0.06536100059747696 0.9578158259391785 0.2800988554954529 -41.56399154663086 -0.4922153353691101 -0.2738933265209198 0.8262996077537537 -1009.6922607421875
* 0.8141792416572571 0.0285514947026968 0.5797795653343201 -357.4420471191406 -0.04003444314002991 0.9992647171020508 0.002429649233818054 -38.18437194824219 -0.5793818235397339 -0.023914474993944168 0.8147448301315308 -1053.66357421875
* 0.8070617318153381 0.02648269012570381 0.5897434949874878 -364.5684814453125 -0.05538838729262352 0.9981833696365356 0.026471158489584923 -37.26084899902344 -0.5880888104438782 -0.05275648087263107 0.807113766670227 -1086.0235595703125
* 0.8077771663665771 0.048804476857185364 0.5873342752456665 -372.8637390136719 -0.05046749487519264 0.9986312389373779 -0.018094055354595184 -32.2707633972168 -0.5875248908996582 -0.013751424849033356 0.809128999710083 -1102.5137939453125
* 0.7427487969398499 0.028864264488220215 0.6688336730003357 -361.6213684082031 -0.05699850618839264 0.9983115792274475 0.016243157908320427 -23.498676300048828 -0.6673569083213806 -0.04891453683376312 0.7431732416152954 -1071.8775634765625
* 0.7427249550819397 0.04237785190343857 0.6681400537490845 -358.3132629394531 -0.0412086620926857 0.9989880323410034 -0.021528910845518112 -9.62645149230957 -0.6684774160385132 -0.010268435813486576 0.7437047362327576 -1066.2252197265625
* 0.6888650059700012 0.044376153498888016 0.7234245538711548 -348.7865905761719 -0.017556093633174896 0.9987519383430481 -0.04821932688355446 12.626503944396973 -0.7247332334518433 0.021791744977235794 0.6887314915657043 -1034.082763671875
* 0.7083221673965454 0.046040426939725876 0.7042778730392456 -355.5777893066406 -0.004509608261287212 0.9979786276817322 -0.06447620689868927 33.000553131103516 -0.7058776617050171 0.04376944154500961 0.7070257067680359 -1055.1431884765625
* 0.6769354939460754 0.027151959016919136 0.7354376912117004 -345.79034423828125 0.01857825182378292 0.9982383251190186 -0.05756634846329689 56.12973403930664 -0.7357310056686401 0.05390867590904236 0.675172746181488 -1024.260009765625
* 0.8449409008026123 0.040209900587797165 0.5332031846046448 -374.3866882324219 0.017498617991805077 0.9941016435623169 -0.10767767578363419 83.51786041259766 -0.5344114303588867 0.10158476233482361 0.8391361832618713 -1083.9566650390625
* 0.854508638381958 0.06596940755844116 0.5150830149650574 -391.07427978515625 0.043396104127168655 0.9783998131752014 -0.20245836675167084 94.19883728027344 -0.5173031687736511 0.1966114044189453 0.8329501152038574 -1097.72509765625
* 0.7320791482925415 0.03745373710989952 0.6800768971443176 -385.61279296875 0.07105880230665207 0.988387405872345 -0.13483113050460815 104.40593719482422 -0.6771875023841858 0.1483004242181778 0.7207554578781128 -1062.8748779296875
* 0.7823539972305298 0.043291009962558746 0.6212047934532166 -400.72705078125 0.08318440616130829 0.9806907176971436 -0.1773824244737625 122.35572814941406 -0.6168304085731506 0.19171014428138733 0.7634342908859253 -1094.004150390625
* 0.7413902878761292 0.038045067340135574 0.669880747795105 -394.82855224609375 0.10115928947925568 0.9800329208374023 -0.17158278822898865 131.4202423095703 -0.6629524827003479 0.19623371958732605 0.7225307822227478 -1062.898193359375
* 0.7395182251930237 -0.004638041835278273 0.6730071306228638 -397.9020690917969 0.09967344254255295 0.9893577694892883 -0.10665223747491837 145.60748291015625 -0.6652715802192688 0.14722245931625366 0.7319861650466919 -1064.536376953125
* 0.8371649384498596 0.03508448600769043 0.5456842184066772 -410.9850769042969 0.09588849544525146 0.9720823764801025 -0.2144749015569687 159.3935089111328 -0.5378983020782471 0.23312638700008392 0.8101739883422852 -1094.2755126953125
* 0.9116970300674438 0.18354637920856476 0.36737775802612305 -378.8835144042969 0.043932221829891205 0.8424293994903564 -0.5371413826942444 148.7052764892578 -0.40806668996810913 0.5069424510002136 0.7593123316764832 -970.856689453125
#
#
#
#
#
#
#
#
#
#
#
#
#
#
#
#
#
#
#
#
#
#
#
#
#
#
#
#
#
#
#
#
#
#
#
#
#
#
#
#
#
#
#
#
#
#
#
#
#
#
* 0.9276235103607178 0.060061290860176086 0.3686560392379761 -296.5537414550781 0.08291124552488327 0.9292573928833008 -0.36000946164131165 250.98342895507813 -0.36419814825057983 0.3645177483558655 0.8570215702056885 -1400.3843994140625
* 0.8511995673179626 0.03834370896220207 0.5234396457672119 -300.8452453613281 0.11574138700962067 0.9590626358985901 -0.2584631145000458 236.88072204589844 -0.5119211077690125 0.2805860638618469 0.8119161128997803 -1388.2156982421875
* 0.839252233505249 0.006889266427606344 0.5436985492706299 -300.1223449707031 0.09736540913581848 0.9818552732467651 -0.1627284288406372 220.81625366210938 -0.5349536538124084 0.1895063817501068 0.8233538866043091 -1390.5001220703125
* 0.8078342080116272 0.013811873272061348 0.5892478227615356 -281.1058654785156 0.10051508247852325 0.9818537831306458 -0.16081108152866364 190.7554168701172 -0.5807756781578064 0.18913574516773224 0.7917872071266174 -1341.54248046875
* 0.815165102481842 0.002489895559847355 0.5792231559753418 -282.1760559082031 0.07949589192867279 0.9900479316711426 -0.1161283403635025 175.1509246826172 -0.5737471580505371 0.14070837199687958 0.8068551421165466 -1383.589111328125
* 0.8328883647918701 0.013551145792007446 0.5532748699188232 -286.6449890136719 0.08785997331142426 0.9837859272956848 -0.15635237097740173 151.93341064453125 -0.5464221239089966 0.17883354425430298 0.8181939125061035 -1401.2674560546875
* 0.8228648900985718 0.01666439324617386 0.5679923295974731 -295.7620544433594 0.097281813621521 0.9806823134422302 -0.1697014421224594 130.82130432128906 -0.5598474740982056 0.19489546120166779 0.8053486347198486 -1412.6116943359375
* 0.8667499423027039 -7.71164835896343E-4 0.49874213337898254 -311.6269836425781 0.06584060937166214 0.991424560546875 -0.11288341134786606 116.89435577392578 -0.4943775236606598 0.13067792356014252 0.8593685626983643 -1475.9237060546875
* 0.8874742388725281 -0.013099394738674164 0.4606710970401764 -309.54327392578125 0.046739887446165085 0.9970007538795471 -0.06168666109442711 105.89555358886719 -0.4584806561470032 0.07627575844526291 0.8854252099990845 -1495.862548828125
* 0.8975352048873901 0.017231659963726997 0.4406059980392456 -311.06695556640625 0.052878785878419876 0.9878199696540833 -0.1463422179222107 96.30192565917969 -0.4377603828907013 0.15464475750923157 0.8856924772262573 -1507.3538818359375
* 0.7930258512496948 0.00783612858504057 0.6091376543045044 -301.6814270019531 0.0385986790060997 0.9972622990608215 -0.06307496130466461 78.36540985107422 -0.6079636812210083 0.07353071123361588 0.7905527949333191 -1440.493408203125
* 0.7285725474357605 -0.020477991551160812 0.6846625208854675 -284.983642578125 0.04112086817622185 0.9990581274032593 -0.013872139155864716 31.987262725830078 -0.6837329864501953 0.03825946897268295 0.7287288904190063 -1357.743896484375
* 0.8416153788566589 -0.04314947873353958 0.5383509397506714 -308.93548583984375 0.04805584251880646 0.9988327026367188 0.004936667159199715 -3.364004611968994 -0.5379347801208496 0.02171480655670166 0.8427069783210754 -1499.036376953125
* 0.86991286277771 -0.04532315209507942 0.4911186099052429 -305.71160888671875 0.04503307864069939 0.998908519744873 0.012424536049365997 -24.210630416870117 -0.49114489555358887 0.011306988075375557 0.8710047006607056 -1520.8468017578125
* 0.8584006428718567 -0.049715884029865265 0.5105651021003723 -303.2171630859375 0.02813878282904625 0.9983574151992798 0.04991127550601959 -46.07357406616211 -0.5122070908546448 -0.02847851812839508 0.8583899140357971 -1518.6929931640625
* 0.8602818846702576 -0.015864349901676178 0.5095717906951904 -306.5813903808594 0.040525466203689575 0.9984813332557678 -0.037325430661439896 -68.80797576904297 -0.5082050561904907 0.05275972560048103 0.8596187829971313 -1524.5006103515625
* 0.9040944576263428 -0.035044461488723755 0.4258933365345001 -320.501220703125 0.01855154149234295 0.9989107251167297 0.04282063990831375 -87.88444519042969 -0.4269293248653412 -0.030814245343208313 0.9037600755691528 -1572.018310546875
* 0.9181787371635437 -0.037748727947473526 0.3943639397621155 -324.22509765625 0.01927545666694641 0.9985276460647583 0.05070928856730461 -94.77299499511719 -0.3956967890262604 -0.038959965109825134 0.9175546169281006 -1582.0948486328125
* 0.9176441431045532 -0.05080343782901764 0.39414241909980774 -325.3638000488281 0.004349771421402693 0.9930188059806824 0.11787695437669754 -102.71052551269531 -0.39737871289253235 -0.1064559817314148 0.9114590287208557 -1592.4388427734375
* 0.9358795881271362 -0.028793133795261383 0.35114148259162903 -331.1204528808594 0.022593555971980095 0.999508261680603 0.021749669685959816 -107.34894561767578 -0.35159435868263245 -0.012422851286828518 0.9360702037811279 -1609.777587890625
* 0.9557778239250183 -0.021694354712963104 0.29328855872154236 -338.576416015625 0.0210794098675251 0.9997640252113342 0.00526818260550499 -102.60859680175781 -0.2933329641819 0.001145823858678341 0.9560098648071289 -1632.122802734375
* 0.9962241649627686 -0.05741197615861893 0.0651250034570694 -343.05767822265625 0.04917679354548454 0.9913454055786133 0.12172149866819382 -89.39823150634766 -0.07154898345470428 -0.11806061863899231 0.9904255867004395 -1650.9300537109375
* 0.9950748682022095 -0.05084081366658211 0.0850953459739685 -335.7264709472656 0.04829680919647217 0.9983290433883667 0.031729556620121 -74.76020812988281 -0.08656565099954605 -0.02746480703353882 0.9958677291870117 -1622.9873046875
* 0.9981259107589722 -0.054081376641988754 -0.028629090636968613 -332.1813659667969 0.05760432779788971 0.9882901906967163 0.1412951946258545 -75.45508575439453 0.020653069019317627 -0.14268094301223755 0.9895534515380859 -1586.271240234375
* 0.9981842637062073 -0.049722228199243546 0.03399623557925224 -343.9353332519531 0.047229308634996414 0.9963823556900024 0.07065226882696152 -86.41171264648438 -0.03738557547330856 -0.06891973316669464 0.9969216585159302 -1594.25390625
* 0.9981503486633301 -0.05989545211195946 0.010404662229120731 -350.8064880371094 0.05893567577004433 0.99534672498703 0.0762353464961052 -110.3680648803711 -0.014921749010682106 -0.07548253238201141 0.9970356225967407 -1583.3304443359375
* 0.9914500117301941 -0.08149255812168121 0.10191056877374649 -371.46368408203125 0.06539931148290634 0.9861583113670349 0.15236468613147736 -124.39447784423828 -0.11291591823101044 -0.14439848065376282 0.9830561280250549 -1607.857666015625
* 0.9904553890228271 -0.09974928200244904 0.09512215852737427 -391.2827453613281 0.0761367529630661 0.9712128043174744 0.22571909427642822 -122.06339263916016 -0.11489856988191605 -0.21632376313209534 0.9695372581481934 -1601.3365478515625
* 0.9944084882736206 -0.07451306283473969 0.07483111321926117 -407.2049865722656 0.0634576678276062 0.9880303740501404 0.14060330390930176 -122.23825073242188 -0.08441158384084702 -0.13506987690925598 0.9872339963912964 -1592.1416015625
* 0.9974105358123779 -0.06559938192367554 0.029479369521141052 -420.8623352050781 0.06386151164770126 0.996354877948761 0.05655795335769653 -128.0714111328125 -0.03308147192001343 -0.05453027784824371 0.9979640245437622 -1594.9033203125
* 0.9967405200004578 -0.07385760545730591 -0.03245753049850464 -415.3010559082031 0.07546763122081757 0.9958207607269287 0.05143777281045914 -139.47076416015625 0.02852340042591095 -0.05372098460793495 0.9981486201286316 -1568.0345458984375
* 0.9982864260673523 -0.054741017520427704 -0.020683052018284798 -411.51123046875 0.054512232542037964 0.9984456300735474 -0.01161712035536766 -154.64886474609375 0.021287446841597557 0.010468371212482452 0.9997187256813049 -1561.0281982421875
* 0.998293936252594 -0.05468247830867767 0.020474238321185112 -413.517578125 0.053607307374477386 0.9973118305206299 0.049953799694776535 -174.68849182128906 -0.023150185123085976 -0.048772357404232025 0.9985417723655701 -1588.6842041015625
* 0.99721759557724 -0.047073543071746826 0.057803742587566376 -407.17120361328125 0.0463082417845726 0.9988210201263428 0.014563117176294327 -187.03919982910156 -0.058420516550540924 -0.011847149580717087 0.9982219338417053 -1603.1014404296875
* 0.9978488087654114 -0.043735433369874954 0.04883798584342003 -394.7727966308594 0.04557957500219345 0.9982662796974182 -0.037240564823150635 -187.42379760742188 -0.04712396487593651 0.03938513249158859 0.9981124401092529 -1605.043212890625
* 0.9963812828063965 -0.04268238693475723 0.07350289821624756 -385.4484558105469 0.043232742697000504 0.9990477561950684 -0.00586898997426033 -181.37925720214844 -0.07318179309368134 0.00902414508163929 0.9972779154777527 -1621.954833984375
* 0.9947146773338318 -0.049610435962677 0.08989817649126053 -378.84136962890625 0.046652745455503464 0.9983067512512207 0.034743811935186386 -174.9928436279297 -0.09146901220083237 -0.030367523431777954 0.995344877243042 -1628.2073974609375
* 0.9935377836227417 -0.05113338679075241 0.10133235156536102 -374.3687438964844 0.05161944404244423 0.9986645579338074 -0.0021477751433849335 -167.45791625976563 -0.10108661651611328 0.007363270968198776 0.9948505163192749 -1630.3360595703125
* 0.9957489967346191 -0.06430094689130783 0.06595093011856079 -371.4050598144531 0.060689784586429596 0.9966171979904175 0.05541665107011795 -159.41259765625 -0.06929059326648712 -0.051179878413677216 0.9962828755378723 -1638.87744140625
* 0.9923697710037231 -0.0767214447259903 0.09652018547058105 -362.102294921875 0.06819945573806763 0.9937188625335693 0.08872318267822266 -152.31442260742188 -0.10272033512592316 -0.08146493136882782 0.9913687109947205 -1638.67919921875
* 0.9978753328323364 -0.04785383120179176 0.04421545937657356 -356.9483337402344 0.05061275511980057 0.9966999888420105 -0.06346633285284042 -135.4131622314453 -0.0410318560898304 0.0655680000782013 0.9970040917396545 -1644.9857177734375
* 0.9952907562255859 -0.04764151573181152 0.0844205915927887 -350.9326171875 0.051945626735687256 0.997422456741333 -0.04950394481420517 -121.38632202148438 -0.08184394985437393 0.0536547526717186 0.9951998591423035 -1642.748291015625
* 0.9913147687911987 -0.06982948631048203 0.111441470682621 -350.4967956542969 0.067695751786232 0.9974446296691895 0.022849518805742264 -114.38236999511719 -0.11275167763233185 -0.015108291059732437 0.9935083389282227 -1649.8089599609375
* 0.993445098400116 -0.06052066758275032 0.09697692841291428 -348.65692138671875 0.061241935938596725 0.9981133937835693 -0.004442978650331497 -111.674560546875 -0.09652447700500488 0.01035156100988388 0.9952767491340637 -1644.274658203125
* 0.9927516579627991 -0.06812215596437454 0.09901570528745651 -350.2353515625 0.06146679073572159 0.9957345724105835 0.06881213933229446 -108.68002319335938 -0.10328038781881332 -0.0622284896671772 0.9927037358283997 -1646.8626708984375
* 0.9946300983428955 -0.05236612260341644 0.08927132189273834 -346.48724365234375 0.05282247066497803 0.9986004829406738 -0.002720169723033905 -105.02253723144531 -0.08900334686040878 0.007419764995574951 0.9960036277770996 -1650.12744140625
* 0.9991617202758789 -0.030867189168930054 0.026901431381702423 -339.7602233886719 0.03410330414772034 0.991000771522522 -0.129440575838089 -95.19490051269531 -0.02266329526901245 0.13024809956550598 0.9912223815917969 -1645.352783203125
* 0.9953065514564514 -0.0334695428609848 0.09080334007740021 -334.277587890625 0.040161121636629105 0.9965335130691528 -0.07285994291305542 -88.0923843383789 -0.08804937452077866 0.07616335153579712 0.9932001233100891 -1649.0230712890625
* 0.9983375668525696 -0.03979768231511116 0.041699331253767014 -329.5613708496094 0.04046840965747833 0.9990641474723816 -0.015288956463336945 -86.64045715332031 -0.04105124622583389 0.01694967970252037 0.999013364315033 -1634.8543701171875
* 0.9981241822242737 -0.029740018770098686 0.053519584238529205 -338.2628479003906 0.028165070340037346 0.999153196811676 0.03000325709581375 -85.24252319335938 -0.05436594784259796 -0.0284409299492836 0.9981160163879395 -1640.97705078125
* 0.9948731660842896 -0.039136238396167755 0.09325450658798218 -350.480712890625 0.03378128632903099 0.9977242350578308 0.05835910886526108 -81.33482360839844 -0.09532560408115387 -0.05491098016500473 0.9939305782318115 -1646.3621826171875
* 0.9925602078437805 -0.07331112027168274 0.09721344709396362 -358.9295959472656 0.05454462021589279 0.9815375804901123 0.18332834541797638 -72.43016815185547 -0.10885805636644363 -0.17666319012641907 0.9782331585884094 -1639.29150390625
* 0.9888198375701904 -0.060405660420656204 0.13633501529693604 -370.2414855957031 0.05172997713088989 0.9964560866355896 0.066330187022686 -69.71297454833984 -0.1398579627275467 -0.0585373118519783 0.9884397983551025 -1647.5499267578125
* 0.9983465075492859 -0.05650647357106209 -0.010591614991426468 -374.7610778808594 0.05673922225832939 0.9981289505958557 0.022798459976911545 -76.8114013671875 0.009284076280891895 -0.023363063111901283 0.9996840357780457 -1607.675048828125
* 0.99518221616745 -0.07091933488845825 -0.06770370155572891 -385.6501159667969 0.07679548114538193 0.9931120276451111 0.0884949341416359 -104.56722259521484 0.06096183881163597 -0.0932692289352417 0.9937729239463806 -1580.22119140625
* 0.9943651556968689 -0.07434555888175964 -0.07557578384876251 -396.7854309082031 0.08352921903133392 0.9884270429611206 0.12663032114505768 -136.43299865722656 0.06528721749782562 -0.13223081827163696 0.9890665411949158 -1574.15625
* 0.9981459975242615 -0.04942656680941582 0.0355348214507103 -411.94390869140625 0.04889784753322601 0.9986807703971863 0.01568504422903061 -158.0673828125 -0.03626261278986931 -0.013919729739427567 0.999245285987854 -1616.3970947265625
* 0.9893987774848938 -0.06829176843166351 0.1281694769859314 -417.5991516113281 0.05363369733095169 0.991969108581543 0.11454696953296661 -156.68881225585938 -0.13496212661266327 -0.10645971447229385 0.9851149320602417 -1645.8662109375
* 0.9916349649429321 -0.06561554968357086 0.11115697771310806 -419.7538757324219 0.05528717860579491 0.9940729737281799 0.09360800683498383 -148.9893035888672 -0.116639643907547 -0.08668071031570435 0.9893844723701477 -1635.3680419921875
* 0.9864318370819092 -0.03141547739505768 0.16114096343517303 -422.2627868652344 0.042093392461538315 0.9971088767051697 -0.06326371431350708 -138.29208374023438 -0.15868693590164185 0.06918692588806152 0.9849018454551697 -1643.7918701171875
* 0.9928836822509766 -0.04960448667407036 0.1082705557346344 -414.62518310546875 0.04984845593571663 0.9987568259239197 4.833415150642395E-4 -135.73825073242188 -0.10815926641225815 0.004915863275527954 0.9941214323043823 -1638.078125
* 0.9931333065032959 -0.07088415324687958 0.09307437390089035 -405.01220703125 0.0628703236579895 0.9942737817764282 0.0864134207367897 -131.83441162109375 -0.09866610914468765 -0.07996973395347595 0.9919021129608154 -1632.9188232421875
* 0.9948248267173767 -0.04662322252988815 0.09028293192386627 -394.1795349121094 0.05169260874390602 0.9971687197685242 -0.05461316555738449 -131.43507385253906 -0.08748044073581696 0.05899610370397568 0.994417667388916 -1623.19287109375
* 0.9920822381973267 -0.06153358519077301 0.10948783904314041 -386.62060546875 0.05583460256457329 0.9969565868377686 0.05440809205174446 -126.60236358642578 -0.11250191181898117 -0.047865405678749084 0.9924978613853455 -1631.318115234375
* 0.9979651570320129 -0.05100974068045616 0.03827109560370445 -371.7595520019531 0.05244499072432518 0.9979234337806702 -0.03739633411169052 -120.71693420410156 -0.0362834557890892 0.03932599723339081 0.9985673427581787 -1614.2913818359375
* 0.9966859221458435 -0.05846503749489784 0.05656920373439789 -361.2555236816406 0.056957606226205826 0.9979850649833679 0.027959290891885757 -122.81451416015625 -0.05808926746249199 -0.024645909667015076 0.9980069994926453 -1610.0655517578125
* 0.997499942779541 -0.05061763525009155 0.049322038888931274 -352.2271423339844 0.049783021211624146 0.9985966086387634 0.01807067170739174 -127.70004272460938 -0.05016690865159035 -0.015571428462862968 0.9986193776130676 -1609.2679443359375
* 0.9979403018951416 -0.054019760340452194 0.03461155295372009 -343.0128173828125 0.05291207507252693 0.9980784058570862 0.03224722295999527 -133.90316772460938 -0.03628643974661827 -0.030350767076015472 0.9988803267478943 -1601.26953125
* 0.99763023853302 -0.0688110813498497 9.937211871147156E-5 -335.6168518066406 0.06822751462459564 0.9893080592155457 0.12889736890792847 -140.24574279785156 -0.008967330679297447 -0.12858641147613525 0.9916576147079468 -1597.57861328125
* 0.9978902339935303 -0.06214515119791031 0.01881980523467064 -332.1862487792969 0.0592472180724144 0.9900220036506653 0.1278514862060547 -144.7701873779297 -0.026576802134513855 -0.1264680027961731 0.9916144609451294 -1602.2645263671875
* 0.9968487024307251 -0.05919924005866051 0.05281475931406021 -334.0984802246094 0.05173787102103233 0.9897702932357788 0.1329575628042221 -144.4250030517578 -0.06014487147331238 -0.12980730831623077 0.9897132515907288 -1613.8890380859375
* 0.9935689568519592 -0.051855750381946564 0.10066280514001846 -334.0171203613281 0.04803399741649628 0.9980419278144836 0.04005877673625946 -140.55567932128906 -0.10254235565662384 -0.03496723622083664 0.9941136837005615 -1618.0028076171875
* 0.9968501329421997 -0.0574808195233345 0.05465351790189743 -327.423095703125 0.05000445619225502 0.9903113842010498 0.12954790890216827 -139.7093505859375 -0.06156991049647331 -0.126408189535141 0.9900655746459961 -1602.6220703125
* 0.9986404180526733 -0.04527688026428223 0.02585761249065399 -322.2135925292969 0.046209849417209625 0.9982621073722839 -0.036567483097314835 -142.30181884765625 -0.024156421422958374 0.03771127015352249 0.9989966154098511 -1608.80029296875
* 0.9979209899902344 -0.04637017101049423 0.04477575421333313 -316.3059387207031 0.04660135507583618 0.9989051818847656 -0.004059873521327972 -139.8887481689453 -0.044537872076034546 0.006136685609817505 0.9989888072013855 -1605.272216796875
* 0.99454265832901 -0.054706644266843796 0.08884461224079132 -318.2015075683594 0.05422820895910263 0.998497724533081 0.007827922701835632 -135.79888916015625 -0.08913876861333847 -0.0029686694033443928 0.9960147738456726 -1614.7335205078125
* 0.9970519542694092 -0.05741876736283302 -0.050909750163555145 -314.88092041015625 0.06060398370027542 0.9961504340171814 0.06333384662866592 -135.793212890625 0.04707776755094528 -0.06623378396034241 0.9966928958892822 -1597.472412109375
* 0.99756920337677 -0.06816019862890244 0.014531232416629791 -321.38043212890625 0.06592396646738052 0.9905074238777161 0.12061832845211029 -138.26004028320313 -0.022614091634750366 -0.11936846375465393 0.9925923943519592 -1607.52978515625
* 0.9975127577781677 -0.059451814740896225 0.037883445620536804 -329.65533447265625 0.056278031319379807 0.9952022433280945 0.08003026247024536 -138.57574462890625 -0.04245905578136444 -0.07770051062107086 0.9960721135139465 -1605.0167236328125
* 0.9968886375427246 -0.05390269309282303 0.057523153722286224 -335.1220397949219 0.054382480680942535 0.9984971284866333 -0.006750196218490601 -139.166259765625 -0.05707225948572159 0.009856089949607849 0.9983213543891907 -1607.53515625
* 0.9957684278488159 -0.04897734522819519 0.07776837795972824 -335.5897216796875 0.050329871475696564 0.9986123442649841 -0.015484554693102837 -137.60191345214844 -0.07690145820379257 0.019331742078065872 0.9968512654304504 -1603.809326171875
* 0.9899328947067261 -0.06589175760746002 0.12527000904083252 -335.433837890625 0.05957990512251854 0.996787965297699 0.053511008620262146 -134.05503845214844 -0.12839294970035553 -0.04551008343696594 0.990678608417511 -1610.1319580078125
* 0.9975560307502747 -0.06487724184989929 -0.025968387722969055 -331.375 0.06774242222309113 0.9890351891517639 0.13122442364692688 -131.08953857421875 0.017170727252960205 -0.13266417384147644 0.9910123348236084 -1599.8436279296875
* 0.995353102684021 -0.07316750288009644 0.06261138617992401 -330.2247314453125 0.06761717796325684 0.9939422011375427 0.08663900196552277 -135.6435546875 -0.06857067346572876 -0.0820041298866272 0.9942703247070313 -1607.647705078125
* 0.9928446412086487 -0.06058940663933754 0.10290670394897461 -330.1045227050781 0.05499562248587608 0.996893048286438 0.056384481489658356 -135.86109924316406 -0.10600267350673676 -0.050322968512773514 0.9930917024612427 -1611.4490966796875
* 0.9927379488945007 -0.043615445494651794 0.11211810261011124 -329.1941833496094 0.041543956845998764 0.9989203810691833 0.02077615261077881 -135.41600036621094 -0.11290257424116135 -0.01596880704164505 0.9934777617454529 -1611.7547607421875
* 0.9847909808158875 -0.05180088430643082 0.16584540903568268 -329.51220703125 0.04588684067130089 0.9981723427772522 0.03931692987680435 -134.36000061035156 -0.1675783097743988 -0.031110189855098724 0.9853677749633789 -1615.4937744140625
* 0.9953315854072571 -0.07134237140417099 0.06501215696334839 -332.1357116699219 0.06403063237667084 0.9920443296432495 0.10838516056537628 -128.81741333007813 -0.07222680747509003 -0.10371774435043335 0.991980791091919 -1617.6558837890625
* 0.9974541068077087 -0.06698399037122726 0.024489011615514755 -332.7191162109375 0.06347794085741043 0.9903210997581482 0.12342607229948044 -123.05533599853516 -0.03251897171139717 -0.12155866622924805 0.9920514225959778 -1607.6986083984375
* 0.991611123085022 -0.06341685354709625 0.11263589560985565 -335.02099609375 0.051796622574329376 0.9933022260665894 0.10328194499015808 -119.79763793945313 -0.11843068152666092 -0.09658271819353104 0.9882539510726929 -1615.3133544921875
* 0.9964942932128906 -0.07834508270025253 0.02936600148677826 -334.9776611328125 0.07088498771190643 0.9769815802574158 0.20120085775852203 -114.49354553222656 -0.04445257782936096 -0.19841521978378296 0.9791094660758972 -1606.226318359375
* 0.9919553399085999 -0.0685523971915245 0.10642600059509277 -339.01617431640625 0.05759746953845024 0.9930298328399658 0.10282938182353973 -112.22660827636719 -0.11273278295993805 -0.09587365388870239 0.9889891743659973 -1611.3280029296875
* 0.9877445101737976 -0.04615180939435959 0.14910420775413513 -340.7529296875 0.04744658246636391 0.9988604784011841 -0.005114607512950897 -113.36369323730469 -0.1486976146697998 0.012125000357627869 0.9888083934783936 -1608.9566650390625
* 0.9963558912277222 -0.07001310586929321 0.048729103058576584 -340.91009521484375 0.06475295126438141 0.992644727230072 0.1022890955209732 -117.57199096679688 -0.05553169548511505 -0.09876231849193573 0.9935604333877563 -1603.202392578125
* 0.9953250885009766 -0.06605364382266998 0.07047257572412491 -342.4987487792969 0.0626913532614708 0.9968317151069641 0.04894676059484482 -122.79924774169922 -0.07348184287548065 -0.04430127143859863 0.996312141418457 -1604.8896484375
* 0.9967790246009827 -0.050295498222112656 0.06247689574956894 -342.120361328125 0.05455787479877472 0.9961615204811096 -0.06844763457775116 -121.73810577392578 -0.05879390239715576 0.07163438200950623 0.9956966042518616 -1600.91552734375
* 0.9951900839805603 -0.05490269139409065 0.08114000409841537 -341.08209228515625 0.05340057983994484 0.9983601570129395 0.02060939371585846 -125.0675277709961 -0.08213787525892258 -0.01617869734764099 0.9964896440505981 -1602.1278076171875
* 0.9966911673545837 -0.05333561450242996 0.06134622544050217 -338.78509521484375 0.05270541086792946 0.9985389113426208 0.011899419128894806 -128.98751831054688 -0.06189067289233208 -0.008628127165138721 0.9980456829071045 -1599.5279541015625
* 0.994149923324585 -0.04922657459974289 0.09614583849906921 -340.88641357421875 0.04759165272116661 0.9986808896064758 0.01925947517156601 -131.1299591064453 -0.09696648269891739 -0.014572418294847012 0.9951810240745544 -1607.6585693359375
* 0.9963855147361755 -0.05371277034282684 0.0658193901181221 -340.72503662109375 0.052546583116054535 0.9984302520751953 0.01937294565141201 -132.914794921875 -0.06675604730844498 -0.015845684334635735 0.9976435303688049 -1598.6868896484375
* 0.9949804544448853 -0.05529586970806122 0.08341266214847565 -342.328857421875 0.054859697818756104 0.9984652400016785 0.007552634924650192 -134.84124755859375 -0.08370167016983032 -0.0029400819912552834 0.9964865446090698 -1598.728515625
* 0.9978521466255188 -0.06206287443637848 0.020993709564208984 -340.3480529785156 0.06204161047935486 0.9980716705322266 0.001817439217120409 -138.80349731445313 -0.02106543630361557 -5.124119343236089E-4 0.9997779726982117 -1591.37548828125
* 0.997438371181488 -0.05459728091955185 0.04623030126094818 -340.50054931640625 0.053282804787158966 0.9981500506401062 0.029272831976413727 -143.87342834472656 -0.047742392867803574 -0.026735905557870865 0.9985018372535706 -1600.1090087890625
* 0.9985994100570679 -0.04920469596982002 0.01947937346994877 -338.8934631347656 0.04912926256656647 0.9987819790840149 0.004499804228544235 -144.0525665283203 -0.019676461815834045 -0.003537846729159355 0.9998002052307129 -1594.6636962890625
* 0.9945204854011536 -0.05820441246032715 0.08684791624546051 -342.5171203613281 0.04558151960372925 0.9889776110649109 0.14087209105491638 -145.7869415283203 -0.09408940374851227 -0.1361428052186966 0.9862111210823059 -1613.0360107421875
* 0.9988702535629272 -0.04618897661566734 0.011237125843763351 -345.49127197265625 0.0458126962184906 0.9984381198883057 0.03196726739406586 -154.5029296875 -0.01269552856683731 -0.03141766041517258 0.9994257092475891 -1591.7625732421875
* 0.9975544810295105 -0.05458251014351845 0.043671149760484695 -356.14117431640625 0.04648361727595329 0.9845497012138367 0.1688210815191269 -162.083251953125 -0.052210502326488495 -0.16637948155403137 0.9846786260604858 -1593.3447265625
* 0.9987010359764099 -0.036985184997320175 0.03506805747747421 -367.4737854003906 0.03617345541715622 0.9990665912628174 0.023598477244377136 -170.1505889892578 -0.03590751811861992 -0.022300586104393005 0.9991063475608826 -1595.126708984375
* 0.9992716312408447 -0.03697814792394638 -0.009507652372121811 -360.7657470703125 0.03711318224668503 0.9992117285728455 0.014071017503738403 -184.54380798339844 0.008980412036180496 -0.014414922334253788 0.9998558759689331 -1571.0970458984375
* 0.9993727803230286 -0.034195173531770706 -0.009295673109591007 -360.11566162109375 0.03500274196267128 0.9935457706451416 0.10789385437965393 -199.10382080078125 0.005546805448830128 -0.10815280675888062 0.9941189289093018 -1574.5208740234375
* 0.9991256594657898 -0.0359794907271862 0.021334638819098473 -365.1495056152344 0.032839007675647736 0.990592896938324 0.13284127414226532 -216.40869140625 -0.02591290883719921 -0.13202573359012604 0.9909076690673828 -1587.8323974609375
* 0.9988465309143066 -0.021802812814712524 0.04280337691307068 -366.9393615722656 0.019397802650928497 0.9982479214668274 0.05589671432971954 -227.5481719970703 -0.043946459889411926 -0.05500320345163345 0.99751877784729 -1590.06640625
* 0.9992484450340271 -0.01486585196107626 0.03582494333386421 -366.4015197753906 0.013447735458612442 0.9991250038146973 0.03959839418530464 -235.0772705078125 -0.03638162836432457 -0.03908812999725342 0.9985734224319458 -1584.3421630859375
* 0.9998395442962646 -0.016108836978673935 0.007959154434502125 -363.3014831542969 0.016342470422387123 0.999423086643219 -0.02976638451218605 -238.35597229003906 -0.007474453188478947 0.029890375211834908 0.9995254278182983 -1578.4083251953125
* 0.9986086487770081 -0.03185984492301941 0.042042601853609085 -367.5867919921875 0.028972547501325607 0.9972875118255615 0.06765913218259811 -243.88009643554688 -0.04408356547355652 -0.06634817272424698 0.9968223571777344 -1612.138427734375
* 0.9905235171318054 -0.014974727295339108 0.13653206825256348 -363.7088928222656 0.007232792675495148 0.9983448386192322 0.057049475610256195 -245.24026489257813 -0.13715972006320953 -0.05552259460091591 0.9889916777610779 -1612.13818359375
* 0.998845100402832 -0.021049341186881065 0.043214261531829834 -357.5985412597656 0.019037358462810516 0.9987351894378662 0.046529486775398254 -239.83119201660156 -0.04413841664791107 -0.045654330402612686 0.9979817271232605 -1602.768310546875
* 0.9994598627090454 -0.03135562315583229 0.009943220764398575 -356.95916748046875 0.030889661982655525 0.9985411167144775 0.044281210750341415 -233.90682983398438 -0.011316612362861633 -0.04395141080021858 0.9989696145057678 -1605.68896484375
* 0.9969004392623901 -0.040643706917762756 0.06737752258777618 -359.63330078125 0.03166474029421806 0.9910871982574463 0.1293940246105194 -232.45706176757813 -0.07203544676303864 -0.12686064839363098 0.9893014430999756 -1626.665771484375
* 0.9987614154815674 -0.028414873406291008 0.0408710315823555 -353.90533447265625 0.027236780151724815 0.9992027878761292 0.02917899377644062 -223.90875244140625 -0.04166697338223457 -0.028030915185809135 0.9987383484840393 -1613.5032958984375
* 0.9946526288986206 -0.01990538090467453 0.10135167092084885 -351.0458068847656 0.016943302005529404 0.9994049072265625 0.030036257579922676 -217.6373291015625 -0.10188860446214676 -0.028159666806459427 0.9943972826004028 -1621.140869140625
* 0.9980816841125488 -0.01582615077495575 0.059872258454561234 -342.2664489746094 0.018246814608573914 0.9990310072898865 -0.04004538804292679 -207.35919189453125 -0.059179872274398804 0.04105974733829498 0.9974026083946228 -1604.413330078125
* 0.9937515258789063 -0.030486539006233215 0.10738061368465424 -343.9648132324219 0.02104586362838745 0.9958970546722412 0.08800902962684631 -202.6840362548828 -0.10962247848510742 -0.08520039916038513 0.9903150796890259 -1637.7843017578125
* 0.9983533024787903 -0.017281822860240936 0.05471780151128769 -341.51080322265625 0.01912139356136322 0.9992650151252747 -0.03321472555398941 -195.38206481933594 -0.05410296842455864 0.03420502692461014 0.9979494214057922 -1610.5684814453125
* 0.9908190369606018 0.004393303766846657 0.13513082265853882 -346.4376525878906 0.007514633238315582 0.9961393475532532 -0.0874607115983963 -185.9442138671875 -0.13499265909194946 0.0876719057559967 0.9869604110717773 -1620.7398681640625
* 0.9787572622299194 -0.023382389917969704 0.20368973910808563 -355.0692138671875 0.009392524138092995 0.9975446462631226 0.06939631700515747 -176.5169677734375 -0.20481151342391968 -0.06601021438837051 0.9765731692314148 -1646.035888671875
* 0.9889668822288513 -0.06300134211778641 0.13407936692237854 -355.9952697753906 0.030843935906887054 0.9727917909622192 0.22961710393428802 -162.4183349609375 -0.14489680528640747 -0.2229493409395218 0.9640014171600342 -1641.381103515625
* 0.9667261242866516 -0.06032799556851387 0.24860230088233948 -355.25091552734375 0.00871613435447216 0.9789960384368896 0.2036912441253662 -152.90863037109375 -0.25566816329956055 -0.19474798440933228 0.9469462037086487 -1630.5343017578125
* 0.9883979558944702 -0.0629882663488388 0.13821744918823242 -361.8268127441406 0.031180530786514282 0.974718451499939 0.22124865651130676 -136.936279296875 -0.14865848422050476 -0.21437318623065948 0.9653730392456055 -1647.5780029296875
* 0.9938930869102478 -0.06188710778951645 0.09137021005153656 -367.370849609375 0.03900189697742462 0.9715000987052917 0.23380674421787262 -109.24205780029297 -0.1032351404428482 -0.2288164496421814 0.9679803252220154 -1639.9766845703125
* 0.9254885315895081 -0.021458512172102928 0.3781699538230896 -380.4291076660156 0.01764833927154541 0.9997520446777344 0.013547390699386597 -82.60509490966797 -0.3783661127090454 -0.005865141749382019 0.9256376028060913 -1645.603271484375
* 0.9458374977111816 -0.04621894285082817 0.32133665680885315 -391.2140197753906 0.04136895015835762 0.9989030361175537 0.02191876247525215 -63.97593688964844 -0.3219965100288391 -0.007439519744366407 0.9467117786407471 -1640.38623046875
* 0.9299357533454895 -0.029601413756608963 0.3665313422679901 -401.29205322265625 0.03593922406435013 0.9992986917495728 -0.010468779131770134 -51.348876953125 -0.3659636378288269 0.022906847298145294 0.9303473234176636 -1634.933837890625
* 0.9115971326828003 -0.052650388330221176 0.4077015221118927 -400.2266845703125 0.05156276375055313 0.9985756874084473 0.01367249060422182 -45.95941925048828 -0.40783995389938354 0.008557125926017761 0.9130134582519531 -1621.387451171875
* 0.8933670520782471 -0.06262049823999405 0.444944828748703 -389.36749267578125 0.05092805251479149 0.9979708194732666 0.03820554167032242 -48.32453918457031 -0.4464336335659027 -0.011472692713141441 0.8947433233261108 -1603.26123046875
* 0.8442041277885437 -0.06949765235185623 0.5314991474151611 -375.1310729980469 0.013403113931417465 0.9939849376678467 0.1086888313293457 -65.82653045654297 -0.5358549952507019 -0.08463308215141296 0.8400576710700989 -1573.9425048828125
* 0.8533058166503906 -0.05500313639640808 0.5185033082962036 -374.54803466796875 9.520219173282385E-4 0.9945819973945618 0.10394560545682907 -91.67778778076172 -0.5214105844497681 -0.0882049947977066 0.8487350344657898 -1570.3421630859375
* 0.8910170197486877 -5.220621824264526E-4 0.45397159457206726 -383.8851013183594 0.020765060558915138 0.998999297618866 -0.03959960490465164 -108.24516296386719 -0.4534958004951477 0.04470943659543991 0.8901364207267761 -1585.1387939453125
* 0.8837074041366577 -0.01889953762292862 0.46765998005867004 -402.5397644042969 0.007119842804968357 0.9996108412742615 0.026950567960739136 -119.33751678466797 -0.46798646450042725 -0.020487986505031586 0.8834981918334961 -1591.398681640625
* 0.8678739666938782 -0.0687175840139389 0.49201059341430664 -411.623291015625 -0.005536969751119614 0.9889858365058899 0.14790228009223938 -133.61219787597656 -0.49675416946411133 -0.13108603656291962 0.8579346537590027 -1579.491455078125
* 0.8833710551261902 -0.052320245653390884 0.46574658155441284 -428.4964294433594 -8.316105231642723E-5 0.993730366230011 0.11179693043231964 -144.20071411132813 -0.46867498755455017 -0.09879814833402634 0.8778284192085266 -1601.197021484375
* 0.8590483069419861 -0.045925866812467575 0.5098319053649902 -427.8738708496094 5.849804729223251E-4 0.9960534572601318 0.0887458473443985 -154.2971954345703 -0.5118948221206665 -0.07593998312950134 0.8556850552558899 -1580.2906494140625
* 0.8847318291664124 -0.07747800648212433 0.4596177935600281 -432.0484313964844 0.012846903875470161 0.989764928817749 0.14212311804294586 -162.60235595703125 -0.4659241735935211 -0.1198374405503273 0.8766720294952393 -1599.0477294921875
* 0.8861879706382751 -0.1075996533036232 0.4506606459617615 -427.1442565917969 -0.007477741222828627 0.9692097306251526 0.24612018465995789 -166.4368896484375 -0.4632663130760193 -0.22147992253303528 0.8580973744392395 -1588.93017578125
