#
#
#
#
#
#
#
#
#
#
#
#
#
#
#
#
#
#
#
#
#
#
#
#
#
#
#
#
#
#
#
#
#
#
#
#
#
#
#
#
#
#
#
#
#
#
#
#
#
#
#
#
#
#
#
#
#
#
#
#
#
#
#
#
#
#
#
#
#
#
#
#
#
#
#
#
#
#
#
#
#
#
#
#
#
#
#
#
#
#
#
#
#
#
#
#
#
#
#
#
#
#
#
#
#
#
#
#
#
#
#
#
#
#
#
#
#
#
#
#
#
#
*1 0.9949986934661865 0.0546211376786232 -0.08365047723054886 -229.7771453857422
*1 0.9949986934661865 0.0546211376786232 -0.08365047723054886 -229.7771453857422
*2 -0.08422955870628357 0.9086354970932007 -0.40900275111198425 257.124755859375
*1 0.9949986934661865 0.0546211376786232 -0.08365047723054886 -229.7771453857422
*2 -0.08422955870628357 0.9086354970932007 -0.40900275111198425 257.124755859375
*3 0.053678326308727264 0.4140063226222992 0.9086909890174866 -1008.7893676757813
*1 0.9920642375946045 0.046060577034950256 -0.11700545996427536 -225.3404083251953
*1 0.9920642375946045 0.046060577034950256 -0.11700545996427536 -225.3404083251953
*2 -0.08214699476957321 0.9417662620544434 -0.3260744512081146 242.13128662109375
*1 0.9920642375946045 0.046060577034950256 -0.11700545996427536 -225.3404083251953
*2 -0.08214699476957321 0.9417662620544434 -0.3260744512081146 242.13128662109375
*3 0.0951833724975586 0.3331015706062317 0.9380753040313721 -1001.0216064453125
*1 0.9901623725891113 0.04916825145483017 -0.1310127228498459 -221.91744995117188
*1 0.9901623725891113 0.04916825145483017 -0.1310127228498459 -221.91744995117188
*2 -0.09240603446960449 0.9326959252357483 -0.34861984848976135 233.56829833984375
*1 0.9901623725891113 0.04916825145483017 -0.1310127228498459 -221.91744995117188
*2 -0.09240603446960449 0.9326959252357483 -0.34861984848976135 233.56829833984375
*3 0.10506471991539001 0.3572998046875 0.9280624985694885 -999.1727294921875
*1 0.9892048239707947 0.062189023941755295 -0.13270163536071777 -220.77105712890625
*1 0.9892048239707947 0.062189023941755295 -0.13270163536071777 -220.77105712890625
*2 -0.10168848186731339 0.9432013034820557 -0.3162707984447479 231.8758544921875
*1 0.9892048239707947 0.062189023941755295 -0.13270163536071777 -220.77105712890625
*2 -0.10168848186731339 0.9432013034820557 -0.3162707984447479 231.8758544921875
*3 0.10550644248723984 0.32635414600372314 0.9393419027328491 -996.9136962890625
*1 0.9867556691169739 0.0684211477637291 -0.14708901941776276 -227.85704040527344
*1 0.9867556691169739 0.0684211477637291 -0.14708901941776276 -227.85704040527344
*2 -0.11151338368654251 0.9445056319236755 -0.30898281931877136 229.6897735595703
*1 0.9867556691169739 0.0684211477637291 -0.14708901941776276 -227.85704040527344
*2 -0.11151338368654251 0.9445056319236755 -0.30898281931877136 229.6897735595703
*3 0.11779607087373734 0.3212963044643402 0.9396246671676636 -1007.4735107421875
*1 0.9951353073120117 0.08621165156364441 0.047715216875076294 -242.52383422851563
*1 0.9951353073120117 0.08621165156364441 0.047715216875076294 -242.52383422851563
*2 -0.060775820165872574 0.9183670282363892 -0.39103057980537415 219.80833435058594
*1 0.9951353073120117 0.08621165156364441 0.047715216875076294 -242.52383422851563
*2 -0.060775820165872574 0.9183670282363892 -0.39103057980537415 219.80833435058594
*3 -0.07752081751823425 0.3862319886684418 0.9191392660140991 -1049.6412353515625
*1 0.9977612495422363 0.06156694516539574 -0.026182882487773895 -240.87289428710938
*1 0.9977612495422363 0.06156694516539574 -0.026182882487773895 -240.87289428710938
*2 -0.06642000377178192 0.9572201371192932 -0.2816285490989685 189.04306030273438
*1 0.9977612495422363 0.06156694516539574 -0.026182882487773895 -240.87289428710938
*2 -0.06642000377178192 0.9572201371192932 -0.2816285490989685 189.04306030273438
*3 0.007734507322311401 0.2827404737472534 0.9591661691665649 -1044.7628173828125
*1 0.992609441280365 0.04154045134782791 -0.1140374019742012 -234.17864990234375
*1 0.992609441280365 0.04154045134782791 -0.1140374019742012 -234.17864990234375
*2 -0.07194318622350693 0.9580124616622925 -0.277548223733902 171.6752471923828
*1 0.992609441280365 0.04154045134782791 -0.1140374019742012 -234.17864990234375
*2 -0.07194318622350693 0.9580124616622925 -0.277548223733902 171.6752471923828
*3 0.09773050993680954 0.2837042808532715 0.953919529914856 -1012.5993041992188
*1 0.9963080286979675 0.03232120722532272 -0.07955661416053772 -238.23977661132813
*1 0.9963080286979675 0.03232120722532272 -0.07955661416053772 -238.23977661132813
*2 -0.05385517328977585 0.9566418528556824 -0.28623872995376587 169.792724609375
*1 0.9963080286979675 0.03232120722532272 -0.07955661416053772 -238.23977661132813
*2 -0.05385517328977585 0.9566418528556824 -0.28623872995376587 169.792724609375
*3 0.06686641275882721 0.289469450712204 0.9548498392105103 -1021.9624633789063
*1 0.9992279410362244 0.039333414286375046 -7.854787691030651E-5 -244.8396759033203
*1 0.9992279410362244 0.039333414286375046 -7.854787691030651E-5 -244.8396759033203
*2 -0.037222638726234436 0.9458684921264648 -0.32240331172943115 154.4146728515625
*1 0.9992279410362244 0.039333414286375046 -7.854787691030651E-5 -244.8396759033203
*2 -0.037222638726234436 0.9458684921264648 -0.32240331172943115 154.4146728515625
*3 -0.01259609591215849 0.32216036319732666 0.9466022849082947 -1052.7506103515625
*1 0.9964705109596252 0.024080155417323112 -0.08043833822011948 -239.41175842285156
*1 0.9964705109596252 0.024080155417323112 -0.08043833822011948 -239.41175842285156
*2 -0.04614182934165001 0.9572722315788269 -0.2854776680469513 132.0414276123047
*1 0.9964705109596252 0.024080155417323112 -0.08043833822011948 -239.41175842285156
*2 -0.04614182934165001 0.9572722315788269 -0.2854776680469513 132.0414276123047
*3 0.0701378881931305 0.2881844937801361 0.9550037980079651 -1026.963134765625
*1 0.9887985587120056 0.015381008386611938 -0.14847443997859955 -235.45713806152344
*1 0.9887985587120056 0.015381008386611938 -0.14847443997859955 -235.45713806152344
*2 -0.05403761565685272 0.9640266299247742 -0.2602483630180359 124.78636169433594
*1 0.9887985587120056 0.015381008386611938 -0.14847443997859955 -235.45713806152344
*2 -0.05403761565685272 0.9640266299247742 -0.2602483630180359 124.78636169433594
*3 0.1391412317752838 0.26535916328430176 0.9540576934814453 -1018.6369018554688
*1 0.9896038174629211 0.012281570583581924 -0.1433081477880478 -229.6280975341797
*1 0.9896038174629211 0.012281570583581924 -0.1433081477880478 -229.6280975341797
*2 -0.047502025961875916 0.9682840704917908 -0.24528783559799194 118.15956115722656
*1 0.9896038174629211 0.012281570583581924 -0.1433081477880478 -229.6280975341797
*2 -0.047502025961875916 0.9682840704917908 -0.24528783559799194 118.15956115722656
*3 0.1357612907886505 0.24954791367053986 0.9587995409965515 -1020.7127685546875
*1 0.9877285957336426 0.006561323069036007 -0.1560543328523636 -223.8221893310547
*1 0.9877285957336426 0.006561323069036007 -0.1560543328523636 -223.8221893310547
*2 -0.04317907616496086 0.9715939164161682 -0.2326744943857193 116.54129028320313
*1 0.9877285957336426 0.006561323069036007 -0.1560543328523636 -223.8221893310547
*2 -0.04317907616496086 0.9715939164161682 -0.2326744943857193 116.54129028320313
*3 0.15010562539100647 0.2365601807832718 0.9599528312683105 -1023.834228515625
*1 0.9857580661773682 -0.006453805137425661 -0.1680574119091034 -217.1824493408203
*1 0.9857580661773682 -0.006453805137425661 -0.1680574119091034 -217.1824493408203
*2 -0.03926501050591469 0.9627565741539001 -0.26749706268310547 119.7551040649414
*1 0.9857580661773682 -0.006453805137425661 -0.1680574119091034 -217.1824493408203
*2 -0.03926501050591469 0.9627565741539001 -0.26749706268310547 119.7551040649414
*3 0.16353556513786316 0.2702886462211609 0.9487898349761963 -1031.171142578125
*1 0.9767343401908875 -0.018713725730776787 -0.2136441320180893 -204.24822998046875
*1 0.9767343401908875 -0.018713725730776787 -0.2136441320180893 -204.24822998046875
*2 -0.043680258095264435 0.9578956961631775 -0.28376832604408264 119.53779602050781
*1 0.9767343401908875 -0.018713725730776787 -0.2136441320180893 -204.24822998046875
*2 -0.043680258095264435 0.9578956961631775 -0.28376832604408264 119.53779602050781
*3 0.2099698930978775 0.2865006625652313 0.9347898364067078 -1019.2706298828125
*1 0.9999309778213501 0.009360339492559433 0.007386709563434124 -205.90721130371094
*1 0.9999309778213501 0.009360339492559433 0.007386709563434124 -205.90721130371094
*2 -0.005805640015751123 0.9245935678482056 -0.3809063136577606 105.86859893798828
*1 0.9999309778213501 0.009360339492559433 0.007386709563434124 -205.90721130371094
*2 -0.005805640015751123 0.9245935678482056 -0.3809063136577606 105.86859893798828
*3 -0.01038418896496296 0.38083985447883606 0.9245838522911072 -1071.2069091796875
#
#
#
*1 0.9963127374649048 0.014615030959248543 -0.08443702757358551 -226.7879638671875
*1 0.9963127374649048 0.014615030959248543 -0.08443702757358551 -226.7879638671875
*2 -0.02646651864051819 0.9899635910987854 -0.13886985182762146 -40.592063903808594
*1 0.9963127374649048 0.014615030959248543 -0.08443702757358551 -226.7879638671875
*2 -0.02646651864051819 0.9899635910987854 -0.13886985182762146 -40.592063903808594
*3 0.08150482177734375 0.1406032145023346 0.9867083430290222 -1058.7835693359375
*1 0.999512791633606 0.020634885877370834 -0.02303718402981758 -230.8644561767578
*1 0.999512791633606 0.020634885877370834 -0.02303718402981758 -230.8644561767578
*2 -0.024402689188718796 0.9854020476341248 -0.16852472722530365 -64.06782531738281
*1 0.999512791633606 0.020634885877370834 -0.02303718402981758 -230.8644561767578
*2 -0.024402689188718796 0.9854020476341248 -0.16852472722530365 -64.06782531738281
*3 0.019167758524417877 0.16901522874832153 0.9854298830032349 -1059.568359375
*1 0.9954308867454529 0.009268895722925663 -0.09494071453809738 -226.79933166503906
*1 0.9954308867454529 0.009268895722925663 -0.09494071453809738 -226.79933166503906
*2 -0.026041436940431595 0.9842111468315125 -0.17511023581027985 -90.3915786743164
*1 0.9954308867454529 0.009268895722925663 -0.09494071453809738 -226.79933166503906
*2 -0.026041436940431595 0.9842111468315125 -0.17511023581027985 -90.3915786743164
*3 0.09176355600357056 0.17679363489151 0.9799638986587524 -1040.957275390625
*1 0.9916960000991821 0.003734571859240532 -0.12848122417926788 -223.2170867919922
*1 0.9916960000991821 0.003734571859240532 -0.12848122417926788 -223.2170867919922
*2 -0.01660529524087906 0.9950658679008484 -0.09788558632135391 -108.41014099121094
*1 0.9916960000991821 0.003734571859240532 -0.12848122417926788 -223.2170867919922
*2 -0.01660529524087906 0.9950658679008484 -0.09788558632135391 -108.41014099121094
*3 0.1274271309375763 0.09921736270189285 0.9868758916854858 -1024.917236328125
*1 0.9865387678146362 0.0031674932688474655 -0.16344276070594788 -230.59242248535156
*1 0.9865387678146362 0.0031674932688474655 -0.16344276070594788 -230.59242248535156
*2 -0.011248169466853142 0.998816192150116 -0.047467343509197235 -117.1644058227539
*1 0.9865387678146362 0.0031674932688474655 -0.16344276070594788 -230.59242248535156
*2 -0.011248169466853142 0.998816192150116 -0.047467343509197235 -117.1644058227539
*3 0.16304486989974976 0.048677776008844376 0.9854200482368469 -1029.4781494140625
*1 0.9885464906692505 0.010573319159448147 -0.15048687160015106 -238.43646240234375
*1 0.9885464906692505 0.010573319159448147 -0.15048687160015106 -238.43646240234375
*2 -0.017410561442375183 0.9989291429519653 -0.04302253574132919 -127.06446838378906
*1 0.9885464906692505 0.010573319159448147 -0.15048687160015106 -238.43646240234375
*2 -0.017410561442375183 0.9989291429519653 -0.04302253574132919 -127.06446838378906
*3 0.14981651306152344 0.045160360634326935 0.9876849055290222 -1025.3597412109375
*1 0.992479145526886 0.009247951209545135 -0.12199150025844574 -244.07687377929688
*1 0.992479145526886 0.009247951209545135 -0.12199150025844574 -244.07687377929688
*2 -0.0159279927611351 0.9985029697418213 -0.0524565726518631 -139.82421875
*1 0.992479145526886 0.009247951209545135 -0.12199150025844574 -244.07687377929688
*2 -0.0159279927611351 0.9985029697418213 -0.0524565726518631 -139.82421875
*3 0.121269091963768 0.05401576682925224 0.9911518692970276 -1023.6329345703125
*1 0.98787921667099 0.012092292308807373 -0.15469522774219513 -246.6609344482422
*1 0.98787921667099 0.012092292308807373 -0.15469522774219513 -246.6609344482422
*2 -0.021072056144475937 0.9982483983039856 -0.055403728038072586 -148.60140991210938
*1 0.98787921667099 0.012092292308807373 -0.15469522774219513 -246.6609344482422
*2 -0.021072056144475937 0.9982483983039856 -0.055403728038072586 -148.60140991210938
*3 0.15370000898838043 0.05800243839621544 0.9864166975021362 -1011.4524536132813
*1 0.9915361404418945 0.01958450861275196 -0.12827616930007935 -258.0166931152344
*1 0.9915361404418945 0.01958450861275196 -0.12827616930007935 -258.0166931152344
*2 -0.02336696907877922 0.9993777275085449 -0.026676932349801064 -155.26742553710938
*1 0.9915361404418945 0.01958450861275196 -0.12827616930007935 -258.0166931152344
*2 -0.02336696907877922 0.9993777275085449 -0.026676932349801064 -155.26742553710938
*3 0.12761922180652618 0.029458507895469666 0.9913886189460754 -1023.7567749023438
*1 0.9950050115585327 0.01764264516532421 -0.09816306829452515 -266.1640930175781
*1 0.9950050115585327 0.01764264516532421 -0.09816306829452515 -266.1640930175781
*2 -0.0213465578854084 0.9991655349731445 -0.0350148044526577 -155.4540557861328
*1 0.9950050115585327 0.01764264516532421 -0.09816306829452515 -266.1640930175781
*2 -0.0213465578854084 0.9991655349731445 -0.0350148044526577 -155.4540557861328
*3 0.09740838408470154 0.03694543614983559 0.9945614337921143 -1027.5711669921875
*1 0.9882950782775879 0.003117353655397892 -0.15246427059173584 -268.1737060546875
*1 0.9882950782775879 0.003117353655397892 -0.15246427059173584 -268.1737060546875
*2 -0.007356096990406513 0.999639093875885 -0.026097407564520836 -153.323974609375
*1 0.9882950782775879 0.003117353655397892 -0.15246427059173584 -268.1737060546875
*2 -0.007356096990406513 0.999639093875885 -0.026097407564520836 -153.323974609375
*3 0.15227365493774414 0.02692432701587677 0.9879745244979858 -1008.6403198242188
*1 0.9889886975288391 7.162729743868113E-4 -0.14792951941490173 -267.2882080078125
*1 0.9889886975288391 7.162729743868113E-4 -0.14792951941490173 -267.2882080078125
*2 -0.004429705440998077 0.9997186064720154 -0.023592501878738403 -165.4770965576172
*1 0.9889886975288391 7.162729743868113E-4 -0.14792951941490173 -267.2882080078125
*2 -0.004429705440998077 0.9997186064720154 -0.023592501878738403 -165.4770965576172
*3 0.1478167474269867 0.02399895340204239 0.9887264966964722 -993.1614990234375
*1 0.9901296496391296 9.687254787422717E-4 -0.14008814096450806 -270.4378356933594
*1 0.9901296496391296 9.687254787422717E-4 -0.14008814096450806 -270.4378356933594
*2 -0.004024617839604616 0.9997929334640503 -0.020283794030547142 -180.02902221679688
*1 0.9901296496391296 9.687254787422717E-4 -0.14008814096450806 -270.4378356933594
*2 -0.004024617839604616 0.9997929334640503 -0.020283794030547142 -180.02902221679688
*3 0.139985129237175 0.020658308640122414 0.9899409413337708 -995.1629028320313
*1 0.9922680854797363 0.005404576193541288 -0.12392447143793106 -276.01043701171875
*1 0.9922680854797363 0.005404576193541288 -0.12392447143793106 -276.01043701171875
*2 -0.00984681025147438 0.9993852376937866 -0.03384760022163391 -190.0446319580078
*1 0.9922680854797363 0.005404576193541288 -0.12392447143793106 -276.01043701171875
*2 -0.00984681025147438 0.9993852376937866 -0.03384760022163391 -190.0446319580078
*3 0.12361074239015579 0.03481689840555191 0.9917226433753967 -1005.7157592773438
*1 0.9930585622787476 -1.874370500445366E-4 -0.11754583567380905 -282.75408935546875
*1 0.9930585622787476 -1.874370500445366E-4 -0.11754583567380905 -282.75408935546875
*2 -0.001364351948723197 0.9999380707740784 -0.011633085086941719 -195.7447967529297
*1 0.9930585622787476 -1.874370500445366E-4 -0.11754583567380905 -282.75408935546875
*2 -0.001364351948723197 0.9999380707740784 -0.011633085086941719 -195.7447967529297
*3 0.1174861341714859 0.011723659932613373 0.9930080771446228 -1009.7349853515625
*1 0.9917870163917542 -0.015443557873368263 -0.12689520418643951 -288.1136169433594
*1 0.9917870163917542 -0.015443557873368263 -0.12689520418643951 -288.1136169433594
*2 0.016031404957175255 0.999865710735321 0.0049895355477929115 -200.03057861328125
*1 0.9917870163917542 -0.015443557873368263 -0.12689520418643951 -288.1136169433594
*2 0.016031404957175255 0.999865710735321 0.0049895355477929115 -200.03057861328125
*3 0.12674683332443237 -0.006971149705350399 0.9919133186340332 -1004.1962280273438
*1 0.9905805587768555 -0.020294547080993652 -0.13535387814044952 -287.31964111328125
*1 0.9905805587768555 -0.020294547080993652 -0.13535387814044952 -287.31964111328125
*2 0.01936950534582138 0.9997954368591309 -0.006859304383397102 -210.65232849121094
*1 0.9905805587768555 -0.020294547080993652 -0.13535387814044952 -287.31964111328125
*2 0.01936950534582138 0.9997954368591309 -0.006859304383397102 -210.65232849121094
*3 0.13541127741336823 0.004184985067695379 0.9907833933830261 -996.1868896484375
*1 0.9875931143760681 -0.01330336183309555 -0.15641333162784576 -280.8231201171875
*1 0.9875931143760681 -0.01330336183309555 -0.15641333162784576 -280.8231201171875
*2 0.009269691072404385 0.9996415972709656 -0.0253749992698431 -220.02615356445313
*1 0.9875931143760681 -0.01330336183309555 -0.15641333162784576 -280.8231201171875
*2 0.009269691072404385 0.9996415972709656 -0.0253749992698431 -220.02615356445313
*3 0.156640887260437 0.02362201362848282 0.9873758554458618 -993.2042236328125
*1 0.9863501191139221 -0.01874723844230175 -0.16353724896907806 -271.2894592285156
*1 0.9863501191139221 -0.01874723844230175 -0.16353724896907806 -271.2894592285156
*2 0.016357585787773132 0.9997619986534119 -0.014880671165883541 -228.88340759277344
*1 0.9863501191139221 -0.01874723844230175 -0.16353724896907806 -271.2894592285156
*2 0.016357585787773132 0.9997619986534119 -0.014880671165883541 -228.88340759277344
*3 0.16372354328632355 0.012014460749924183 0.9864358901977539 -997.9364624023438
*1 0.9858267307281494 0.0035192295908927917 -0.16767708957195282 -264.98565673828125
*1 0.9858267307281494 0.0035192295908927917 -0.16767708957195282 -264.98565673828125
*2 0.0018110850360244513 0.999471127986908 0.032668210566043854 -239.2650909423828
*1 0.9858267307281494 0.0035192295908927917 -0.16767708957195282 -264.98565673828125
*2 0.0018110850360244513 0.999471127986908 0.032668210566043854 -239.2650909423828
*3 0.167649507522583 -0.032498352229595184 0.9853136539459229 -1000.5416259765625
*1 0.9851429462432861 0.0216054767370224 -0.17032016813755035 -267.9319152832031
*1 0.9851429462432861 0.0216054767370224 -0.17032016813755035 -267.9319152832031
*2 -0.019823772832751274 0.9997231364250183 0.013182030990719795 -247.67848205566406
*1 0.9851429462432861 0.0216054767370224 -0.17032016813755035 -267.9319152832031
*2 -0.019823772832751274 0.9997231364250183 0.013182030990719795 -247.67848205566406
*3 0.17050375044345856 -0.009600162506103516 0.9853130578994751 -997.0591430664063
#
#
#
*1 0.9921773672103882 0.04393655061721802 -0.1168491542339325 -273.63250732421875
*1 0.9921773672103882 0.04393655061721802 -0.1168491542339325 -273.63250732421875
*2 -0.044270992279052734 0.9990196824073792 -2.684369683265686E-4 -260.7150573730469
*1 0.9921773672103882 0.04393655061721802 -0.1168491542339325 -273.63250732421875
*2 -0.044270992279052734 0.9990196824073792 -2.684369683265686E-4 -260.7150573730469
*3 0.11672276258468628 0.005439311265945435 0.9931496381759644 -1022.5103149414063
*1 0.9910776615142822 0.0388365238904953 -0.1275024712085724 -273.4444580078125
*1 0.9910776615142822 0.0388365238904953 -0.1275024712085724 -273.4444580078125
*2 -0.03846079856157303 0.9992456436157227 0.00540694035589695 -251.44314575195313
*1 0.9910776615142822 0.0388365238904953 -0.1275024712085724 -273.4444580078125
*2 -0.03846079856157303 0.9992456436157227 0.00540694035589695 -251.44314575195313
*3 0.12761622667312622 -4.5491490163840353E-4 0.9918234944343567 -1024.3585205078125
*1 0.9889980554580688 0.0409540981054306 -0.14214614033699036 -270.5935974121094
*1 0.9889980554580688 0.0409540981054306 -0.14214614033699036 -270.5935974121094
*2 -0.042640119791030884 0.9990516304969788 -0.00883524026721716 -244.6725311279297
*1 0.9889980554580688 0.0409540981054306 -0.14214614033699036 -270.5935974121094
*2 -0.042640119791030884 0.9990516304969788 -0.00883524026721716 -244.6725311279297
*3 0.14164942502975464 0.014799094758927822 0.9898062348365784 -1017.1038818359375
*1 0.9919867515563965 0.040007878094911575 -0.1198396384716034 -271.9118957519531
*1 0.9919867515563965 0.040007878094911575 -0.1198396384716034 -271.9118957519531
*2 -0.03999120369553566 0.9991970062255859 0.0025439048185944557 -242.13812255859375
*1 0.9919867515563965 0.040007878094911575 -0.1198396384716034 -271.9118957519531
*2 -0.03999120369553566 0.9991970062255859 0.0025439048185944557 -242.13812255859375
*3 0.11984509974718094 0.002268945798277855 0.9927899837493896 -1030.2081298828125
*1 0.994818389415741 0.052114032208919525 -0.0872952863574028 -274.1594543457031
*1 0.994818389415741 0.052114032208919525 -0.0872952863574028 -274.1594543457031
*2 -0.05441610515117645 0.998225212097168 -0.024202074855566025 -231.29702758789063
*1 0.994818389415741 0.052114032208919525 -0.0872952863574028 -274.1594543457031
*2 -0.05441610515117645 0.998225212097168 -0.024202074855566025 -231.29702758789063
*3 0.08587902784347534 0.028826873749494553 0.9958884119987488 -1047.0623779296875
*1 0.9939220547676086 0.0563582219183445 -0.09456544369459152 -273.7109069824219
*1 0.9939220547676086 0.0563582219183445 -0.09456544369459152 -273.7109069824219
*2 -0.06111904978752136 0.9969650506973267 -0.0482262521982193 -214.83743286132813
*1 0.9939220547676086 0.0563582219183445 -0.09456544369459152 -273.7109069824219
*2 -0.06111904978752136 0.9969650506973267 -0.0482262521982193 -214.83743286132813
*3 0.09156043827533722 0.053712815046310425 0.9943498969078064 -1046.982421875
*1 0.9891374111175537 0.05370177701115608 -0.13683263957500458 -269.0932312011719
*1 0.9891374111175537 0.05370177701115608 -0.13683263957500458 -269.0932312011719
*2 -0.061684150248765945 0.9965916872024536 -0.05477841943502426 -197.38877868652344
*1 0.9891374111175537 0.05370177701115608 -0.13683263957500458 -269.0932312011719
*2 -0.061684150248765945 0.9965916872024536 -0.05477841943502426 -197.38877868652344
*3 0.1334245204925537 0.06262372434139252 0.9890785217285156 -1034.8140869140625
*1 0.9896321296691895 0.047743286937475204 -0.13545748591423035 -262.91412353515625
*1 0.9896321296691895 0.047743286937475204 -0.13545748591423035 -262.91412353515625
*2 -0.05503200739622116 0.9972028136253357 -0.050582751631736755 -189.2572784423828
*1 0.9896321296691895 0.047743286937475204 -0.13545748591423035 -262.91412353515625
*2 -0.05503200739622116 0.9972028136253357 -0.050582751631736755 -189.2572784423828
*3 0.1326635181903839 0.05751275271177292 0.9894912242889404 -1037.6434326171875
*1 0.9975185990333557 0.061836354434490204 -0.03365587815642357 -269.21075439453125
*1 0.9975185990333557 0.061836354434490204 -0.03365587815642357 -269.21075439453125
*2 -0.06568460166454315 0.9894921779632568 -0.12880784273147583 -183.7999725341797
*1 0.9975185990333557 0.061836354434490204 -0.03365587815642357 -269.21075439453125
*2 -0.06568460166454315 0.9894921779632568 -0.12880784273147583 -183.7999725341797
*3 0.025337155908346176 0.13069884479045868 0.9910984039306641 -1078.3319091796875
*1 0.9980777502059937 0.059891097247600555 0.015926193445920944 -274.754638671875
*1 0.9980777502059937 0.059891097247600555 0.015926193445920944 -274.754638671875
*2 -0.05744894966483116 0.9905338883399963 -0.12467119097709656 -157.84365844726563
*1 0.9980777502059937 0.059891097247600555 0.015926193445920944 -274.754638671875
*2 -0.05744894966483116 0.9905338883399963 -0.12467119097709656 -157.84365844726563
*3 -0.02324218675494194 0.12351655215024948 0.9920703172683716 -1096.8212890625
*1 0.9960845708847046 0.04681631177663803 -0.07499055564403534 -273.29351806640625
*1 0.9960845708847046 0.04681631177663803 -0.07499055564403534 -273.29351806640625
*2 -0.055549852550029755 0.9913434386253357 -0.11896736174821854 -132.23915100097656
*1 0.9960845708847046 0.04681631177663803 -0.07499055564403534 -273.29351806640625
*2 -0.055549852550029755 0.9913434386253357 -0.11896736174821854 -132.23915100097656
*3 0.06877170503139496 0.12266720831394196 0.9900622367858887 -1069.453857421875
*1 0.9899225234985352 0.040685877203941345 -0.1356397122144699 -281.8497009277344
*1 0.9899225234985352 0.040685877203941345 -0.1356397122144699 -281.8497009277344
*2 -0.046576738357543945 0.9980920553207397 -0.04054292291402817 -118.22386932373047
*1 0.9899225234985352 0.040685877203941345 -0.1356397122144699 -281.8497009277344
*2 -0.046576738357543945 0.9980920553207397 -0.04054292291402817 -118.22386932373047
*3 0.13373130559921265 0.04645196720957756 0.9899284243583679 -1057.9671630859375
*1 0.9937542676925659 0.04000406339764595 -0.10417458415031433 -292.6490173339844
*1 0.9937542676925659 0.04000406339764595 -0.10417458415031433 -292.6490173339844
*2 -0.045266859233379364 0.9977898001670837 -0.04865499958395958 -115.63269805908203
*1 0.9937542676925659 0.04000406339764595 -0.10417458415031433 -292.6490173339844
*2 -0.045266859233379364 0.9977898001670837 -0.04865499958395958 -115.63269805908203
*3 0.10199786722660065 0.05306672677397728 0.9933682084083557 -1046.9969482421875
*1 0.994259238243103 0.04219051077961922 -0.09832992404699326 -299.6080627441406
*1 0.994259238243103 0.04219051077961922 -0.09832992404699326 -299.6080627441406
*2 -0.049688227474689484 0.995938241481781 -0.07509370893239975 -116.44681549072266
*1 0.994259238243103 0.04219051077961922 -0.09832992404699326 -299.6080627441406
*2 -0.049688227474689484 0.995938241481781 -0.07509370893239975 -116.44681549072266
*3 0.09476221352815628 0.07954839617013931 0.9923166036605835 -1040.1195068359375
*1 0.9958160519599915 0.043711621314287186 -0.08024892956018448 -305.05218505859375
*1 0.9958160519599915 0.043711621314287186 -0.08024892956018448 -305.05218505859375
*2 -0.049051009118556976 0.9966258406639099 -0.0658174529671669 -116.93623352050781
*1 0.9958160519599915 0.043711621314287186 -0.08024892956018448 -305.05218505859375
*2 -0.049051009118556976 0.9966258406639099 -0.0658174529671669 -116.93623352050781
*3 0.07710110396146774 0.06947831809520721 0.9945995211601257 -1042.901611328125
*1 0.9941740036010742 0.037681881338357925 -0.10098622739315033 -303.5379333496094
*1 0.9941740036010742 0.037681881338357925 -0.10098622739315033 -303.5379333496094
*2 -0.044747740030288696 0.9966377019882202 -0.06864283233880997 -117.26338958740234
*1 0.9941740036010742 0.037681881338357925 -0.10098622739315033 -303.5379333496094
*2 -0.044747740030288696 0.9966377019882202 -0.06864283233880997 -117.26338958740234
*3 0.0980600118637085 0.07276175916194916 0.9925169944763184 -1034.552734375
*1 0.9924272894859314 0.03445040062069893 -0.11790412664413452 -299.23828125
*1 0.9924272894859314 0.03445040062069893 -0.11790412664413452 -299.23828125
*2 -0.04251872003078461 0.9968727827072144 -0.066615030169487 -125.05561065673828
*1 0.9924272894859314 0.03445040062069893 -0.11790412664413452 -299.23828125
*2 -0.04251872003078461 0.9968727827072144 -0.066615030169487 -125.05561065673828
*3 0.1152404174208641 0.0711236372590065 0.9907881021499634 -1024.5438232421875
*1 0.9881511926651001 0.032293614000082016 -0.1500486582517624 -293.3083801269531
*1 0.9881511926651001 0.032293614000082016 -0.1500486582517624 -293.3083801269531
*2 -0.04370008036494255 0.9963484406471252 -0.07335434854030609 -138.26065063476563
*1 0.9881511926651001 0.032293614000082016 -0.1500486582517624 -293.3083801269531
*2 -0.04370008036494255 0.9963484406471252 -0.07335434854030609 -138.26065063476563
*3 0.1471317708492279 0.07904224097728729 0.985953688621521 -1015.0962524414063
*1 0.9897944331169128 0.031226936727762222 -0.13904070854187012 -290.67919921875
*1 0.9897944331169128 0.031226936727762222 -0.13904070854187012 -290.67919921875
*2 -0.03732071816921234 0.9984442591667175 -0.04143844172358513 -153.79190063476563
*1 0.9897944331169128 0.031226936727762222 -0.13904070854187012 -290.67919921875
*2 -0.03732071816921234 0.9984442591667175 -0.04143844172358513 -153.79190063476563
*3 0.13753028213977814 0.046204570680856705 0.9894194006919861 -1021.2249145507813
*1 0.9916396737098694 0.03765881061553955 -0.12342216819524765 -287.59735107421875
*1 0.9916396737098694 0.03765881061553955 -0.12342216819524765 -287.59735107421875
*2 -0.04251851141452789 0.9984115362167358 -0.036980438977479935 -164.11270141601563
*1 0.9916396737098694 0.03765881061553955 -0.12342216819524765 -287.59735107421875
*2 -0.04251851141452789 0.9984115362167358 -0.036980438977479935 -164.11270141601563
*3 0.12183336913585663 0.04191894456744194 0.9916651248931885 -1023.0817260742188
*1 0.9894633889198303 0.031188946217298508 -0.14138570427894592 -283.8775329589844
*1 0.9894633889198303 0.031188946217298508 -0.14138570427894592 -283.8775329589844
*2 -0.037225063890218735 0.998496413230896 -0.040251169353723526 -171.13873291015625
*1 0.9894633889198303 0.031188946217298508 -0.14138570427894592 -283.8775329589844
*2 -0.037225063890218735 0.998496413230896 -0.040251169353723526 -171.13873291015625
*3 0.13991759717464447 0.045090094208717346 0.9891361594200134 -1021.52978515625
*1 0.9891374707221985 0.030086800456047058 -0.1438833773136139 -276.98748779296875
*1 0.9891374707221985 0.030086800456047058 -0.1438833773136139 -276.98748779296875
*2 -0.034264761954545975 0.999057948589325 -0.026648283004760742 -177.85302734375
*1 0.9891374707221985 0.030086800456047058 -0.1438833773136139 -276.98748779296875
*2 -0.034264761954545975 0.999057948589325 -0.026648283004760742 -177.85302734375
*3 0.14294593036174774 0.03128889203071594 0.9892359972000122 -1020.6466674804688
*1 0.9845389723777771 0.012407309375703335 -0.17472782731056213 -267.6966247558594
*1 0.9845389723777771 0.012407309375703335 -0.17472782731056213 -267.6966247558594
*2 -0.018629800528287888 0.9992480874061584 -0.034018341451883316 -187.79449462890625
*1 0.9845389723777771 0.012407309375703335 -0.17472782731056213 -267.6966247558594
*2 -0.018629800528287888 0.9992480874061584 -0.034018341451883316 -187.79449462890625
*3 0.1741742193698883 0.03674747422337532 0.9840291738510132 -1010.806884765625
*1 0.9860621094703674 0.013849657960236073 -0.1658019721508026 -261.9231872558594
*1 0.9860621094703674 0.013849657960236073 -0.1658019721508026 -261.9231872558594
*2 -0.018403833732008934 0.9994939565658569 -0.02596389688551426 -200.7415008544922
*1 0.9860621094703674 0.013849657960236073 -0.1658019721508026 -261.9231872558594
*2 -0.018403833732008934 0.9994939565658569 -0.02596389688551426 -200.7415008544922
*3 0.16535834968090057 0.02865336835384369 0.9858174920082092 -1015.1092529296875
*1 0.988579273223877 0.024713849648833275 -0.1486634463071823 -259.36285400390625
*1 0.988579273223877 0.024713849648833275 -0.1486634463071823 -259.36285400390625
*2 -0.028034711256623268 0.9994016289710999 -0.020285187289118767 -207.78192138671875
*1 0.988579273223877 0.024713849648833275 -0.1486634463071823 -259.36285400390625
*2 -0.028034711256623268 0.9994016289710999 -0.020285187289118767 -207.78192138671875
*3 0.14807303249835968 0.024221211671829224 0.9886800646781921 -1023.6415405273438
*1 0.9893618822097778 0.02124422788619995 -0.1439177542924881 -255.8546905517578
*1 0.9893618822097778 0.02124422788619995 -0.1439177542924881 -255.8546905517578
*2 -0.02636685222387314 0.9990818500518799 -0.03378208726644516 -208.5113983154297
*1 0.9893618822097778 0.02124422788619995 -0.1439177542924881 -255.8546905517578
*2 -0.02636685222387314 0.9990818500518799 -0.03378208726644516 -208.5113983154297
*3 0.14306782186031342 0.03721732646226883 0.989013135433197 -1021.2803344726563
*1 0.9890487194061279 0.023878682404756546 -0.1456468105316162 -255.61737060546875
*1 0.9890487194061279 0.023878682404756546 -0.1456468105316162 -255.61737060546875
*2 -0.023729652166366577 0.9997150897979736 0.0027593672275543213 -211.50701904296875
*1 0.9890487194061279 0.023878682404756546 -0.1456468105316162 -255.61737060546875
*2 -0.023729652166366577 0.9997150897979736 0.0027593672275543213 -211.50701904296875
*3 0.14567109942436218 7.269792258739471E-4 0.9893330335617065 -1025.57666015625
*1 0.9917841553688049 0.022749610245227814 -0.12588545680046082 -259.3879089355469
*1 0.9917841553688049 0.022749610245227814 -0.12588545680046082 -259.3879089355469
*2 -0.024147899821400642 0.9996628165245056 -0.009594344533979893 -214.20069885253906
*1 0.9917841553688049 0.022749610245227814 -0.12588545680046082 -259.3879089355469
*2 -0.024147899821400642 0.9996628165245056 -0.009594344533979893 -214.20069885253906
*3 0.1256246566772461 0.012555364519357681 0.9919986128807068 -1032.3021240234375
*1 0.9888928532600403 0.017090152949094772 -0.14764654636383057 -260.8487854003906
*1 0.9888928532600403 0.017090152949094772 -0.14764654636383057 -260.8487854003906
*2 -0.018321111798286438 0.9998081922531128 -0.0069826096296310425 -213.21983337402344
*1 0.9888928532600403 0.017090152949094772 -0.14764654636383057 -260.8487854003906
*2 -0.018321111798286438 0.9998081922531128 -0.0069826096296310425 -213.21983337402344
*3 0.14749881625175476 0.009610086679458618 0.9890158176422119 -1026.5330810546875
*1 0.9906578660011292 0.018812092021107674 -0.1350693255662918 -267.844482421875
*1 0.9906578660011292 0.018812092021107674 -0.1350693255662918 -267.844482421875
*2 -0.017224764451384544 0.9997687339782715 0.01290936954319477 -215.64991760253906
*1 0.9906578660011292 0.018812092021107674 -0.1350693255662918 -267.844482421875
*2 -0.017224764451384544 0.9997687339782715 0.01290936954319477 -215.64991760253906
*3 0.13528087735176086 -0.01046223659068346 0.9907523393630981 -1026.8629150390625
*1 0.9922259449958801 0.012504925020039082 -0.12382230907678604 -271.79534912109375
*1 0.9922259449958801 0.012504925020039082 -0.12382230907678604 -271.79534912109375
*2 -0.013751071877777576 0.9998633861541748 -0.00921619776636362 -216.53846740722656
*1 0.9922259449958801 0.012504925020039082 -0.12382230907678604 -271.79534912109375
*2 -0.013751071877777576 0.9998633861541748 -0.00921619776636362 -216.53846740722656
*3 0.12369008362293243 0.010847222059965134 0.9922618865966797 -1024.9493408203125
*1 0.9890722036361694 0.015008507296442986 -0.14666815102100372 -269.9517517089844
*1 0.9890722036361694 0.015008507296442986 -0.14666815102100372 -269.9517517089844
*2 -0.014974715188145638 0.9998874664306641 0.0013331847731024027 -219.37069702148438
*1 0.9890722036361694 0.015008507296442986 -0.14666815102100372 -269.9517517089844
*2 -0.014974715188145638 0.9998874664306641 0.0013331847731024027 -219.37069702148438
*3 0.1466715782880783 8.776887552812696E-4 0.9891850352287292 -1013.1426391601563
*1 0.9868893027305603 0.0036610134411603212 -0.1613587886095047 -268.24200439453125
*1 0.9868893027305603 0.0036610134411603212 -0.1613587886095047 -268.24200439453125
*2 -0.002148686908185482 0.9999526143074036 0.009544596076011658 -229.5617218017578
*1 0.9868893027305603 0.0036610134411603212 -0.1613587886095047 -268.24200439453125
*2 -0.002148686908185482 0.9999526143074036 0.009544596076011658 -229.5617218017578
*3 0.16138598322868347 -0.00907275453209877 0.9868499040603638 -1006.1846923828125
*1 0.9888871908187866 0.0074776834808290005 -0.14848171174526215 -268.7508239746094
*1 0.9888871908187866 0.0074776834808290005 -0.14848171174526215 -268.7508239746094
*2 -0.002910301089286804 0.9995170831680298 0.03095250204205513 -239.9702911376953
*1 0.9888871908187866 0.0074776834808290005 -0.14848171174526215 -268.7508239746094
*2 -0.002910301089286804 0.9995170831680298 0.03095250204205513 -239.9702911376953
*3 0.14864134788513184 -0.030176391825079918 0.9884308576583862 -1007.4635620117188
*1 0.9901442527770996 0.01485438458621502 -0.13926340639591217 -269.5950622558594
*1 0.9901442527770996 0.01485438458621502 -0.13926340639591217 -269.5950622558594
*2 -0.013115275651216507 0.9998247623443604 0.013395745307207108 -247.23968505859375
*1 0.9901442527770996 0.01485438458621502 -0.13926340639591217 -269.5950622558594
*2 -0.013115275651216507 0.9998247623443604 0.013395745307207108 -247.23968505859375
*3 0.13943788409233093 -0.011437240988016129 0.9901649355888367 -1009.5020751953125
*1 0.9893693923950195 0.007659425027668476 -0.145224466919899 -270.0758056640625
*1 0.9893693923950195 0.007659425027668476 -0.145224466919899 -270.0758056640625
*2 -0.002189082093536854 0.9992838501930237 0.03778907656669617 -252.57078552246094
*1 0.9893693923950195 0.007659425027668476 -0.145224466919899 -270.0758056640625
*2 -0.002189082093536854 0.9992838501930237 0.03778907656669617 -252.57078552246094
*3 0.14540980756282806 -0.03706942871212959 0.9886769652366638 -1007.2738037109375
*1 0.9913671016693115 0.01275571808218956 -0.1304960399866104 -271.580322265625
*1 0.9913671016693115 0.01275571808218956 -0.1304960399866104 -271.580322265625
*2 -0.009884536266326904 0.9996956586837769 0.022624559700489044 -258.6376037597656
*1 0.9913671016693115 0.01275571808218956 -0.1304960399866104 -271.580322265625
*2 -0.009884536266326904 0.9996956586837769 0.022624559700489044 -258.6376037597656
*3 0.1307448446750641 -0.02113933488726616 0.9911907911300659 -1013.2054443359375
*1 0.9893534183502197 0.003394537139683962 -0.1454959660768509 -266.29638671875
*1 0.9893534183502197 0.003394537139683962 -0.1454959660768509 -266.29638671875
*2 -0.0013641673140227795 0.9999008774757385 0.014050733298063278 -258.9666442871094
*1 0.9893534183502197 0.003394537139683962 -0.1454959660768509 -266.29638671875
*2 -0.0013641673140227795 0.9999008774757385 0.014050733298063278 -258.9666442871094
*3 0.1455291360616684 -0.013702630996704102 0.9892593026161194 -1009.2894897460938
*1 0.9909211993217468 0.005905400030314922 -0.13431774079799652 -263.4603576660156
*1 0.9909211993217468 0.005905400030314922 -0.13431774079799652 -263.4603576660156
*2 -0.0043673329055309296 0.9999220371246338 0.011741040274500847 -260.7745361328125
*1 0.9909211993217468 0.005905400030314922 -0.13431774079799652 -263.4603576660156
*2 -0.0043673329055309296 0.9999220371246338 0.011741040274500847 -260.7745361328125
*3 0.13437651097774506 -0.011047804728150368 0.9908690452575684 -1014.59521484375
*1 0.9921018481254578 0.007190920412540436 -0.1252320408821106 -265.3424377441406
*1 0.9921018481254578 0.007190920412540436 -0.1252320408821106 -265.3424377441406
*2 -9.77741670794785E-4 0.9987690448760986 0.04960249364376068 -262.3707580566406
*1 0.9921018481254578 0.007190920412540436 -0.1252320408821106 -265.3424377441406
*2 -9.77741670794785E-4 0.9987690448760986 0.04960249364376068 -262.3707580566406
*3 0.12543447315692902 -0.04908822476863861 0.9908870458602905 -1018.9417724609375
*1 0.9906547665596008 -7.19498610123992E-4 -0.136394664645195 -266.83416748046875
*1 0.9906547665596008 -7.19498610123992E-4 -0.136394664645195 -266.83416748046875
*2 0.008703217841684818 0.9982823133468628 0.057945068925619125 -263.7265930175781
*1 0.9906547665596008 -7.19498610123992E-4 -0.136394664645195 -266.83416748046875
*2 0.008703217841684818 0.9982823133468628 0.057945068925619125 -263.7265930175781
*3 0.13611860573291779 -0.058590564876794815 0.9889587759971619 -1011.2726440429688
#
#
#
#
#
#
#
#
#
#
#
#
#
#
#
#
#
#
#
#
#
#
#
#
#
#
#
#
#
#
#
#
#
#
#
#
#
#
#
#
#
#
#
#
#
#
#
#
#
#
#
#
#
#
#
#
#
#
#
#
#
#
#
#
#
#
#
#
#
#
*1 0.9941604733467102 0.06466875225305557 -0.08638914674520493 -288.13494873046875
*1 0.9941604733467102 0.06466875225305557 -0.08638914674520493 -288.13494873046875
*2 -0.05794882774353027 0.9952578544616699 0.07812893390655518 -269.0507507324219
*1 0.9941604733467102 0.06466875225305557 -0.08638914674520493 -288.13494873046875
