#
#
#
#
#
#
#
#
#
#
#
#
#
#
#
#
#
#
#
#
#
#
#
#
#
#
#
#
#
#
#
#
#
#
#
#
#
#
#
#
#
#
#
#
#
#
#
#
#
#
#
#
#
#
#
#
#
#
#
#
#
#
#
#
#
#
#
#
#
#
#
#
#
#
#
#
#
#
#
#
#
#
#
#
#
#
#
#
#
#
#
#
#
#
#
#
#
#
#
#
#
#
#
#
#
#
#
#
#
#
#
#
#
#
#
#
#
#
#
#
#
#
#
#
#
#
#
#
#
#
#
#
#
#
#
#
#
#
#
#
#
#
#
#
#
#
#
#
#
#
#
#
#
#
#
#
#
#
#
#
#
#
#
#
#
#
#
#
#
#
#
#
#
#
#
#
#
#
#
#
#
#
#
#
#
#
#
#
#
#
#
#
#
#
#
#
#
#
#
#
#
#
#
#
#
#
#
#
#
#
#
#
#
#
#
#
#
#
#
#
#
#
#
#
#
#
#
#
#
#
#
#
#
#
#
#
#
#
#
#
#
#
#
#
#
#
#
#
#
#
#
#
#
#
#
#
#
#
#
#
#
#
#
#
#
#
#
#
#
#
#
#
#
#
#
#
#
#
#
#
#
#
#
#
#
#
#
#
#
#
#
#
#
#
#
#
#
* 0.9971960186958313 -0.02847488783299923 -0.0692024827003479 -126.167236328125 0.027933647856116295 0.9995712637901306 -0.008772172965109348 85.99661254882813 0.06942255795001984 0.006814486812800169 0.9975641965866089 -518.6222534179688
* 0.9983934164047241 -0.023232970386743546 -0.051676373928785324 -127.41726684570313 0.02202899381518364 0.9994754195213318 -0.023740945383906364 86.5139389038086 0.0522007942199707 0.022564418613910675 0.9983817934989929 -525.8762817382813
* 0.9980088472366333 -0.026556750759482384 -0.05720844119787216 -125.39820098876953 0.024431463330984116 0.9989967346191406 -0.03752892464399338 86.21570587158203 0.05814766138792038 0.036056503653526306 0.9976567625999451 -522.0333251953125
* 0.9941068887710571 -0.030067123472690582 -0.10414934158325195 -122.73513793945313 0.029216626659035683 0.9995260834693909 -0.009679516777396202 91.06378936767578 0.10439100861549377 0.006579561159014702 0.9945147037506104 -522.0155639648438
* 0.9959483742713928 -0.025904174894094467 -0.08611366152763367 -123.85404968261719 0.027242004871368408 0.9995249509811401 0.01440015621483326 101.35364532470703 0.08569971472024918 -0.016687747091054916 0.9961813688278198 -523.2150268554688
* 0.9976414442062378 -0.02781258337199688 -0.06275167316198349 -127.14666748046875 0.02686554193496704 0.9995127320289612 -0.015881510451436043 101.96985626220703 0.06316279619932175 0.014158181846141815 0.9979029297828674 -530.0220336914063
* 0.9984129071235657 -0.03131746128201485 -0.04680505394935608 -124.69441986083984 0.029676347970962524 0.9989340901374817 -0.03535033017396927 100.05052185058594 0.04786223918199539 0.03390521556138992 0.9982784390449524 -533.3439331054688
* 0.9992960691452026 -0.023731334134936333 -0.029051877558231354 -119.89774322509766 0.02290087565779686 0.9993289113044739 -0.028583228588104248 100.92427825927734 0.029710685834288597 0.027897778898477554 0.9991692900657654 -529.7737426757813
* 0.9984444975852966 -0.013146956451237202 -0.05417937412858009 -117.60086059570313 0.013439962640404701 0.999896764755249 0.0050523472018539906 105.6312484741211 0.05410735681653023 -0.005772685166448355 0.9985185265541077 -526.2651977539063
* 0.9980019927024841 -0.011912588030099869 -0.06204764172434807 -118.39325714111328 0.011242416687309742 0.9998747706413269 -0.011134699918329716 103.03509521484375 0.06217250972986221 0.010414861142635345 0.9980111718177795 -525.8755493164063
* 0.9967811107635498 -0.017408587038517 -0.07825696468353271 -119.44953918457031 0.018551787361502647 0.9997310638427734 0.013908552005887032 103.70718383789063 0.07799378782510757 -0.015315619297325611 0.9968363046646118 -525.5244140625
* 0.998469889163971 -0.014376739971339703 -0.05339156463742256 -120.76802062988281 0.01420390885323286 0.9998924732208252 -0.0036107280757278204 106.16380310058594 0.053437720984220505 0.002846810035407543 0.9985672235488892 -525.918212890625
* 0.9977926015853882 -0.013348612003028393 -0.0650477334856987 -119.26834106445313 0.014107699505984783 0.999837338924408 0.011227588169276714 108.0196533203125 0.06488727033138275 -0.012120506726205349 0.9978190064430237 -525.924560546875
* 0.9987777471542358 -0.0166928693652153 -0.04651612043380737 -117.23802185058594 0.016702642664313316 0.999860405921936 -1.736348494887352E-4 112.26070404052734 0.04651249945163727 -6.035501137375832E-4 0.9989175796508789 -531.1278686523438
* 0.9983495473861694 -0.011932793073356152 -0.05617057904601097 -115.21452331542969 0.010532715357840061 0.9996280670166016 -0.025151867419481277 112.01671600341797 0.056449804455041885 0.024518705904483795 0.998104453086853 -528.031005859375
* 0.9960595369338989 -0.016480904072523117 -0.08713920414447784 -114.62416076660156 0.018142659217119217 0.9996675252914429 0.018314892426133156 111.17711639404297 0.08680839091539383 -0.019823703914880753 0.9960278272628784 -524.506591796875
* 0.9967290163040161 -0.013176748529076576 -0.07973132282495499 -118.32037353515625 0.01828860305249691 0.9977994561195374 0.06372956931591034 110.00812530517578 0.07871612161397934 -0.06497935205698013 0.9947772026062012 -518.774658203125
* 0.9993669986724854 -0.010343845933675766 -0.034030281007289886 -133.17323303222656 0.010674462653696537 0.9998971819877625 0.009554154239594936 113.10865783691406 0.03392794355750084 -0.00991139467805624 0.9993752241134644 -523.6942749023438
* 0.9976749420166016 -0.007331464439630508 -0.0677516832947731 -142.90896606445313 0.006201804615557194 0.9998383522033691 -0.016865525394678116 119.54459381103516 0.06786438822746277 0.016406109556555748 0.9975597858428955 -525.6317749023438
* 0.9985029101371765 -0.017390547320246696 -0.05185265094041824 -142.77320861816406 0.017264937981963158 0.9998466372489929 -0.0028653424233198166 123.78276062011719 0.05189453810453415 0.001965782605111599 0.9986507892608643 -527.6013793945313
* 0.9980067610740662 -0.02028784528374672 -0.05974843353033066 -137.5946044921875 0.020204639062285423 0.9997936487197876 -0.0019927159883081913 134.57867431640625 0.05977654457092285 7.815295830368996E-4 0.9982116222381592 -525.2935791015625
* 0.9969034194946289 -0.014704182744026184 -0.0772411897778511 -141.59878540039063 0.013843227177858353 0.9998358488082886 -0.011666509322822094 131.11021423339844 0.07740006595849991 0.010561120696365833 0.9969443082809448 -524.0198364257813
* 0.9981057047843933 -0.01364823430776596 -0.05997934564948082 -144.24288940429688 0.013000734150409698 0.9998528361320496 -0.011168171651661396 129.50082397460938 0.060122933238744736 0.010367244482040405 0.9981372356414795 -526.50341796875
* 0.9996582865715027 -0.01664135605096817 -0.020127665251493454 -144.12649536132813 0.016078559681773186 0.9994840621948242 -0.027794964611530304 130.29580688476563 0.020579775795340538 0.027461867779493332 0.9994110465049744 -532.75732421875
* 0.9965837597846985 -0.011814692057669163 -0.08173061907291412 -139.1275634765625 0.011510726064443588 0.9999247789382935 -0.004186135251075029 127.39452362060547 0.08177392929792404 0.003231053939089179 0.9966458082199097 -525.2839965820313
* 0.9968363642692566 0.0026429432909935713 -0.07942970097064972 -140.40249633789063 -0.004161535762250423 0.9998114109039307 -0.018955854699015617 123.43583679199219 0.07936464995145798 0.019226448610424995 0.9966604113578796 -527.482666015625
* 0.997495174407959 0.0013577016070485115 -0.07071360945701599 -138.70663452148438 -0.004766942001879215 0.9988327026367188 -0.048061564564704895 119.95101165771484 0.07056582719087601 0.048278313130140305 0.9963383674621582 -525.6332397460938
* 0.9986484050750732 -0.00820423848927021 -0.05131149664521217 -136.017822265625 0.00835028663277626 0.9999613761901855 0.0026375800371170044 117.10039520263672 0.051287874579429626 -0.0030624940991401672 0.998679518699646 -527.9196166992188
* 0.998088538646698 -0.00396982254460454 -0.06166204437613487 -128.44725036621094 0.003337110625579953 0.9999405145645142 -0.010356888175010681 112.97708892822266 0.06169950217008591 0.01013132557272911 0.9980436563491821 -528.530517578125
* 0.9975320100784302 -0.005816454533487558 -0.06996209919452667 -123.4954605102539 0.005319039802998304 0.9999590516090393 -0.007290576118975878 111.48402404785156 0.07000165432691574 0.0069004627875983715 0.997523307800293 -526.537841796875
* 0.992652416229248 0.0018415262456983328 -0.12098129093647003 -122.07727813720703 -0.006994535680860281 0.9990853071212769 -0.042180512100458145 100.05757141113281 0.12079304456710815 0.042716845870018005 0.9917585253715515 -519.81787109375
* 0.9845533967018127 -0.011708102189004421 -0.17468903958797455 -115.26243591308594 0.0064176167361438274 0.9995042085647583 -0.030817847698926926 83.32599639892578 0.17496341466903687 0.029220765456557274 0.98414146900177 -506.6243591308594
* 0.9936100840568542 -0.01756133697926998 -0.11148656904697418 -111.2999496459961 0.009217817336320877 0.9971470832824707 -0.07491503655910492 66.35243225097656 0.11248418688774109 0.07340876013040543 0.9909383654594421 -516.7542724609375
* 0.9898823499679565 -0.026515955105423927 -0.1393851935863495 -103.2769775390625 0.02538403496146202 0.9996286630630493 -0.009890411980450153 54.7064208984375 0.13959580659866333 0.0062522017396986485 0.9901890754699707 -514.77978515625
* 0.9669151902198792 -0.03288819268345833 -0.25296562910079956 -94.23159790039063 0.02493230253458023 0.9990901947021484 -0.034591641277074814 32.7575798034668 0.25387343764305115 0.027140207588672638 0.9668567776679993 -495.3055725097656
* 0.9860765933990479 -0.02908240631222725 -0.16372327506542206 -93.6523666381836 0.024294815957546234 0.9992185831069946 -0.03116707131266594 14.83355712890625 0.16450190544128418 0.026755526661872864 0.9860140085220337 -510.8244323730469
* 0.9854103922843933 -0.034218043088912964 -0.16671432554721832 -91.33135986328125 0.029699811711907387 0.9991227388381958 -0.029518624767661095 2.499638080596924 0.16757826507091522 0.024136601015925407 0.9855633974075317 -513.6681518554688
* 0.983298659324646 -0.04589460790157318 -0.17611244320869446 -87.80928802490234 0.055138543248176575 0.9973260760307312 0.04795859381556511 -8.62952995300293 0.1734406054019928 -0.05686827749013901 0.9832012057304382 -511.10968017578125
* 0.9807696342468262 -0.0526098869740963 -0.18793953955173492 -81.6654052734375 0.06196606159210205 0.9970963001251221 0.04425704479217529 -27.268678665161133 0.1850656270980835 -0.05505191534757614 0.9811830520629883 -509.0896301269531
* 0.9916591644287109 -0.048018619418144226 -0.11960086971521378 -80.75411224365234 0.05722682178020477 0.9955558180809021 0.07478751987218857 -31.337875366210938 0.11547822505235672 -0.08100823312997818 0.9900012612342834 -523.8436889648438
* 0.9926202893257141 -0.05254802852869034 -0.10927747189998627 -80.8428726196289 0.05993765592575073 0.996052086353302 0.06547681987285614 -25.306081771850586 0.10540544241666794 -0.07154357433319092 0.9918524026870728 -522.60791015625
* 0.989193320274353 -0.050668392330408096 -0.13757620751857758 -84.54828643798828 0.05550646036863327 0.9979590773582458 0.03156086057424545 -14.74321460723877 0.1356963962316513 -0.03885623440146446 0.9899881482124329 -518.558349609375
* 0.994168221950531 -0.037544406950473785 -0.10108344256877899 -91.3626480102539 0.03887806832790375 0.999180257320404 0.011258874088525772 -0.40421581268310547 0.1005779355764389 -0.01512320339679718 0.9948140978813171 -522.744873046875
* 0.9925158619880676 -0.045929018408060074 -0.11314057558774948 -95.15152740478516 0.054887622594833374 0.9954890012741089 0.07738490402698517 6.1855950355529785 0.10907604545354843 -0.08301589637994766 0.9905606508255005 -520.0686645507813
* 0.9919657707214355 -0.03386513888835907 -0.12188156694173813 -96.24169158935547 0.04043569415807724 0.9978357553482056 0.05184827372431755 16.08441162109375 0.11986201256513596 -0.056360192596912384 0.9911893010139465 -517.6112670898438
* 0.9877598285675049 -0.0419730469584465 -0.15022242069244385 -98.3277359008789 0.0418403185904026 0.9991158246994019 -0.0040433211252093315 36.893699645996094 0.15025940537452698 -0.0022915739100426435 0.9886438250541687 -515.9122924804688
* 0.9908661842346191 -0.030628610402345657 -0.13131682574748993 -103.1981201171875 0.030637292191386223 0.9995282888412476 -0.0019522161455824971 62.495174407958984 0.13131476938724518 -0.002088864566758275 0.9913383722305298 -516.4872436523438
* 0.997406005859375 -0.012916523031890392 -0.07079897075891495 -113.99623107910156 0.012643993832170963 0.9999104738235474 -0.004291107412427664 85.55432891845703 0.07084806263446808 0.003384743817150593 0.9974812865257263 -520.5814208984375
* 0.9982545971870422 -0.017063109204173088 -0.056520961225032806 -122.53894805908203 0.01783246546983719 0.9997543096542358 0.01314177829772234 95.01496887207031 0.05628281831741333 -0.014126823283731937 0.9983148574829102 -527.8477783203125
* 0.9965616464614868 -0.011192849837243557 -0.0820833295583725 -121.81905364990234 0.011210302822291851 0.9999368786811829 -2.4379603564739227E-4 96.68380737304688 0.0820808857679367 -6.772802444174886E-4 0.9966253638267517 -525.0953369140625
* 0.9993189573287964 -0.009392155334353447 -0.035655487328767776 -121.17298126220703 0.007519565522670746 0.9986037015914917 -0.05228418484330177 96.63905334472656 0.0360967181622982 0.05198047310113907 0.9979954361915588 -529.9114379882813
* 0.9986140727996826 -0.013361689634621143 -0.05088558420538902 -120.31980895996094 0.012435153126716614 0.9997517466545105 -0.01847441866993904 98.53252410888672 0.05111977458000183 0.01781601831316948 0.9985334277153015 -529.791259765625
* 0.9977338314056396 -0.008659512735903263 -0.06670952588319778 -119.0711898803711 0.008912761695683002 0.9999538660049438 0.00350552867166698 102.28729248046875 0.066676065325737 -0.004092202987521887 0.9977661371231079 -528.5249633789063
* 0.9985535144805908 1.102429159800522E-4 -0.05374795198440552 -117.43589782714844 -0.002205287106335163 0.9992399215698242 -0.03891375660896301 104.09881591796875 0.05370276793837547 0.038975998759269714 0.9977957606315613 -529.5977783203125
* 0.9945956468582153 0.0032605035230517387 -0.10376379638910294 -115.23722076416016 -0.00866557378321886 0.9986259341239929 -0.0516778789460659 96.52857208251953 0.10345272719860077 0.05229777470231056 0.9932582974433899 -523.5286865234375
* 0.987490177154541 0.0036560622975230217 -0.15763120353221893 -112.20784759521484 -0.006906285881996155 0.9997743368148804 -0.020073650404810905 81.11725616455078 0.1575223207473755 0.02091115526854992 0.9872937202453613 -512.8682861328125
* 0.9904562830924988 0.004088892601430416 -0.13775858283042908 -111.45987701416016 -0.009704817086458206 0.9991475939750671 -0.04011646658182144 68.13099670410156 0.13747717440128326 0.04107052832841873 0.9896528124809265 -517.2613525390625
* 0.9974440932273865 0.005604343954473734 -0.07121646404266357 -112.30332946777344 -0.006230116821825504 0.9999436140060425 -0.008562594652175903 63.436256408691406 0.07116445153951645 0.008984358049929142 0.9974238276481628 -527.2615356445313
* 0.9949033856391907 0.009877539239823818 -0.10033795982599258 -112.73567199707031 -0.010607631877064705 0.999920666217804 -0.006741881836205721 70.66974639892578 0.10026343166828156 0.007771837990731001 0.9949303269386292 -524.026611328125
* 0.9949290752410889 -0.0011281592305749655 -0.10056242346763611 -112.68710327148438 0.0034813801757991314 0.9997237324714661 0.023231590166687965 81.65512084960938 0.10050845891237259 -0.023463943973183632 0.9946592450141907 -525.9859619140625
* 0.9968093633651733 0.012830591760575771 -0.07876814901828766 -111.13571166992188 -0.013825050555169582 0.9998310208320618 -0.012088358402252197 89.23092651367188 0.078599713742733 0.013138730078935623 0.9968194365501404 -526.8706665039063
* 0.9953614473342896 0.008174971677362919 -0.09584636986255646 -108.97029876708984 -0.00740649551153183 0.9999372363090515 0.008374620229005814 92.96238708496094 0.09590881317853928 -0.007625939324498177 0.9953606724739075 -523.7575073242188
* 0.9952133297920227 0.004273874219506979 -0.09762068092823029 -108.64766693115234 -0.003058134810999036 0.999915599822998 0.012603729031980038 92.88027954101563 0.09766632318496704 -0.01224491186439991 0.9951436519622803 -521.743408203125
* 0.9983845949172974 0.009382134303450584 -0.05601568892598152 -112.51392364501953 -0.009931059554219246 0.999904990196228 -0.009522292762994766 92.74877166748047 0.05592099577188492 0.010063179768621922 0.9983842372894287 -528.9249267578125
* 0.9951143264770508 0.011223746463656425 -0.09807712584733963 -113.87772369384766 -0.011096566915512085 0.9999364018440247 0.0018459263956174254 89.45198822021484 0.09809163957834244 -7.486355025321245E-4 0.9951769709587097 -519.9086303710938
* 0.9986991882324219 0.0065719569101929665 -0.05054013431072235 -118.25213623046875 -0.0090482821688056 0.9987614750862122 -0.04891855642199516 87.09326171875 0.05015603452920914 0.04931225627660751 0.9975231289863586 -529.5574340820313
* 0.993171751499176 0.016296131536364555 -0.11550648510456085 -116.00028228759766 -0.02042858861386776 0.9991891980171204 -0.03468065708875656 82.00696563720703 0.11484776437282562 0.03680349141359329 0.9927009344100952 -521.6864013671875
* 0.9946940541267395 0.0065751224756240845 -0.10265472531318665 -114.83847045898438 -0.008411753922700882 0.9998116493225098 -0.01746537536382675 77.08844757080078 0.10252062976360321 0.0182361900806427 0.9945634603500366 -521.8887939453125
* 0.9979634881019592 -5.74520556256175E-4 -0.06376424431800842 -112.07025909423828 -0.0028387547936290503 0.9985676407814026 -0.05342041701078415 74.44581604003906 0.06370362639427185 0.05349268764257431 0.9965338706970215 -526.0076904296875
* 0.9938950538635254 -0.004225705750286579 -0.11023710668087006 -105.90018463134766 0.007409530691802502 0.9995660781860352 0.028491269797086716 71.65459442138672 0.11006898432970047 -0.029134206473827362 0.9934965372085571 -519.1906127929688
* 0.9944667816162109 -0.008570465259253979 -0.10468949377536774 -102.7214584350586 0.010289291851222515 0.9998202919960022 0.01589268073439598 76.93035888671875 0.1045345738530159 -0.016881970688700676 0.994377613067627 -520.112548828125
* 0.9981549382209778 5.806593107990921E-4 -0.06069635972380638 -99.72889709472656 -0.0018735843477770686 0.9997721314430237 -0.021240776404738426 87.4012680053711 0.060670237988233566 0.021315302699804306 0.9979299306869507 -525.1541748046875
* 0.9996289610862732 -0.0049831075593829155 -0.026734311133623123 -95.68209838867188 0.0031676520593464375 0.997713029384613 -0.06751123070716858 94.94038391113281 0.027009576559066772 0.06740155816078186 0.9973599314689636 -529.4561767578125
* 0.9991298913955688 -0.006318222731351852 -0.0411948524415493 -91.03837585449219 0.0038982699625194073 0.9982762932777405 -0.058552440255880356 103.14845275878906 0.04149379953742027 0.05834095925092697 0.9974336624145508 -527.5581665039063
* 0.9987751245498657 -0.0030177109874784946 -0.04936368018388748 -88.62901306152344 -3.7810654612258077E-4 0.9976416230201721 -0.06863048672676086 113.82926177978516 0.049454379826784134 0.06856516003608704 0.9964198470115662 -528.6997680664063
* 0.9987238645553589 -0.0029556851368397474 -0.050393056124448776 -88.38519287109375 0.0015280211810022593 0.9995967745780945 -0.028337989002466202 118.04754638671875 0.05045650526881218 0.028224848210811615 0.9983270764350891 -533.2230834960938
* 0.9976937770843506 0.0015021947911009192 -0.0678410679101944 -87.0306625366211 -0.003401154186576605 0.9996050596237183 -0.027878765016794205 114.8506851196289 0.06777243316173553 0.02804524451494217 0.997306227684021 -528.7791748046875
* 0.9962522387504578 0.007641259580850601 -0.08614301681518555 -86.04661560058594 -0.00966697558760643 0.999685525894165 -0.023118579760193825 110.53157806396484 0.08593933284282684 0.023864706978201866 0.9960141777992249 -530.88427734375
* 0.9965028166770935 0.004193550907075405 -0.08343874663114548 -86.4920425415039 -0.0059194848872721195 0.9997729659080505 -0.020443584769964218 104.6057357788086 0.08333412557840347 0.020866038277745247 0.9963027834892273 -530.822265625
* 0.9969455599784851 4.8281479394063354E-4 -0.0780806839466095 -91.3180923461914 -0.003395307809114456 0.9993027448654175 -0.037167612463235855 100.46583557128906 0.07800836116075516 0.03731926158070564 0.996253490447998 -535.819091796875
* 0.9955118894577026 0.012571800500154495 -0.0937841534614563 -95.90494537353516 -0.016452714800834656 0.9990346431732178 -0.040719255805015564 93.76350402832031 0.0931817963719368 0.042079582810401917 0.9947589635848999 -535.3355712890625
* 0.9962224960327148 0.00800995621830225 -0.08645182102918625 -102.53155517578125 -0.010136183351278305 0.9996557831764221 -0.02417885884642601 88.3896255493164 0.08622846007347107 0.024963870644569397 0.9959620237350464 -538.0050048828125
* 0.9941723346710205 0.010673807933926582 -0.10726042836904526 -109.75735473632813 -0.010883147828280926 0.9999393224716187 -0.0013626404106616974 84.43449401855469 0.10723946988582611 0.002522055059671402 0.9942294359207153 -533.1852416992188
* 0.9955078959465027 5.245805368758738E-4 -0.09466296434402466 -115.33618927001953 1.2290538870729506E-4 0.9999760985374451 0.006838065106421709 80.94544982910156 0.09466437250375748 -0.0068189967423677444 0.9954853057861328 -539.8419189453125
* 0.9968838095664978 -0.0010979240760207176 -0.07885950803756714 -115.63330841064453 0.002297238213941455 0.9998824000358582 0.015124555677175522 83.03335571289063 0.0788336992263794 -0.015258602797985077 0.9967703819274902 -540.35595703125
* 0.9993057250976563 -0.0011580297723412514 -0.03720177710056305 -114.62893676757813 3.315102949272841E-4 0.9997528195381165 -0.022204564884305 90.80037689208984 0.03721830993890762 0.022176844999194145 0.9990604519844055 -548.0474243164063
* 0.9978030323982239 7.307290798053145E-4 -0.06622599810361862 -106.4303970336914 -0.0025566150434315205 0.999618411064148 -0.0274837464094162 95.97403717041016 0.06618069857358932 0.02759271301329136 0.9974254369735718 -546.5675048828125
* 0.9974313378334045 -0.0018192253774031997 -0.07158804684877396 -100.30486297607422 -7.829388487152755E-4 0.9993401169776917 -0.03629882633686066 101.99696350097656 0.07160689681768417 0.03626168519258499 0.9967729449272156 -548.1412353515625
* 0.9955379962921143 0.009707571938633919 -0.09384731203317642 -97.90690612792969 -0.012625415809452534 0.9994531273841858 -0.030543528497219086 105.02183532714844 0.0934995785355568 0.031592149287462234 0.9951173067092896 -547.9456176757813
* 0.9987820386886597 0.0164523683488369 -0.046488359570503235 -97.06037139892578 -0.021463999524712563 0.9937608242034912 -0.10944187641143799 104.13163757324219 0.04439777135848999 0.11030653864145279 0.992904782295227 -552.6018676757813
* 0.9976139664649963 0.009895836934447289 -0.06830664724111557 -94.00202941894531 -0.013825087808072567 0.9982613921165466 -0.05728747695684433 98.36210632324219 0.06762104481458664 0.05809520557522774 0.9960175156593323 -547.7002563476563
* 0.9974098801612854 0.0015027590561658144 -0.07189391553401947 -92.8416976928711 -0.005283058155328035 0.99861079454422 -0.05241554230451584 91.41407775878906 0.07171531766653061 0.05265965685248375 0.9960333704948425 -554.3982543945313
* 0.9950566291809082 4.671903152484447E-4 -0.0992952361702919 -89.8992919921875 -0.0027154311537742615 0.9997425675392151 -0.02250482328236103 79.3419418334961 0.09925923496484756 0.02266322635114193 0.9948028326034546 -550.9945678710938
* 0.9970070719718933 -3.439516294747591E-4 -0.07729320228099823 -85.75131225585938 -0.0018302364042028785 0.9996042847633362 -0.028052307665348053 64.33110809326172 0.07727232575416565 0.028109846636652946 0.9966129660606384 -561.3877563476563
* 0.9945193529129028 -0.006103004328906536 -0.10436177998781204 -76.52689361572266 0.0027323151007294655 0.9994704127311707 -0.03240789845585823 51.92558670043945 0.10450440645217896 0.031945180147886276 0.9940105080604553 -557.3768310546875
* 0.9979243278503418 0.005699679721146822 -0.06412364542484283 -70.4693832397461 -0.008406360633671284 0.9990809559822083 -0.04201555252075195 42.98074722290039 0.06382530927658081 0.042467452585697174 0.9970564246177673 -566.5896606445313
* 0.999218761920929 -0.013623124919831753 -0.03706159070134163 -65.66092681884766 0.012535777874290943 0.9994881749153137 -0.029406893998384476 24.43408966064453 0.03744329512119293 0.028919361531734467 0.9988795518875122 -574.2489624023438
* 0.999131977558136 -0.004432437941431999 -0.041389066725969315 -62.72195053100586 5.716098239645362E-4 0.995681643486023 -0.09282325953245163 2.8820242881774902 0.041621819138526917 0.09271914511919022 0.994821310043335 -576.5195922851563
* 0.9978826642036438 -0.021663881838321686 -0.06130296364426613 -56.133785247802734 0.021204749122262 0.99974125623703 -0.00812523439526558 -10.081507682800293 0.06146319955587387 0.006808110512793064 0.9980854392051697 -570.1842651367188
* 0.9981313943862915 -0.026641912758350372 -0.05496450886130333 -48.4965705871582 0.028301341459155083 0.9991589188575745 0.02964276820421219 -26.08460807800293 0.054128605872392654 -0.03114301525056362 0.998047411441803 -581.9349975585938
* 0.9945948719978333 -0.018431661650538445 -0.10216967016458511 -45.925838470458984 0.025488823652267456 0.9973446130752563 0.06820696592330933 -40.117088317871094 0.10064134746789932 -0.07044260948896408 0.9924251437187195 -577.5451049804688
* 0.9960547685623169 -0.01926870457828045 -0.0866084024310112 -45.554420471191406 0.021288592368364334 0.9995200634002686 0.022463247179985046 -51.17012023925781 0.08613412827253342 -0.024218447506427765 0.9959884285926819 -573.4901733398438
* 0.993496298789978 -0.016108836978673935 -0.11270790547132492 -43.14748764038086 0.019770311191678047 0.9993088841438293 0.031447555869817734 -62.39161682128906 0.11212360113859177 -0.03347136452794075 0.9931296110153198 -572.5863037109375
* 0.9951505661010742 -0.016420941799879074 -0.09696958214044571 -42.16570281982422 0.023647064343094826 0.9969879388809204 0.07385069876909256 -69.5546646118164 0.09546495229005814 -0.07578574120998383 0.9925429224967957 -574.1625366210938
* 0.9997512698173523 -0.007771468721330166 0.02084019035100937 -44.398189544677734 0.00833988469094038 0.9995903372764587 -0.027344785630702972 -64.82769012451172 -0.02061917819082737 0.027511807158589363 0.9994080066680908 -581.0770874023438
* 0.9999040365219116 -0.013627384789288044 0.001940057147294283 -48.452762603759766 0.01376328244805336 0.9916948676109314 -0.12786678969860077 -49.17216110229492 -1.8146028742194176E-4 0.12788137793540955 0.9917886853218079 -587.9507446289063
* 0.9912931323051453 0.012746535241603851 0.13104510307312012 -53.02021408081055 0.01276357565075159 0.981310248374939 -0.19200317561626434 -24.814983367919922 -0.1310434490442276 0.1920042783021927 0.9726048707962036 -586.6854248046875
* 0.9949066638946533 0.017813222482800484 0.09920113533735275 -55.07421112060547 0.013486264273524284 0.9518754482269287 -0.30618470907211304 -3.037663698196411 -0.09988139569759369 0.3059634864330292 0.9467883706092834 -584.9281005859375
#
#
* 0.9997279644012451 -0.015169143676757813 -0.018194841220974922 -71.61361694335938 0.015939101576805115 0.9969606399536133 0.0761229395866394 79.86406707763672 0.017028797417879105 -0.07640194147825241 0.9969324469566345 -580.4861450195313
* 0.9986127614974976 0.0029495065100491047 -0.05273740366101265 -69.5999984741211 -0.004037715494632721 0.999934732913971 -0.009661353193223476 92.93885803222656 0.05274968221783638 0.009852197952568531 0.9985599517822266 -573.5130615234375
* 0.9992063045501709 -0.0020110385958105326 -0.0400003157556057 -69.52388000488281 1.3458117609843612E-4 0.9994595646858215 -0.03255406767129898 104.24604797363281 0.04008832573890686 0.032513998448848724 0.9986677765846252 -573.1489868164063
* 0.9987725019454956 -0.0014878370566293597 -0.04968525841832161 -70.40904998779297 -0.0015101367607712746 0.99880051612854 -0.04872780665755272 109.43103790283203 0.04974234476685524 0.04873425140976906 0.99757319688797 -572.3150024414063
* 0.9969240427017212 -4.8696534940972924E-4 -0.07848283648490906 -70.63939666748047 -0.0024969144724309444 0.9995177388191223 -0.030614497140049934 112.31088256835938 0.07850407809019089 0.03070751205086708 0.9964414834976196 -565.7783813476563
* 0.9959715008735657 0.006743254605680704 -0.08951383829116821 -73.32521057128906 -0.01286193449050188 0.9980124831199646 -0.06152157485485077 115.63291931152344 0.08896534889936447 0.0624166801571846 0.9940778613090515 -567.82568359375
* 0.9977381229400635 0.010606318712234497 -0.06651026755571365 -73.05474090576172 -0.015355713665485382 0.9979100823402405 -0.06260078400373459 113.76509094238281 0.06575162708759308 0.06347228586673737 0.9958159327507019 -568.0767822265625
* 0.9954957962036133 0.009773582220077515 -0.09439324587583542 -71.94375610351563 -0.016234582290053368 0.9979453086853027 -0.06181316077709198 111.72315216064453 0.09363945573568344 0.06305892765522003 0.9936079382896423 -566.9871215820313
* 0.9947012662887573 0.004350869916379452 -0.10280044376850128 -72.12114715576172 -0.009238160215318203 0.9990842938423157 -0.04152805358171463 108.74076080322266 0.10256984084844589 0.04224914684891701 0.9938289523124695 -564.4821166992188
* 0.9973767995834351 0.004741274751722813 -0.07235037535429001 -72.68122863769531 -0.008419426158070564 0.9990432858467102 -0.04267260059714317 105.13417053222656 0.07212308049201965 0.04316128417849541 0.9964622259140015 -567.9201049804688
* 0.9961615800857544 0.004541207570582628 -0.08751612156629562 -73.63285827636719 -0.007176142185926437 0.9996933341026306 -0.023259518668055534 99.25204467773438 0.08742788434028625 0.023789677768945694 0.9958875775337219 -563.9828491210938
* 0.9972985982894897 0.014654879458248615 -0.07209926098585129 -75.85749816894531 -0.020668309181928635 0.9969361424446106 -0.07530305534601212 91.57498168945313 0.07081916928291321 0.07658182084560394 0.9945459961891174 -571.37939453125
* 0.9947880506515503 0.011615377850830555 -0.10138688236474991 -77.57877349853516 -0.018372517079114914 0.9980022311210632 -0.06027812883257866 83.2591552734375 0.10052849352359772 0.06181853637099266 0.9930127859115601 -565.0780639648438
* 0.9967665672302246 0.005383305251598358 -0.08028072863817215 -78.86611938476563 -0.010585720650851727 0.9982876777648926 -0.057351648807525635 85.75043487548828 0.0798787847161293 0.058007579296827316 0.9951162934303284 -570.0247802734375
* 0.9978641867637634 0.0012063754256814718 -0.06544539332389832 -79.94287872314453 -0.0023897404316812754 0.9999441504478455 -0.009246721863746643 94.55764770507813 0.06547479331493378 0.00937458872795105 0.9978111386299133 -571.18994140625
* 0.9975427389144897 0.006157307885587215 -0.06991518288850784 -80.8836898803711 -0.0108351344242692 0.9982191920280457 -0.05848504602909088 98.71001434326172 0.06947485357522964 0.05909045413136482 0.9958330988883972 -568.5621948242188
* 0.9943031072616577 0.007861618883907795 -0.10638213902711868 -81.01232147216797 -0.013331281952559948 0.9988697171211243 -0.04539692401885986 98.30523681640625 0.105949267745018 0.046548131853342056 0.9932824969291687 -563.8677368164063
* 0.9968258142471313 0.007320537231862545 -0.07938733696937561 -81.65130615234375 -0.011529083363711834 0.9988904595375061 -0.0454338937997818 98.03019714355469 0.07901094108819962 0.04619653895497322 0.9958038330078125 -567.7706298828125
* 0.9930770397186279 0.00790842529386282 -0.11727472394704819 -83.15292358398438 -0.012783260084688663 0.9992605447769165 -0.0359753854572773 96.99385070800781 0.1169477328658104 0.03721706569194794 0.9924415946006775 -563.8001098632813
* 0.9939588904380798 0.005967962089926004 -0.10967288911342621 -86.75655364990234 -0.008049295283854008 0.9998685121536255 -0.013315015472471714 95.45793914794922 0.10962321609258652 0.014108791947364807 0.993874192237854 -565.7291870117188
* 0.9937335848808289 0.008450205437839031 -0.11153578758239746 -90.87232971191406 -0.011010699905455112 0.9997807145118713 -0.017215343192219734 90.9410629272461 0.11141008138656616 0.018327107653021812 0.9936066269874573 -565.5751953125
* 0.994557797908783 0.008163567632436752 -0.10395284742116928 -94.99858093261719 -0.014600567519664764 0.9983261227607727 -0.05577458441257477 84.25367736816406 0.10336779803037643 0.05698048323392868 0.9930108785629272 -565.9549560546875
* 0.9953149557113647 0.002861129119992256 -0.09673763066530228 -98.44976043701172 -0.0037887312937527895 0.9999762773513794 -0.0034800609573721886 78.73458862304688 0.09676958620548248 0.003821536898612976 0.9953005909919739 -567.9136962890625
* 0.9941498041152954 0.004003522451967001 -0.1080198585987091 -101.66265869140625 -0.004815921653062105 0.9999759793281555 -0.001953891245648265 72.95927429199219 0.10805363953113556 0.002453993773087859 0.9941431283950806 -565.64501953125
* 0.9972422122955322 0.005483110435307026 -0.07413677126169205 -107.3959732055664 -0.009473277255892754 0.9988942742347717 -0.045818425714969635 72.17933654785156 0.07384786009788513 0.04638589918613434 0.9961912631988525 -574.829833984375
* 0.9971953630447388 0.005163601133972406 -0.07478653639554977 -114.99371337890625 -0.006875237450003624 0.9998535513877869 -0.014973696321249008 70.4780502319336 0.07474253326654434 0.01543727982789278 0.9970844388008118 -573.00634765625
* 0.9973719716072083 0.004535488318651915 -0.0724358782172203 -119.84453582763672 -0.004289720207452774 0.9999145269393921 0.01145702414214611 65.10226440429688 0.07252590358257294 -0.011124885641038418 0.9973055720329285 -568.5722045898438
* 0.9973843097686768 -0.0013958109775558114 -0.07239504903554916 -122.78115844726563 0.001960504101589322 0.999864935874939 0.015650272369384766 59.313438415527344 0.07240764796733856 -0.015760241076350212 0.9972516894340515 -567.9141845703125
* 0.9974919557571411 -0.0014674572739750147 -0.07089360803365707 -121.86634063720703 -0.0011011488968506455 0.9995937943458557 -0.02809843234717846 56.16109085083008 0.07095029950141907 0.02809717319905758 0.9970851540565491 -566.3486938476563
* 0.9944155216217041 0.005442715249955654 -0.10548161715269089 -119.38224792480469 -0.006796994246542454 0.999941349029541 -0.007047371938824654 53.68098449707031 0.10548132658004761 0.007716355845332146 0.994392454624176 -557.978759765625
* 0.9977912902832031 0.005099882371723652 -0.06636852025985718 -121.60391235351563 -0.006896895356476307 0.9997994303703308 -0.01822429895401001 52.34151840209961 0.06630655378103256 0.01863318309187889 0.9976264238357544 -567.2615356445313
* 0.9979523420333862 0.0028631032910197973 -0.06404046714305878 -120.13707733154297 -0.0036662276834249496 0.9999765753746033 -0.003472890704870224 48.844451904296875 0.06407329440116882 0.0036918220575898886 0.9979395270347595 -558.7330322265625
* 0.997411847114563 0.00607061292976141 -0.07177067548036575 -119.82716369628906 -0.006151529960334301 0.9999454021453857 0.00707751652225852 46.690696716308594 0.07185401022434235 -0.006626332178711891 0.997394323348999 -556.3533325195313
* 0.9961885809898376 0.005449761636555195 -0.08715993911027908 -117.82853698730469 -0.005632646381855011 0.9999623894691467 0.004723034333437681 44.03712463378906 0.08722666651010513 -0.00422274274751544 0.9961807131767273 -551.404541015625
* 0.9969604015350342 0.01005490217357874 -0.07737623155117035 -110.80535888671875 -0.013147491030395031 0.9993868470191956 -0.032122332602739334 43.4222526550293 0.07705014944076538 0.03303366154432297 0.9964810013771057 -554.0225219726563
* 0.9937485456466675 -0.0016590023878961802 -0.11171109974384308 -100.14559936523438 0.003351310733705759 0.9997818470001221 0.020096715539693832 48.817718505859375 0.11169754713773727 -0.020354466512799263 0.9935349822044373 -551.7587280273438
* 0.9963597655296326 -0.008760135620832443 -0.08490323275327682 -90.93571472167969 0.007908841595053673 0.9999516606330872 -0.003608583239838481 57.406185150146484 0.08497491478919983 0.002914718585088849 0.996380090713501 -553.9945068359375
* 0.997540295124054 -0.010371292009949684 -0.06945355236530304 -86.32589721679688 0.009217350743710995 0.9999092817306519 -0.00867328979074955 64.88841247558594 0.06958136707544327 0.00800248607993126 0.9975454211235046 -551.2094116210938
* 0.9974561929702759 -0.007189380470663309 -0.0710451751947403 -84.11166381835938 0.003788029309362173 0.9991874694824219 -0.03986000642180443 69.2582778930664 0.07131823152303696 0.03948044031858444 0.9966731667518616 -550.1640625
* 0.9964025020599365 -6.924362387508154E-4 -0.08485021442174911 -82.11661529541016 -0.005696041975170374 0.9976397156715393 -0.06827414780855179 70.90869903564453 0.0847415179014206 0.06850317865610123 0.9940465688705444 -547.3323364257813
* 0.9934714436531067 -0.005264136474579573 -0.1140381246805191 -82.75535583496094 0.002532627433538437 0.9998045563697815 -0.019061433151364326 69.89170837402344 0.11416036635637283 0.01863913983106613 0.9932886362075806 -542.1698608398438
* 0.9936751127243042 -0.008428131230175495 -0.11205649375915527 -86.18283081054688 0.00805753469467163 0.9999560117721558 0.001357427565380931 67.75336456298828 0.11208426207304001 -0.0022609764710068703 0.9936972260475159 -540.0475463867188
* 0.9957522749900818 -0.008652719669044018 -0.09176302701234818 -90.97337341308594 0.009948721155524254 0.99974125623703 0.01993447169661522 66.203857421875 0.09161094576120377 -0.020772021263837814 0.9955793023109436 -539.6475830078125
* 0.9916422367095947 -0.003926647361367941 -0.12902778387069702 -94.65652465820313 -6.60425634123385E-4 0.9995070099830627 -0.03105010837316513 61.31590270996094 0.1291302591562271 0.030866868793964386 0.9911482334136963 -535.0868530273438
* 0.9933568835258484 -0.005179984495043755 -0.11503585427999496 -96.91361999511719 0.003354467451572418 0.9999224543571472 -0.011076103895902634 56.143863677978516 0.11512847989797592 0.010607575066387653 0.9932951331138611 -535.5242919921875
* 0.9931171536445618 -0.0013946734834462404 -0.11719297617673874 -97.54291534423828 -0.002991155255585909 0.9994615316390991 -0.032350439578294754 53.19382858276367 0.1172192171216011 0.0324694886803627 0.9925763607025146 -532.2921752929688
* 0.9957925081253052 -0.006784675642848015 -0.0914832204580307 -99.4415512084961 0.0022636214271187782 0.9990538358688354 -0.04318732023239136 51.65360641479492 0.0917339026927948 0.04278949275612831 0.9948650598526001 -537.2848510742188
* 0.9931666254997253 -0.01476442813873291 -0.1158447265625 -101.07789611816406 0.015575851313769817 0.9998070597648621 0.011058184318244457 48.88927459716797 0.11570317298173904 -0.01279656495898962 0.9932027459144592 -526.5726318359375
* 0.9956944584846497 -0.011601949110627174 -0.09206369519233704 -104.81139373779297 0.010053157806396484 0.9998779892921448 -0.011051594279706478 44.04103469848633 0.09222482144832611 0.01006912812590599 0.9956886172294617 -527.97802734375
* 0.9950779676437378 -0.011525309644639492 -0.0985126793384552 -109.8420639038086 0.009451230056583881 0.9998218417167664 -0.015686729922890663 37.3729248046875 0.09872005879878998 0.014669117517769337 0.9950084686279297 -532.2481079101563
* 0.9938561916351318 -0.014196245931088924 -0.1098460927605629 -114.30545806884766 0.013353627175092697 0.9998952150344849 -0.0031860992312431335 34.085182189941406 0.10992389917373657 0.0016901696799322963 0.9939399361610413 -532.5301513671875
* 0.9955801963806152 -0.008640622720122337 -0.09361143410205841 -116.89109802246094 0.006948312744498253 0.9998900890350342 -0.012272942811250687 33.60801696777344 0.09375134110450745 0.011559016071259975 0.9955298900604248 -534.9945678710938
* 0.9957157969474792 -0.014388784766197205 -0.09143730252981186 -116.61466979980469 0.013240210711956024 0.9998781085014343 -0.006893879268318415 34.63889694213867 0.0915694311261177 0.005644188262522221 0.9957840442657471 -535.89697265625
* 0.9948047399520874 -0.010535644367337227 -0.10134244710206985 -115.38538360595703 0.01193650159984827 0.9997397661209106 0.01889416202902794 36.654396057128906 0.10116108506917953 -0.020015092566609383 0.9946700930595398 -535.8187866210938
* 0.9936696887016296 -0.00948217511177063 -0.11202027648687363 -113.9843521118164 0.006769349332898855 0.9997771382331848 -0.0194641575217247 38.769527435302734 0.11222398281097412 0.01857338659465313 0.9935107827186584 -533.0750122070313
