#
#
#
#
#
#
#
#
#
#
#
#
#
#
#
#
#
#
#
#
#
#
#
#
#
#
#
#
#
#
#
#
#
#
#
#
#
#
#
#
#
#
#
#
#
#
#
#
#
#
#
#
#
#
#
#
#
#
#
#
#
#
#
#
#
#
#
#
#
#
#
#
#
#
#
#
#
#
#
#
#
#
#
#
#
#
#
#
#
#
#
#
#
#
#
#
#
#
#
#
#
#
#
#
#
#
#
#
#
#
#
#
#
#
#
#
#
#
#
#
#
#
#
#
#
#
#
#
#
#
#
#
#
#
#
#
#
#
#
#
#
#
#
#
#
#
#
#
#
#
#
#
#
#
#
#
#
#
#
#
#
#
#
#
#
#
#
#
#
#
#
#
#
#
#
#
#
#
#
#
#
#
#
#
#
#
#
#
#
#
#
#
#
#
#
#
#
#
#
#
#
#
#
#
#
#
#
#
#
#
#
#
#
#
#
#
#
#
#
#
#
#
#
#
#
#
#
#
#
#
#
#
#
#
#
#
#
#
#
#
#
#
#
#
#
#
#
#
*1 -0.8432045578956604 0.530570924282074 0.08657211065292358 29.790037155151367
*1 -0.8432045578956604 0.530570924282074 0.08657211065292358 29.790037155151367
*2 -0.08612511307001114 -0.2922693192958832 0.9524511694908142 125.17176055908203
*1 -0.8432045578956604 0.530570924282074 0.08657211065292358 29.790037155151367
*2 -0.08612511307001114 -0.2922693192958832 0.9524511694908142 125.17176055908203
*3 0.5306726098060608 0.7956411242485046 0.2921319305896759 -502.7861328125
#
#
#
#
#
#
#
#
#
#
#
#
#
#
#
#
#
#
#
#
#
#
#
#
#
#
#
#
#
#
#
#
#
#
#
#
#
#
#
#
#
#
#
#
#
#
#
#
#
#
#
#
#
#
#
#
#
#
#
#
#
#
#
#
#
#
#
#
#
#
#
#
#
#
#
#
#
#
#
#
#
#
#
#
#
#
#
#
#
#
#
#
#
#
#
#
#
#
#
#
#
#
#
#
#
#
#
#
#
#
#
#
#
#
#
#
#
#
#
#
#
#
#
#
#
#
#
#
#
#
#
#
#
#
#
#
#
#
#
#
#
#
#
#
#
#
#
#
#
#
#
#
#
#
#
#
#
#
#
#
#
#
#
#
#
#
#
#
#
#
#
#
#
#
#
#
#
#
#
#
#
#
#
#
#
#
#
#
#
#
#
#
#
#
#
#
#
#
#
#
#
#
#
#
#
#
#
#
#
#
#
#
#
#
#
#
#
#
#
#
#
#
#
#
#
#
#
#
#
#
#
#
#
#
#
#
#
#
#
#
#
#
#
#
#
#
#
#
#
#
#
#
#
#
#
#
#
#
#
#
#
#
#
#
#
#
#
#
#
#
#
#
#
#
#
#
#
#
#
#
#
#
#
#
*1 -0.7505918741226196 -0.6589555144309998 -0.048596084117889404 95.7563705444336
*1 -0.7505918741226196 -0.6589555144309998 -0.048596084117889404 95.7563705444336
*2 -0.09608392417430878 0.181611105799675 -0.9786648154258728 319.9236755371094
*1 -0.7505918741226196 -0.6589555144309998 -0.048596084117889404 95.7563705444336
*2 -0.09608392417430878 0.181611105799675 -0.9786648154258728 319.9236755371094
*3 0.6537510752677917 -0.7299004197120667 -0.19963334500789642 -1925.756103515625
#
#
#
#
#
#
#
#
#
#
#
#
#
#
#
#
#
#
#
#
#
#
#
#
#
#
#
#
#
#
#
#
#
#
#
#
#
#
#
#
#
#
#
#
#
#
#
#
#
#
#
#
#
#
#
#
#
#
#
#
#
#
#
#
#
#
#
#
#
#
#
#
#
#
#
#
#
#
#
#
#
#
#
#
#
#
#
#
#
#
#
#
#
#
#
#
#
#
#
#
#
#
#
#
#
#
#
#
#
#
#
#
#
#
#
#
#
#
#
#
#
#
#
#
#
#
#
#
#
#
#
#
#
#
#
#
#
#
#
#
#
#
#
#
#
#
#
#
#
#
#
#
#
#
#
#
#
#
#
#
#
#
#
#
#
#
#
#
#
#
#
#
#
#
#
#
#
#
#
#
#
#
#
#
#
#
#
#
#
#
#
#
#
#
#
#
#
#
#
#
#
#
#
#
#
#
#
#
#
#
#
#
#
#
#
#
#
#
#
#
#
#
#
#
#
#
#
#
#
#
#
#
#
#
#
#
#
#
#
#
#
#
#
#
#
#
#
#
#
#
#
#
#
#
#
#
#
#
#
#
#
#
#
#
#
#
#
#
#
#
#
#
#
#
#
#
#
#
#
#
#
#
#
#
#
#
#
#
#
#
#
#
#
#
#
#
#
#
#
#
#
#
#
#
#
#
#
#
#
#
#
#
#
#
#
#
#
#
#
#
#
#
#
#
#
#
#
#
#
#
#
#
#
#
#
#
#
#
#
#
#
#
#
#
#
#
#
#
#
*1 -0.5909150838851929 0.8057149052619934 -0.04050568491220474 -63.89333724975586
*1 -0.5909150838851929 0.8057149052619934 -0.04050568491220474 -63.89333724975586
*2 0.0755992904305458 0.005316939204931259 -0.9971239566802979 117.91316986083984
*1 -0.5909150838851929 0.8057149052619934 -0.04050568491220474 -63.89333724975586
*2 0.0755992904305458 0.005316939204931259 -0.9971239566802979 117.91316986083984
*3 -0.8031810522079468 -0.5922814607620239 -0.06405336409807205 -1405.116455078125
#
#
#
#
#
#
#
#
#
#
#
#
#
#
#
#
#
#
#
#
#
#
#
#
#
#
#
#
#
#
#
#
#
#
#
#
#
#
#
#
#
#
#
#
#
#
#
#
#
#
#
#
#
#
#
#
#
#
#
#
#
#
#
#
#
#
#
#
#
#
#
#
#
#
#
#
#
#
#
#
#
#
#
#
#
#
#
#
#
#
#
#
#
#
#
#
#
#
#
#
#
#
#
#
#
#
#
#
#
#
#
#
#
#
#
#
#
#
#
#
#
#
#
#
#
#
#
#
#
#
#
#
#
#
#
#
#
#
#
#
#
#
#
#
#
#
#
#
#
#
#
#
#
#
#
#
#
#
#
#
#
#
#
*1 0.948139488697052 0.022723684087395668 0.31707239151000977 -331.61627197265625
*1 0.948139488697052 0.022723684087395668 0.31707239151000977 -331.61627197265625
*2 0.01251546386629343 0.9937853813171387 -0.11035048961639404 92.97679138183594
*1 0.948139488697052 0.022723684087395668 0.31707239151000977 -331.61627197265625
*2 0.01251546386629343 0.9937853813171387 -0.11035048961639404 92.97679138183594
*3 -0.31765833497047424 0.10986277461051941 0.941874623298645 -1780.8887939453125
*1 0.9258937835693359 0.06423571705818176 0.3723094165325165 -331.360595703125
*1 0.9258937835693359 0.06423571705818176 0.3723094165325165 -331.360595703125
*2 0.02796401083469391 0.9707165956497192 -0.23847542703151703 92.64677429199219
*1 0.9258937835693359 0.06423571705818176 0.3723094165325165 -331.360595703125
*2 0.02796401083469391 0.9707165956497192 -0.23847542703151703 92.64677429199219
*3 -0.37675800919532776 0.2324584424495697 0.8967279195785522 -1782.6348876953125
*1 0.9221057295799255 0.031679969280958176 0.38566461205482483 -333.00286865234375
*1 0.9221057295799255 0.031679969280958176 0.38566461205482483 -333.00286865234375
*2 0.03789365291595459 0.9841904640197754 -0.17284797132015228 93.18309783935547
*1 0.9221057295799255 0.031679969280958176 0.38566461205482483 -333.00286865234375
*2 0.03789365291595459 0.9841904640197754 -0.17284797132015228 93.18309783935547
*3 -0.3850635290145874 0.17525714635849 0.906154215335846 -1796.1572265625
*1 0.9555822610855103 0.040420085191726685 0.29197338223457336 -336.389892578125
*1 0.9555822610855103 0.040420085191726685 0.29197338223457336 -336.389892578125
*2 0.003176520112901926 0.988783597946167 -0.1491313874721527 94.3838882446289
*1 0.9555822610855103 0.040420085191726685 0.29197338223457336 -336.389892578125
*2 0.003176520112901926 0.988783597946167 -0.1491313874721527 94.3838882446289
*3 -0.2947859466075897 0.14469687640666962 0.9445995688438416 -1814.6124267578125
*1 0.9776149988174438 0.04369555413722992 0.20586252212524414 -339.2524108886719
*1 0.9776149988174438 0.04369555413722992 0.20586252212524414 -339.2524108886719
*2 -0.003635910339653492 0.981046736240387 -0.19359084963798523 96.21054077148438
*1 0.9776149988174438 0.04369555413722992 0.20586252212524414 -339.2524108886719
*2 -0.003635910339653492 0.981046736240387 -0.19359084963798523 96.21054077148438
*3 -0.21048308908939362 0.1897641122341156 0.9590572118759155 -1830.4578857421875
*1 0.9269026517868042 0.055268920958042145 0.371236652135849 -333.6077575683594
*1 0.9269026517868042 0.055268920958042145 0.371236652135849 -333.6077575683594
*2 0.03672740235924721 0.970624566078186 -0.23766054213047028 96.32154846191406
*1 0.9269026517868042 0.055268920958042145 0.371236652135849 -333.6077575683594
*2 0.03672740235924721 0.970624566078186 -0.23766054213047028 96.32154846191406
*3 -0.3734878599643707 0.23516745865345 0.8973893523216248 -1796.8221435546875
*1 0.9452663660049438 0.06589607149362564 0.31960785388946533 -337.89056396484375
*1 0.9452663660049438 0.06589607149362564 0.31960785388946533 -337.89056396484375
*2 0.012475802563130856 0.9709644913673401 -0.23877982795238495 98.61296844482422
*1 0.9452663660049438 0.06589607149362564 0.31960785388946533 -337.89056396484375
*2 0.012475802563130856 0.9709644913673401 -0.23877982795238495 98.61296844482422
*3 -0.3261120319366455 0.2309422343969345 0.9167449474334717 -1798.595947265625
*1 0.9075753688812256 0.04155488312244415 0.4178517758846283 -346.7000427246094
*1 0.9075753688812256 0.04155488312244415 0.4178517758846283 -346.7000427246094
*2 0.019153952598571777 0.9897494912147522 -0.14132466912269592 100.01155853271484
*1 0.9075753688812256 0.04155488312244415 0.4178517758846283 -346.7000427246094
*2 0.019153952598571777 0.9897494912147522 -0.14132466912269592 100.01155853271484
*3 -0.4194871485233307 0.13752900063991547 0.8973410725593567 -1806.9468994140625
*1 0.8777123689651489 0.03309664502739906 0.4780644178390503 -353.3109130859375
*1 0.8777123689651489 0.03309664502739906 0.4780644178390503 -353.3109130859375
*2 0.0156673826277256 0.9949580430984497 -0.09877621382474899 99.67340087890625
*1 0.8777123689651489 0.03309664502739906 0.4780644178390503 -353.3109130859375
*2 0.0156673826277256 0.9949580430984497 -0.09877621382474899 99.67340087890625
*3 -0.47897619009017944 0.09545385092496872 0.8726827502250671 -1788.1077880859375
*1 0.8492022752761841 0.050642356276512146 0.5256527066230774 -363.6144714355469
*1 0.8492022752761841 0.050642356276512146 0.5256527066230774 -363.6144714355469
*2 0.03410664573311806 0.9878707528114319 -0.1513008028268814 101.58026885986328
*1 0.8492022752761841 0.050642356276512146 0.5256527066230774 -363.6144714355469
*2 0.03410664573311806 0.9878707528114319 -0.1513008028268814 101.58026885986328
*3 -0.5269708633422852 0.1476738452911377 0.8370178937911987 -1780.3648681640625
*1 0.8705268502235413 0.04336502030491829 0.49022674560546875 -379.7269287109375
*1 0.8705268502235413 0.04336502030491829 0.49022674560546875 -379.7269287109375
*2 0.020420553162693977 0.9919047951698303 -0.12510685622692108 105.62384796142578
*1 0.8705268502235413 0.04336502030491829 0.49022674560546875 -379.7269287109375
*2 0.020420553162693977 0.9919047951698303 -0.12510685622692108 105.62384796142578
*3 -0.49173110723495483 0.12018369883298874 0.8624738454818726 -1796.7188720703125
*1 0.8595800399780273 0.04593662917613983 0.5089515447616577 -387.26715087890625
*1 0.8595800399780273 0.04593662917613983 0.5089515447616577 -387.26715087890625
*2 0.04347563534975052 0.9855659604072571 -0.16344282031059265 108.11405181884766
*1 0.8595800399780273 0.04593662917613983 0.5089515447616577 -387.26715087890625
*2 0.04347563534975052 0.9855659604072571 -0.16344282031059265 108.11405181884766
*3 -0.5091323256492615 0.16387821733951569 0.845004677772522 -1772.1192626953125
*1 0.8946199417114258 0.023674024268984795 0.4462223947048187 -403.2314758300781
*1 0.8946199417114258 0.023674024268984795 0.4462223947048187 -403.2314758300781
*2 0.05096052214503288 0.9864581823348999 -0.1557157188653946 114.74258422851563
*1 0.8946199417114258 0.023674024268984795 0.4462223947048187 -403.2314758300781
*2 0.05096052214503288 0.9864581823348999 -0.1557157188653946 114.74258422851563
*3 -0.4438726305961609 0.16330723464488983 0.881142795085907 -1794.1109619140625
*1 0.9129725694656372 0.04367842152714729 0.40570059418678284 -411.0594177246094
*1 0.9129725694656372 0.04367842152714729 0.40570059418678284 -411.0594177246094
*2 0.04126451164484024 0.9789817333221436 -0.19959013164043427 119.2039794921875
*1 0.9129725694656372 0.04367842152714729 0.40570059418678284 -411.0594177246094
*2 0.04126451164484024 0.9789817333221436 -0.19959013164043427 119.2039794921875
*3 -0.4059081971645355 0.2002146691083908 0.8917720317840576 -1785.1463623046875
*1 0.9129582643508911 0.01098392903804779 0.4079292416572571 -418.4552307128906
*1 0.9129582643508911 0.01098392903804779 0.4079292416572571 -418.4552307128906
*2 0.027082964777946472 0.9956580400466919 -0.08874566853046417 123.33421325683594
*1 0.9129582643508911 0.01098392903804779 0.4079292416572571 -418.4552307128906
*2 0.027082964777946472 0.9956580400466919 -0.08874566853046417 123.33421325683594
*3 -0.40716782212257385 0.09333747625350952 0.9086293578147888 -1783.6256103515625
*1 0.9122354388237 -0.017690882086753845 0.4093082547187805 -424.2628479003906
*1 0.9122354388237 -0.017690882086753845 0.4093082547187805 -424.2628479003906
*2 0.0275429654866457 0.9994022846221924 -0.01950964331626892 125.22061920166016
*1 0.9122354388237 -0.017690882086753845 0.4093082547187805 -424.2628479003906
*2 0.0275429654866457 0.9994022846221924 -0.01950964331626892 125.22061920166016
*3 -0.40875300765037537 0.03034103661775589 0.912198007106781 -1775.5782470703125
*1 0.9013960361480713 0.033304862678050995 0.4317355453968048 -433.103271484375
*1 0.9013960361480713 0.033304862678050995 0.4317355453968048 -433.103271484375
*2 0.034384291619062424 0.988170325756073 -0.1492692083120346 127.56620788574219
*1 0.9013960361480713 0.033304862678050995 0.4317355453968048 -433.103271484375
*2 0.034384291619062424 0.988170325756073 -0.1492692083120346 127.56620788574219
*3 -0.4316266179084778 0.1506575644016266 0.889441192150116 -1776.6475830078125
*1 0.8710496425628662 0.023923620581626892 0.4906320571899414 -437.0290222167969
*1 0.8710496425628662 0.023923620581626892 0.4906320571899414 -437.0290222167969
*2 0.03997873514890671 0.9918867945671082 -0.12044273316860199 127.05670928955078
*1 0.8710496425628662 0.023923620581626892 0.4906320571899414 -437.0290222167969
*2 0.03997873514890671 0.9918867945671082 -0.12044273316860199 127.05670928955078
*3 -0.4895554780960083 0.12579181790351868 0.8629117608070374 -1761.844482421875
*1 0.8677350878715515 0.04632402956485748 0.49488338828086853 -443.86358642578125
*1 0.8677350878715515 0.04632402956485748 0.49488338828086853 -443.86358642578125
*2 0.050031669437885284 0.9822254776954651 -0.18075965344905853 127.85388946533203
*1 0.8677350878715515 0.04632402956485748 0.49488338828086853 -443.86358642578125
*2 0.050031669437885284 0.9822254776954651 -0.18075965344905853 127.85388946533203
*3 -0.4944706857204437 0.18286742269992828 0.849801778793335 -1751.0338134765625
*1 0.840890109539032 0.008395339362323284 0.5411588549613953 -454.8815002441406
*1 0.840890109539032 0.008395339362323284 0.5411588549613953 -454.8815002441406
*2 0.04966960847377777 0.9943416118621826 -0.09360390156507492 129.09498596191406
*1 0.840890109539032 0.008395339362323284 0.5411588549613953 -454.8815002441406
*2 0.04966960847377777 0.9943416118621826 -0.09360390156507492 129.09498596191406
*3 -0.5388951897621155 0.10685759782791138 0.835630476474762 -1754.4322509765625
*1 0.8421171307563782 0.0259228628128767 0.5386892557144165 -463.7038879394531
*1 0.8421171307563782 0.0259228628128767 0.5386892557144165 -463.7038879394531
*2 0.051608607172966 0.9902290105819702 -0.12933267652988434 129.19638061523438
*1 0.8421171307563782 0.0259228628128767 0.5386892557144165 -463.7038879394531
*2 0.051608607172966 0.9902290105819702 -0.12933267652988434 129.19638061523438
*3 -0.5367884635925293 0.13797831535339355 0.8324211239814758 -1741.7784423828125
*1 0.8535815477371216 0.021002620458602905 0.5205544233322144 -476.2795104980469
*1 0.8535815477371216 0.021002620458602905 0.5205544233322144 -476.2795104980469
*2 0.0448981449007988 0.992357075214386 -0.11469769477844238 130.53305053710938
*1 0.8535815477371216 0.021002620458602905 0.5205544233322144 -476.2795104980469
*2 0.0448981449007988 0.992357075214386 -0.11469769477844238 130.53305053710938
*3 -0.5190026760101318 0.1225416511297226 0.8460051417350769 -1744.6611328125
*1 0.8911987543106079 0.02393702231347561 0.4530026614665985 -492.094482421875
*1 0.8911987543106079 0.02393702231347561 0.4530026614665985 -492.094482421875
*2 0.04064158350229263 0.9901909232139587 -0.13346944749355316 133.8841094970703
*1 0.8911987543106079 0.02393702231347561 0.4530026614665985 -492.094482421875
*2 0.04064158350229263 0.9901909232139587 -0.13346944749355316 133.8841094970703
*3 -0.4517742097377777 0.1386226862668991 0.8813562393188477 -1767.177001953125
*1 0.9080914258956909 0.03481132164597511 0.4173460006713867 -492.4607849121094
*1 0.9080914258956909 0.03481132164597511 0.4173460006713867 -492.4607849121094
*2 0.047178059816360474 0.9814240336418152 -0.1858091652393341 133.8212432861328
*1 0.9080914258956909 0.03481132164597511 0.4173460006713867 -492.4607849121094
*2 0.047178059816360474 0.9814240336418152 -0.1858091652393341 133.8212432861328
*3 -0.4160718023777008 0.1896774023771286 0.8893884420394897 -1743.074951171875
*1 0.9220553040504456 0.05684274435043335 0.3828871548175812 -491.88897705078125
*1 0.9220553040504456 0.05684274435043335 0.3828871548175812 -491.88897705078125
*2 0.04537247493863106 0.9660846590995789 -0.2540980279445648 135.98397827148438
*1 0.9220553040504456 0.05684274435043335 0.3828871548175812 -491.88897705078125
*2 0.04537247493863106 0.9660846590995789 -0.2540980279445648 135.98397827148438
*3 -0.3843558728694916 0.25290507078170776 0.8879271745681763 -1734.1417236328125
*1 0.8653740286827087 0.03874081000685692 0.49964648485183716 -486.4884948730469
*1 0.8653740286827087 0.03874081000685692 0.49964648485183716 -486.4884948730469
*2 0.0623142272233963 0.9807230830192566 -0.1850491464138031 142.40672302246094
*1 0.8653740286827087 0.03874081000685692 0.49964648485183716 -486.4884948730469
*2 0.0623142272233963 0.9807230830192566 -0.1850491464138031 142.40672302246094
*3 -0.4971785247325897 0.19252704083919525 0.8460803031921387 -1735.470947265625
*1 0.8813977241516113 0.04129883274435997 0.47058698534965515 -480.2240295410156
*1 0.8813977241516113 0.04129883274435997 0.47058698534965515 -480.2240295410156
*2 0.05764247477054596 0.9790725708007813 -0.19503411650657654 144.84732055664063
*1 0.8813977241516113 0.04129883274435997 0.47058698534965515 -480.2240295410156
*2 0.05764247477054596 0.9790725708007813 -0.19503411650657654 144.84732055664063
*3 -0.4687928557395935 0.2002820074558258 0.8603635430335999 -1731.970458984375
*1 0.9090745449066162 0.017545703798532486 0.41628745198249817 -477.60406494140625
*1 0.9090745449066162 0.017545703798532486 0.41628745198249817 -477.60406494140625
*2 0.057479631155729294 0.984031081199646 -0.16829431056976318 147.16102600097656
*1 0.9090745449066162 0.017545703798532486 0.41628745198249817 -477.60406494140625
*2 0.057479631155729294 0.984031081199646 -0.16829431056976318 147.16102600097656
*3 -0.41258949041366577 0.17817950248718262 0.8933795094490051 -1733.607177734375
*1 0.8930749893188477 0.05748967453837395 0.44624167680740356 -478.5479431152344
*1 0.8930749893188477 0.05748967453837395 0.44624167680740356 -478.5479431152344
*2 0.057842083275318146 0.9685831069946289 -0.24175433814525604 147.8526153564453
*1 0.8930749893188477 0.05748967453837395 0.44624167680740356 -478.5479431152344
*2 0.057842083275318146 0.9685831069946289 -0.24175433814525604 147.8526153564453
*3 -0.4461185038089752 0.24295884370803833 0.8614258170127869 -1734.9217529296875
*1 0.986109733581543 -0.03206894174218178 0.16303089261054993 -488.8168029785156
*1 0.986109733581543 -0.03206894174218178 0.16303089261054993 -488.8168029785156
*2 0.017899882048368454 0.9962443709373474 0.08438392728567123 150.86863708496094
*1 0.986109733581543 -0.03206894174218178 0.16303089261054993 -488.8168029785156
*2 0.017899882048368454 0.9962443709373474 0.08438392728567123 150.86863708496094
*3 -0.16515788435935974 -0.07903453707695007 0.9831488132476807 -1762.1700439453125
*1 0.9975825548171997 -0.02843083254992962 0.06356604397296906 -484.36614990234375
*1 0.9975825548171997 -0.02843083254992962 0.06356604397296906 -484.36614990234375
*2 0.02535792626440525 0.9988381862640381 0.04029006138443947 148.83779907226563
*1 0.9975825548171997 -0.02843083254992962 0.06356604397296906 -484.36614990234375
*2 0.02535792626440525 0.9988381862640381 0.04029006138443947 148.83779907226563
*3 -0.06465483456850052 -0.037315674126148224 0.9972624778747559 -1729.2705078125
*1 0.9931671023368835 -0.04492468759417534 0.1077997237443924 -487.9258728027344
*1 0.9931671023368835 -0.04492468759417534 0.1077997237443924 -487.9258728027344
*2 0.035627081990242004 0.9959818124771118 0.0818224623799324 149.3562774658203
*1 0.9931671023368835 -0.04492468759417534 0.1077997237443924 -487.9258728027344
*2 0.035627081990242004 0.9959818124771118 0.0818224623799324 149.3562774658203
*3 -0.1110495924949646 -0.07616329193115234 0.9909452199935913 -1726.6724853515625
*1 0.9965885281562805 -0.01767229661345482 0.08073984086513519 -495.69769287109375
*1 0.9965885281562805 -0.01767229661345482 0.08073984086513519 -495.69769287109375
*2 0.01666741818189621 0.9998124241828918 0.00641997903585434 152.15011596679688
*1 0.9965885281562805 -0.01767229661345482 0.08073984086513519 -495.69769287109375
*2 0.01666741818189621 0.9998124241828918 0.00641997903585434 152.15011596679688
*3 -0.08086741715669632 -0.0037841498851776123 0.9967705011367798 -1741.101806640625
*1 0.997514009475708 -0.037340451031923294 0.05992831662297249 -491.35711669921875
*1 0.997514009475708 -0.037340451031923294 0.05992831662297249 -491.35711669921875
*2 0.0318339541554451 0.9961143136024475 0.08177196979522705 150.21328735351563
*1 0.997514009475708 -0.037340451031923294 0.05992831662297249 -491.35711669921875
*2 0.0318339541554451 0.9961143136024475 0.08177196979522705 150.21328735351563
*3 -0.06275767087936401 -0.07840175926685333 0.9949973821640015 -1716.171875
*1 0.995536744594574 -0.02689889632165432 0.09056994318962097 -496.03167724609375
*1 0.995536744594574 -0.02689889632165432 0.09056994318962097 -496.03167724609375
*2 0.024144794791936874 0.9993564486503601 0.025444356724619865 151.6142120361328
*1 0.995536744594574 -0.02689889632165432 0.09056994318962097 -496.03167724609375
*2 0.024144794791936874 0.9993564486503601 0.025444356724619865 151.6142120361328
*3 -0.0912165492773056 -0.021877234801650047 0.9956435561180115 -1729.48046875
*1 0.9932838678359985 -0.03375306352972984 0.1107606291770935 -499.31439208984375
*1 0.9932838678359985 -0.03375306352972984 0.1107606291770935 -499.31439208984375
*2 0.030874378979206085 0.9992360472679138 0.022753536701202393 153.63645935058594
*1 0.9932838678359985 -0.03375306352972984 0.1107606291770935 -499.31439208984375
*2 0.030874378979206085 0.9992360472679138 0.022753536701202393 153.63645935058594
*3 -0.11145728081464767 -0.01791386306285858 0.9936606287956238 -1746.7894287109375
*1 0.9833795428276062 -0.02627670206129551 0.17970618605613708 -499.9924011230469
*1 0.9833795428276062 -0.02627670206129551 0.17970618605613708 -499.9924011230469
*2 0.026252159848809242 0.9996269941329956 -4.952400922775269E-4 155.80198669433594
*1 0.9833795428276062 -0.02627670206129551 0.17970618605613708 -499.9924011230469
*2 0.026252159848809242 0.9996269941329956 -4.952400922775269E-4 155.80198669433594
*3 -0.17964959144592285 0.00647374615073204 0.983762800693512 -1761.47705078125
*1 0.9941987991333008 -0.029865331947803497 0.10342546552419662 -487.4153747558594
*1 0.9941987991333008 -0.029865331947803497 0.10342546552419662 -487.4153747558594
*2 0.023134106770157814 0.9978692531585693 0.060543760657310486 153.26573181152344
*1 0.9941987991333008 -0.029865331947803497 0.10342546552419662 -487.4153747558594
*2 0.023134106770157814 0.9978692531585693 0.060543760657310486 153.26573181152344
*3 -0.10503588616847992 -0.056537315249443054 0.992913007736206 -1727.312744140625
*1 0.9972553849220276 -0.03627016767859459 0.06469830125570297 -484.6430969238281
*1 0.9972553849220276 -0.03627016767859459 0.06469830125570297 -484.6430969238281
*2 0.03171796351671219 0.9975449442863464 0.06198236718773842 153.16250610351563
*1 0.9972553849220276 -0.03627016767859459 0.06469830125570297 -484.6430969238281
*2 0.03171796351671219 0.9975449442863464 0.06198236718773842 153.16250610351563
*3 -0.06679677963256836 -0.05849786475300789 0.9961031079292297 -1722.419921875
*1 0.9967883825302124 -0.024965256452560425 0.07621903717517853 -481.4109191894531
*1 0.9967883825302124 -0.024965256452560425 0.07621903717517853 -481.4109191894531
*2 0.01938147097826004 0.9975898861885071 0.0662013366818428 152.3383331298828
*1 0.9967883825302124 -0.024965256452560425 0.07621903717517853 -481.4109191894531
*2 0.01938147097826004 0.9975898861885071 0.0662013366818428 152.3383331298828
*3 -0.07771366834640503 -0.06324999034404755 0.9950202107429504 -1712.872802734375
*1 0.9986708164215088 -0.020377596840262413 0.04754987731575966 -485.35723876953125
*1 0.9986708164215088 -0.020377596840262413 0.04754987731575966 -485.35723876953125
*2 0.01776334084570408 0.9988616704940796 0.0436306893825531 153.31314086914063
*1 0.9986708164215088 -0.020377596840262413 0.04754987731575966 -485.35723876953125
*2 0.01776334084570408 0.9988616704940796 0.0436306893825531 153.31314086914063
*3 -0.048410505056381226 -0.04146362841129303 0.9980192184448242 -1724.3011474609375
*1 0.9967741370201111 -0.015472103841602802 0.07887649536132813 -486.8138427734375
*1 0.9967741370201111 -0.015472103841602802 0.07887649536132813 -486.8138427734375
*2 0.012604880146682262 0.9994450211524963 0.029910817742347717 153.1942596435547
*1 0.9967741370201111 -0.015472103841602802 0.07887649536132813 -486.8138427734375
*2 0.012604880146682262 0.9994450211524963 0.029910817742347717 153.1942596435547
*3 -0.07932979613542557 -0.027554187923669815 0.9965202808380127 -1723.08935546875
*1 0.9891368746757507 -0.00935265701264143 0.14676621556282043 -494.9550476074219
*1 0.9891368746757507 -0.00935265701264143 0.14676621556282043 -494.9550476074219
*2 0.021024279296398163 0.9963924288749695 -0.08187851309776306 154.9727325439453
*1 0.9891368746757507 -0.00935265701264143 0.14676621556282043 -494.9550476074219
*2 0.021024279296398163 0.9963924288749695 -0.08187851309776306 154.9727325439453
*3 -0.1454988718032837 0.08534439653158188 0.9857238531112671 -1746.851806640625
*1 0.9948530197143555 -0.03435501456260681 0.09542897343635559 -493.3110656738281
*1 0.9948530197143555 -0.03435501456260681 0.09542897343635559 -493.3110656738281
*2 0.028569551184773445 0.9980056285858154 0.05578986555337906 153.93240356445313
*1 0.9948530197143555 -0.03435501456260681 0.09542897343635559 -493.3110656738281
*2 0.028569551184773445 0.9980056285858154 0.05578986555337906 153.93240356445313
*3 -0.09717051684856415 -0.05151311308145523 0.9939865469932556 -1736.061767578125
*1 0.99254310131073 -0.03711312264204025 0.11619032174348831 -495.4898986816406
*1 0.99254310131073 -0.03711312264204025 0.11619032174348831 -495.4898986816406
*2 0.030665723606944084 0.9981368780136108 0.05221506208181381 154.14553833007813
*1 0.99254310131073 -0.03711312264204025 0.11619032174348831 -495.4898986816406
*2 0.030665723606944084 0.9981368780136108 0.05221506208181381 154.14553833007813
*3 -0.11792561411857605 -0.04699879512190819 0.9919624924659729 -1739.2674560546875
*1 0.9889334440231323 -0.019499067217111588 0.14713922142982483 -498.8760986328125
*1 0.9889334440231323 -0.019499067217111588 0.14713922142982483 -498.8760986328125
*2 0.01810338906943798 0.9997826218605042 0.007147796452045441 154.18605041503906
*1 0.9889334440231323 -0.019499067217111588 0.14713922142982483 -498.8760986328125
*2 0.01810338906943798 0.9997826218605042 0.007147796452045441 154.18605041503906
*3 -0.1472783237695694 -0.003136754035949707 0.9891431927680969 -1747.2139892578125
*1 0.9949843287467957 -0.011476282961666584 0.09946830570697784 -497.0550231933594
*1 0.9949843287467957 -0.011476282961666584 0.09946830570697784 -497.0550231933594
*2 0.014352882280945778 0.9993007779121399 -0.03370613232254982 151.88711547851563
*1 0.9949843287467957 -0.011476282961666584 0.09946830570697784 -497.0550231933594
*2 0.014352882280945778 0.9993007779121399 -0.03370613232254982 151.88711547851563
*3 -0.09904531389474869 0.036234743893146515 0.9944757223129272 -1732.8349609375
*1 0.9980412721633911 -0.027069607749581337 0.056571394205093384 -497.82708740234375
*1 0.9980412721633911 -0.027069607749581337 0.056571394205093384 -497.82708740234375
*2 0.023156169801950455 0.9979349970817566 0.05944427102804184 151.34957885742188
*1 0.9980412721633911 -0.027069607749581337 0.056571394205093384 -497.82708740234375
*2 0.023156169801950455 0.9979349970817566 0.05944427102804184 151.34957885742188
*3 -0.05808320641517639 -0.05675538629293442 0.9967496991157532 -1726.91650390625
*1 0.9920989871025085 -0.02524065412580967 0.12297181040048599 -502.4075622558594
*1 0.9920989871025085 -0.02524065412580967 0.12297181040048599 -502.4075622558594
*2 0.01954224891960621 0.9988573789596558 0.04296846687793732 151.15235900878906
*1 0.9920989871025085 -0.02524065412580967 0.12297181040048599 -502.4075622558594
*2 0.01954224891960621 0.9988573789596558 0.04296846687793732 151.15235900878906
*3 -0.12394426763057709 -0.0389610230922699 0.9915768504142761 -1736.1162109375
*1 0.9967893958091736 -0.026552733033895493 0.07566613703966141 -506.4888610839844
*1 0.9967893958091736 -0.026552733033895493 0.07566613703966141 -506.4888610839844
*2 0.020548464730381966 0.9971585273742676 0.07208935916423798 151.28799438476563
*1 0.9967893958091736 -0.026552733033895493 0.07566613703966141 -506.4888610839844
*2 0.020548464730381966 0.9971585273742676 0.07208935916423798 151.28799438476563
*3 -0.07738940417766571 -0.06904248148202896 0.9946601986885071 -1740.196533203125
*1 0.9960988163948059 -0.01852930150926113 0.08639022707939148 -512.9595947265625
*1 0.9960988163948059 -0.01852930150926113 0.08639022707939148 -512.9595947265625
*2 0.015824779868125916 0.9995174407958984 0.02566555142402649 151.08432006835938
*1 0.9960988163948059 -0.01852930150926113 0.08639022707939148 -512.9595947265625
*2 0.015824779868125916 0.9995174407958984 0.02566555142402649 151.08432006835938
*3 -0.08685483038425446 -0.02293185517191887 0.9960096478462219 -1745.6533203125
*1 0.9947790503501892 -0.01870107837021351 0.10042073577642441 -517.6296997070313
*1 0.9947790503501892 -0.01870107837021351 0.10042073577642441 -517.6296997070313
*2 0.018693041056394577 0.9997878670692444 -0.0043654851615428925 150.8748016357422
*1 0.9947790503501892 -0.01870107837021351 0.10042073577642441 -517.6296997070313
*2 0.018693041056394577 0.9997878670692444 -0.0043654851615428925 150.8748016357422
*3 -0.10034577548503876 0.007488805800676346 0.9949771165847778 -1744.925048828125
*1 0.9753700494766235 -0.029255175963044167 0.21867063641548157 -524.8172607421875
*1 0.9753700494766235 -0.029255175963044167 0.21867063641548157 -524.8172607421875
*2 0.026059933006763458 0.9995198249816895 0.01501346006989479 153.48294067382813
*1 0.9753700494766235 -0.029255175963044167 0.21867063641548157 -524.8172607421875
*2 0.026059933006763458 0.9995198249816895 0.01501346006989479 153.48294067382813
*3 -0.21903091669082642 -0.007677122019231319 0.975741446018219 -1765.3675537109375
*1 0.990635871887207 -0.009385921061038971 0.1362791508436203 -521.21630859375
*1 0.990635871887207 -0.009385921061038971 0.1362791508436203 -521.21630859375
*2 0.027258912101387978 0.9905935525894165 -0.13388735055923462 154.23182678222656
*1 0.990635871887207 -0.009385921061038971 0.1362791508436203 -521.21630859375
*2 0.027258912101387978 0.9905935525894165 -0.13388735055923462 154.23182678222656
*3 -0.13375985622406006 0.1376143842935562 0.9814659357070923 -1761.7158203125
*1 0.9896637797355652 -0.03524009883403778 0.1390801966190338 -514.6260986328125
*1 0.9896637797355652 -0.03524009883403778 0.1390801966190338 -514.6260986328125
*2 0.026152590289711952 0.9976552128791809 0.06280690431594849 154.35052490234375
*1 0.9896637797355652 -0.03524009883403778 0.1390801966190338 -514.6260986328125
*2 0.026152590289711952 0.9976552128791809 0.06280690431594849 154.35052490234375
*3 -0.14098849892616272 -0.05725793540477753 0.9884071350097656 -1752.2335205078125
*1 0.9869842529296875 -0.028831426054239273 0.1582731455564499 -515.3154296875
*1 0.9869842529296875 -0.028831426054239273 0.1582731455564499 -515.3154296875
*2 0.02413913421332836 0.9992861151695251 0.028090134263038635 155.24240112304688
*1 0.9869842529296875 -0.028831426054239273 0.1582731455564499 -515.3154296875
*2 0.02413913421332836 0.9992861151695251 0.028090134263038635 155.24240112304688
*3 -0.15899482369422913 -0.022637274116277695 0.9870730042457581 -1761.140380859375
*1 0.9956504702568054 -0.04319946467876434 0.08266407996416092 -505.603271484375
*1 0.9956504702568054 -0.04319946467876434 0.08266407996416092 -505.603271484375
*2 0.03768276423215866 0.9974085688591003 0.06083258241415024 153.26466369628906
*1 0.9956504702568054 -0.04319946467876434 0.08266407996416092 -505.603271484375
*2 0.03768276423215866 0.9974085688591003 0.06083258241415024 153.26466369628906
*3 -0.08508067578077316 -0.05619039013981819 0.9948410391807556 -1732.720947265625
*1 0.993330717086792 -0.016136808320879936 0.11424991488456726 -507.1274108886719
*1 0.993330717086792 -0.016136808320879936 0.11424991488456726 -507.1274108886719
*2 0.01667657680809498 0.9997969269752502 -0.008506032638251781 153.04443359375
*1 0.993330717086792 -0.016136808320879936 0.11424991488456726 -507.1274108886719
*2 0.01667657680809498 0.9997969269752502 -0.008506032638251781 153.04443359375
*3 -0.11412088572978973 0.011623726226389408 0.9934516549110413 -1742.915283203125
*1 0.9982714653015137 -0.021752260625362396 0.054773345589637756 -502.7956848144531
*1 0.9982714653015137 -0.021752260625362396 0.054773345589637756 -502.7956848144531
*2 0.021250979974865913 0.9997463226318359 -1.3695098459720612E-4 151.75718688964844
*1 0.9982714653015137 -0.021752260625362396 0.054773345589637756 -502.7956848144531
*2 0.021250979974865913 0.9997463226318359 -1.3695098459720612E-4 151.75718688964844
*3 -0.054778169840574265 0.00256938673555851 0.9985477924346924 -1734.349853515625
*1 0.997001588344574 -0.01981012150645256 0.07493072748184204 -499.2355651855469
*1 0.997001588344574 -0.01981012150645256 0.07493072748184204 -499.2355651855469
*2 0.017191598191857338 0.9994244575500488 0.02827542833983898 150.935546875
*1 0.997001588344574 -0.01981012150645256 0.07493072748184204 -499.2355651855469
*2 0.017191598191857338 0.9994244575500488 0.02827542833983898 150.935546875
*3 -0.07547598332166672 -0.025636250153183937 0.9968706965446472 -1724.4432373046875
*1 0.9973220229148865 -0.003205807413905859 0.07319577038288116 -503.3428649902344
*1 0.9973220229148865 -0.003205807413905859 0.07319577038288116 -503.3428649902344
*2 0.006716661620885134 0.9984267354011536 -0.05516550689935684 152.12684631347656
*1 0.9973220229148865 -0.003205807413905859 0.07319577038288116 -503.3428649902344
*2 0.006716661620885134 0.9984267354011536 -0.05516550689935684 152.12684631347656
*3 -0.07294511795043945 0.0567794032394886 0.9957711100578308 -1736.78466796875
*1 0.9861047267913818 -0.03460916876792908 0.16253839433193207 -511.76202392578125
*1 0.9861047267913818 -0.03460916876792908 0.16253839433193207 -511.76202392578125
*2 0.02317449077963829 0.9973576664924622 0.0684470683336258 155.00503540039063
*1 0.9861047267913818 -0.03460916876792908 0.16253839433193207 -511.76202392578125
*2 0.02317449077963829 0.9973576664924622 0.0684470683336258 155.00503540039063
*3 -0.16450420022010803 -0.0624675527215004 0.9844496846199036 -1759.3841552734375
*1 0.9727392792701721 -0.03487688675522804 0.22930538654327393 -515.1187133789063
*1 0.9727392792701721 -0.03487688675522804 0.22930538654327393 -515.1187133789063
*2 0.02386520802974701 0.9985208511352539 0.048279277980327606 155.83602905273438
*1 0.9727392792701721 -0.03487688675522804 0.22930538654327393 -515.1187133789063
*2 0.02386520802974701 0.9985208511352539 0.048279277980327606 155.83602905273438
*3 -0.23067960143089294 -0.040226005017757416 0.9722519516944885 -1764.46826171875
*1 0.9958203434944153 -0.01728515699505806 0.08978947252035141 -502.93316650390625
*1 0.9958203434944153 -0.01728515699505806 0.08978947252035141 -502.93316650390625
*2 0.014111839234828949 0.9994261860847473 0.029874224215745926 153.14955139160156
*1 0.9958203434944153 -0.01728515699505806 0.08978947252035141 -502.93316650390625
*2 0.014111839234828949 0.9994261860847473 0.029874224215745926 153.14955139160156
*3 -0.09028744697570801 -0.02721625380218029 0.9955964684486389 -1721.6815185546875
*1 0.982334554195404 -0.02495873160660267 0.18551228940486908 -510.4944763183594
*1 0.982334554195404 -0.02495873160660267 0.18551228940486908 -510.4944763183594
*2 0.024689244106411934 0.9996669292449951 8.480590768158436E-4 156.3431854248047
*1 0.982334554195404 -0.02495873160660267 0.18551228940486908 -510.4944763183594
*2 0.024689244106411934 0.9996669292449951 8.480590768158436E-4 156.3431854248047
*3 -0.18549740314483643 0.005016000010073185 0.982685387134552 -1749.8480224609375
*1 0.9946643710136414 -0.02855464443564415 0.099228635430336 -509.6804504394531
*1 0.9946643710136414 -0.02855464443564415 0.099228635430336 -509.6804504394531
*2 0.025077220052480698 0.9991855621337891 0.030716564506292343 156.8894500732422
*1 0.9946643710136414 -0.02855464443564415 0.099228635430336 -509.6804504394531
*2 0.025077220052480698 0.9991855621337891 0.030716564506292343 156.8894500732422
*3 -0.10004470497369766 -0.026798058301210403 0.994674801826477 -1748.464599609375
*1 0.9929627776145935 -0.022332703694701195 0.11638351529836655 -508.6669006347656
*1 0.9929627776145935 -0.022332703694701195 0.11638351529836655 -508.6669006347656
*2 0.021449634805321693 0.9997332096099854 0.004193512722849846 157.06907653808594
*1 0.9929627776145935 -0.022332703694701195 0.11638351529836655 -508.6669006347656
*2 0.021449634805321693 0.9997332096099854 0.004193512722849846 157.06907653808594
*3 -0.11647158861160278 -3.9910897612571716E-4 0.993246853351593 -1746.9150390625
*1 0.9914865493774414 -0.04511955380439758 0.12221939861774445 -502.4222717285156
*1 0.9914865493774414 -0.04511955380439758 0.12221939861774445 -502.4222717285156
*2 0.030124159529805183 0.9925723075866699 0.11763045936822891 154.6295928955078
*1 0.9914865493774414 -0.04511955380439758 0.12221939861774445 -502.4222717285156
*2 0.030124159529805183 0.9925723075866699 0.11763045936822891 154.6295928955078
*3 -0.1266341358423233 -0.11169463396072388 0.9856942892074585 -1728.4715576171875
*1 0.9889783263206482 -0.025976382195949554 0.1458289474248886 -508.3274841308594
*1 0.9889783263206482 -0.025976382195949554 0.1458289474248886 -508.3274841308594
*2 0.018347924575209618 0.9985657334327698 0.04973922669887543 156.98927307128906
*1 0.9889783263206482 -0.025976382195949554 0.1458289474248886 -508.3274841308594
*2 0.018347924575209618 0.9985657334327698 0.04973922669887543 156.98927307128906
*3 -0.14694318175315857 -0.045251309871673584 0.9881625175476074 -1754.78271484375
*1 0.9916235208511353 -0.0019018147140741348 0.1292213797569275 -503.43096923828125
*1 0.9916235208511353 -0.0019018147140741348 0.1292213797569275 -503.43096923828125
*2 0.011691955849528313 0.9967596530914307 -0.07923128455877304 154.87461853027344
*1 0.9916235208511353 -0.0019018147140741348 0.1292213797569275 -503.43096923828125
*2 0.011691955849528313 0.9967596530914307 -0.07923128455877304 154.87461853027344
*3 -0.12869060039520264 0.08134801685810089 0.9883958697319031 -1741.732666015625
*1 0.994834303855896 -0.029544159770011902 0.0972154438495636 -500.74017333984375
*1 0.994834303855896 -0.029544159770011902 0.0972154438495636 -500.74017333984375
*2 0.02384895831346512 0.9982410073280334 0.053761258721351624 152.61195373535156
*1 0.994834303855896 -0.029544159770011902 0.0972154438495636 -500.74017333984375
*2 0.02384895831346512 0.9982410073280334 0.053761258721351624 152.61195373535156
*3 -0.09865400195121765 -0.04990160092711449 0.993922770023346 -1737.325927734375
*1 0.9900708794593811 -0.04848690330982208 0.132013738155365 -497.116455078125
*1 0.9900708794593811 -0.04848690330982208 0.132013738155365 -497.116455078125
*2 0.027278220281004906 0.9876532554626465 0.1540815681219101 149.92025756835938
*1 0.9900708794593811 -0.04848690330982208 0.132013738155365 -497.116455078125
*2 0.027278220281004906 0.9876532554626465 0.1540815681219101 149.92025756835938
*3 -0.13787415623664856 -0.14770658314228058 0.9794278144836426 -1726.9110107421875
*1 0.9927187561988831 -0.027249829843640327 0.11741290241479874 -502.2050476074219
*1 0.9927187561988831 -0.027249829843640327 0.11741290241479874 -502.2050476074219
*2 0.021477248519659042 0.9987010359764099 0.04559600353240967 149.66986083984375
*1 0.9927187561988831 -0.027249829843640327 0.11741290241479874 -502.2050476074219
*2 0.021477248519659042 0.9987010359764099 0.04559600353240967 149.66986083984375
*3 -0.11852844059467316 -0.04147778078913689 0.9921370148658752 -1742.5260009765625
*1 0.9864686727523804 -0.031133955344557762 0.16102494299411774 -506.9856872558594
*1 0.9864686727523804 -0.031133955344557762 0.16102494299411774 -506.9856872558594
*2 0.02030855230987072 0.9976423382759094 0.0651252344250679 149.67788696289063
*1 0.9864686727523804 -0.031133955344557762 0.16102494299411774 -506.9856872558594
*2 0.02030855230987072 0.9976423382759094 0.0651252344250679 149.67788696289063
*3 -0.1627027988433838 -0.059711750596761703 0.984920084476471 -1751.1268310546875
*1 0.9968088269233704 -0.026638932526111603 0.07537390291690826 -501.39703369140625
*1 0.9968088269233704 -0.026638932526111603 0.07537390291690826 -501.39703369140625
