#
#
#
#
#
#
#
#
#
#
#
#
#
#
#
#
#
#
#
#
#
#
#
#
#
#
#
#
#
#
#
#
#
#
#
#
#
#
#
#
#
#
#
#
#
#
#
#
#
#
#
#
#
#
#
#
#
#
#
#
#
#
#
#
#
#
#
#
#
#
#
#
#
#
#
#
#
#
#
#
#
#
#
#
#
#
#
#
#
#
#
#
#
#
#
#
#
#
#
#
#
#
#
#
#
#
#
#
#
#
#
#
#
#
#
#
#
#
#
#
#
#
#
#
#
#
#
#
#
#
#
#
#
#
#
#
#
#
#
#
#
#
#
#
#
#
#
#
#
#
#
#
#
#
#
#
#
#
#
#
#
#
#
#
#
#
#
#
#
#
#
#
#
#
#
#
#
#
#
#
#
#
#
#
#
#
#
#
#
#
#
#
#
#
#
#
#
#
#
#
#
#
#
#
#
#
#
#
#
#
#
#
#
#
#
#
#
#
#
#
#
#
#
#
#
#
#
#
#
#
#
#
#
#
#
#
#
#
#
* 0.8501536250114441 -0.03090178780257702 0.5256202220916748 -252.1064453125 0.07583336532115936 0.9951010942459106 -0.0637650415301323 34.12624740600586 -0.5210502743721008 0.09390614926815033 0.8483259081840515 -1427.373779296875
* 0.9464324712753296 -0.03281135857105255 0.3212192952632904 -270.36468505859375 0.06387697905302048 0.9942657947540283 -0.08601170778274536 28.886489868164063 -0.31653347611427307 0.10175912082195282 0.9430907368659973 -1483.5654296875
* 0.9297180771827698 -0.05703715234994888 0.36381858587265015 -282.7514343261719 0.04650626331567764 0.9982085227966309 0.03820772469043732 32.367889404296875 -0.3653202950954437 -0.01876337081193924 0.9306758642196655 -1515.5640869140625
#
* 0.954027533531189 0.009916149079799652 0.2995378375053406 -300.42279052734375 0.0450153648853302 0.9833433032035828 -0.17609016597270966 40.93391036987305 -0.2963322401046753 0.1814892441034317 0.9376901388168335 -1489.093994140625
* 0.895068883895874 -0.01865169033408165 0.4455261826515198 -311.3490905761719 0.01829373650252819 0.9998192191123962 0.004994884133338928 48.53141784667969 -0.44557642936706543 0.003689020872116089 0.8952441215515137 -1511.2867431640625
* 0.8982186317443848 0.02765706181526184 0.43866637349128723 -309.14697265625 0.04386580362915993 0.9873773455619812 -0.1521836817264557 57.352256774902344 -0.43737560510635376 0.15594634413719177 0.8856620788574219 -1510.2874755859375
* 0.9045357704162598 -0.001530734822154045 0.4263831377029419 -300.1780700683594 0.05578015372157097 0.9918103814125061 -0.11488675326108932 72.15702056884766 -0.4227526783943176 0.12771327793598175 0.8972088098526001 -1497.93408203125
* 0.9024115204811096 -0.011367850005626678 0.4307135343551636 -301.49420166015625 0.048396266996860504 0.9959906935691833 -0.07522377371788025 87.13987731933594 -0.4281688928604126 0.08873799443244934 0.8993393182754517 -1525.769287109375
* 0.9176476001739502 -0.007387757301330566 0.3973137140274048 -307.429931640625 0.06564179807901382 0.9888928532600403 -0.13334335386753082 86.99278259277344 -0.39195287227630615 0.14845344424247742 0.9079365730285645 -1528.3638916015625
* 0.9034156799316406 0.0031230319291353226 0.4287426173686981 -304.7441711425781 0.0609181672334671 0.9888773560523987 -0.13567937910556793 88.99620819091797 -0.4244348406791687 0.14870357513427734 0.8931722044944763 -1511.4869384765625
* 0.9222354292869568 -0.006936869118362665 0.38655343651771545 -301.669677734375 0.06384221464395523 0.9888274073600769 -0.13469547033309937 92.65322875976563 -0.38133758306503296 0.14891022443771362 0.9123714566230774 -1521.746826171875
* 0.9174322485923767 -0.009821964427828789 0.39775803685188293 -296.8087158203125 0.05227435752749443 0.9939925074577332 -0.09614896029233932 95.95441436767578 -0.3944615423679352 0.10901319235563278 0.9124311208724976 -1523.8323974609375
* 0.9059969782829285 0.007493779994547367 0.42320576310157776 -291.8520202636719 0.06180543825030327 0.9867664575576782 -0.1499008983373642 100.74745178222656 -0.4187658727169037 0.16197669506072998 0.8935396075248718 -1515.7808837890625
* 0.9235516786575317 0.010034890845417976 0.38332903385162354 -292.09100341796875 0.04283400624990463 0.9906840920448303 -0.12926116585731506 105.22644805908203 -0.38109272718429565 0.1358090192079544 0.9145154356956482 -1531.9091796875
* 0.9309632778167725 0.013597263023257256 0.3648450970649719 -287.5694274902344 0.031991373747587204 0.9924077391624451 -0.11875049769878387 104.37769317626953 -0.36372753977775574 0.12223411351442337 0.9234583377838135 -1526.1544189453125
* 0.854065477848053 0.009591841138899326 0.5200669169425964 -275.97674560546875 0.04244917631149292 0.9952006340026855 -0.08815962076187134 92.57874298095703 -0.5184534788131714 0.09738019108772278 0.849551260471344 -1472.9520263671875
* 0.8709301352500916 -0.0045346226543188095 0.4913750886917114 -275.2651672363281 0.04475967958569527 0.9965248107910156 -0.07023637741804123 79.148193359375 -0.4893862009048462 0.08317478001117706 0.8680998682975769 -1476.08544921875
* 0.8896269798278809 -0.030283039435744286 0.45567113161087036 -279.6205749511719 0.029130466282367706 0.9995300769805908 0.009447284042835236 73.43717193603516 -0.45578068494796753 0.004879273474216461 0.8900867700576782 -1502.888671875
* 0.9082013368606567 -0.011085299775004387 0.41837388277053833 -283.7010498046875 0.05357087031006813 0.9944939017295837 -0.09005726873874664 71.66443634033203 -0.4151094853878021 0.10421331226825714 0.9037908911705017 -1520.1365966796875
* 0.9150643944740295 -0.024573009461164474 0.40254488587379456 -286.46539306640625 0.04964165389537811 0.9974074363708496 -0.052080560475587845 72.97171020507813 -0.4002590775489807 0.06765063852071762 0.9139093160629272 -1515.892333984375
* 0.9034589529037476 0.008117260411381721 0.428585022687912 -289.4729919433594 0.05439063161611557 0.9895527362823486 -0.1335112452507019 75.91719055175781 -0.42522871494293213 0.14394330978393555 0.8935743570327759 -1516.547607421875
* 0.8959288001060486 -0.014611807651817799 0.4439449906349182 -289.90130615234375 0.040047787129879 0.9980394244194031 -0.04808162525296211 86.12130737304688 -0.44240957498550415 0.06086687371134758 0.894753098487854 -1516.27392578125
* 0.9168941378593445 -0.013439652509987354 0.39889034628868103 -291.7461853027344 0.0515369214117527 0.9950411915779114 -0.0850602313876152 96.33306884765625 -0.3958067297935486 0.09855939447879791 0.9130373001098633 -1526.0177001953125
* 0.9198229312896729 0.00441344827413559 0.39229485392570496 -291.33941650390625 0.06734080612659454 0.9832978248596191 -0.1690824031829834 98.36227416992188 -0.38652634620666504 0.1819542944431305 0.9041592478752136 -1528.6790771484375
* 0.9345524907112122 -0.019310547038912773 0.35528531670570374 -289.1145324707031 0.03918744996190071 0.9980301856994629 -0.048972100019454956 101.05829620361328 -0.3536776602268219 0.059700049459934235 0.9334677457809448 -1534.4208984375
* 0.9160585403442383 -0.010427745059132576 0.40089502930641174 -281.60498046875 0.05408095195889473 0.9937296509742737 -0.09785060584545135 97.19136047363281 -0.39739859104156494 0.11132833361625671 0.9108756184577942 -1516.9080810546875
* 0.8821612000465393 0.004225694574415684 0.4709165692329407 -276.4125671386719 0.05413471907377243 0.992408812046051 -0.11041885614395142 91.82404327392578 -0.46784570813179016 0.12291046977043152 0.8752298951148987 -1493.4791259765625
* 0.8560113906860352 0.021192852407693863 0.5165112614631653 -272.0870056152344 0.06248820573091507 0.9875759482383728 -0.14417700469493866 80.90599822998047 -0.5131866335868835 0.1557031124830246 0.8440437912940979 -1475.83203125
* 0.8813759684562683 -0.013782422058284283 0.4722024202346802 -274.5232238769531 0.03499837964773178 0.9987276196479797 -0.036278314888477325 72.71448516845703 -0.47113922238349915 0.048511117696762085 0.8807317018508911 -1495.505859375
* 0.8905651569366455 0.004114956595003605 0.4548247456550598 -279.4404602050781 0.0357210710644722 0.9962282776832581 -0.07906396687030792 64.98882293701172 -0.4534722864627838 0.08666827529668808 0.8870542645454407 -1511.526123046875
* 0.8863822817802429 -0.021250780671834946 0.4624539315700531 -280.68182373046875 0.021668575704097748 0.9997549653053284 0.004303248133510351 60.78289794921875 -0.46246975660324097 0.006216073874384165 0.8866209983825684 -1500.4769287109375
* 0.9110672473907471 0.012314502149820328 0.41206029057502747 -286.8229675292969 0.024782920256257057 0.9960988163948059 -0.08468236774206161 56.93389892578125 -0.411533385515213 0.08737292885780334 0.9072045087814331 -1513.6676025390625
* 0.9230810403823853 0.02588898502290249 0.3837188184261322 -292.9639587402344 0.024482334032654762 0.9917356371879578 -0.12593354284763336 57.96370315551758 -0.3838457465171814 0.12565071880817413 0.9148159027099609 -1519.2283935546875
* 0.9226131439208984 0.009676635265350342 0.3855908215045929 -298.26458740234375 0.01527713518589735 0.9979753494262695 -0.06172551214694977 61.11754608154297 -0.38544535636901855 0.06284882128238678 0.9205952882766724 -1528.611572265625
* 0.856555700302124 0.013260891661047935 0.5158734917640686 -292.6963806152344 0.016208311542868614 0.9984793066978455 -0.052673596888780594 56.49385070800781 -0.5158248543739319 0.053488388657569885 0.8550307154655457 -1495.7825927734375
* 0.9084357619285583 0.008124644868075848 0.417932391166687 -303.50958251953125 0.015227063558995724 0.9984973073005676 -0.05262599512934685 54.893760681152344 -0.4177698791027069 0.05418049171566963 0.9069435596466064 -1536.472900390625
* 0.9269862174987793 0.005555208772420883 0.37503960728645325 -305.8675537109375 0.014687281101942062 0.9985783100128174 -0.05122413858771324 54.79581832885742 -0.3748290240764618 0.053001731634140015 0.925585150718689 -1536.059814453125
* 0.9449139833450317 0.002187799895182252 0.3272944688796997 -312.9601745605469 0.014825625345110893 0.9986569285392761 -0.04962707310914993 56.895660400390625 -0.32700151205062866 0.051755115389823914 0.9436128735542297 -1536.935791015625
* 0.8996756076812744 0.018854426220059395 0.43613868951797485 -317.0885009765625 0.034828562289476395 0.9927683472633362 -0.11487484723329544 60.80806350708008 -0.43518826365470886 0.1185498759150505 0.8925081491470337 -1508.1553955078125
* 0.9002736806869507 0.010732459835708141 0.43517908453941345 -322.9770812988281 0.048826295882463455 0.9908831119537354 -0.12555868923664093 71.14740753173828 -0.43259668350219727 0.1342955380678177 0.8915371894836426 -1492.2821044921875
* 0.894971489906311 0.02010275050997734 0.44565749168395996 -335.7303771972656 0.040209416300058365 0.9912683963775635 -0.12557263672351837 83.66077423095703 -0.44432809948921204 0.13031332194805145 0.8863434195518494 -1507.21435546875
* 0.8865880966186523 0.009546970948576927 0.46244898438453674 -343.1441955566406 0.03766775131225586 0.9949654340744019 -0.09286123514175415 92.36320495605469 -0.4610448181629181 0.0997588261961937 0.8817593455314636 -1523.0517578125
* 0.8717044591903687 0.016194213181734085 0.4897528886795044 -338.4501953125 0.031979311257600784 0.9954332709312439 -0.08993445336818695 95.77460479736328 -0.48901015520095825 0.09406765550374985 0.8671989440917969 -1502.3165283203125
* 0.8940709233283997 0.007709095254540443 0.4478467106819153 -343.7326354980469 0.03578900918364525 0.9954150915145874 -0.08869230002164841 96.59628295898438 -0.44651472568511963 0.09533494710922241 0.8896906971931458 -1529.7498779296875
* 0.868486225605011 0.017498835921287537 0.4953930974006653 -336.0694885253906 0.03205166757106781 0.9952932596206665 -0.091446153819561 93.60426330566406 -0.49469897150993347 0.09530729800462723 0.8638305068016052 -1501.853515625
* 0.8735631704330444 1.1833664029836655E-4 0.4866994321346283 -334.85589599609375 0.04185809567570686 0.9962682127952576 -0.0754726231098175 91.83221435546875 -0.4849293529987335 0.08631233870983124 0.870291531085968 -1511.64794921875
* 0.8961175084114075 -0.00879587884992361 0.4437173008918762 -339.50970458984375 0.03950096666812897 0.997408926486969 -0.060113318264484406 92.17765808105469 -0.44207635521888733 0.07140591740608215 0.8941382765769958 -1531.6947021484375
* 0.8836860656738281 -0.012532945722341537 0.46790051460266113 -337.8732604980469 0.05413295701146126 0.9956616163253784 -0.07567183673381805 91.58055877685547 -0.46495935320854187 0.09220942854881287 0.880524754524231 -1522.8287353515625
* 0.8817344307899475 0.008458789438009262 0.4716585874557495 -331.4503479003906 0.04701264947652817 0.9932742714881897 -0.10580432415008545 86.29251861572266 -0.46941855549812317 0.11547522246837616 0.8754000663757324 -1506.69384765625
* 0.8740387558937073 4.010680131614208E-4 0.48584482073783875 -329.9990234375 0.03863424062728882 0.9967676997184753 -0.07042696326971054 85.79984283447266 -0.48433995246887207 0.08033599704504013 0.8711914420127869 -1513.0465087890625
* 0.8773210644721985 0.020002413541078568 0.47947564721107483 -328.4559631347656 0.03168812021613121 0.9945248365402222 -0.09957239031791687 87.50492858886719 -0.47887951135635376 0.10256005823612213 0.8718768954277039 -1504.148193359375
* 0.8865330815315247 0.021472454071044922 0.4621550142765045 -331.9012756347656 0.04199735447764397 0.9910491704940796 -0.12671348452568054 89.70378112792969 -0.46077659726142883 0.13175469636917114 0.8776895999908447 -1509.77978515625
* 0.8726820945739746 0.026418957859277725 0.48756250739097595 -334.0865478515625 0.03597252443432808 0.9923304319381714 -0.11825742572546005 91.63412475585938 -0.48698464035987854 0.12074939906597137 0.8650311827659607 -1501.70849609375
* 0.8898417949676514 0.0260403323918581 0.455513596534729 -340.03729248046875 0.03761471062898636 0.9907697439193726 -0.13022686541080475 96.2047348022461 -0.45473766326904297 0.1330248862504959 0.8806426525115967 -1518.15673828125
* 0.8665022850036621 -0.0061304643750190735 0.4991243779659271 -338.6235656738281 0.03571353852748871 0.9981178641319275 -0.04983913153409958 97.97144317626953 -0.497916579246521 0.06102108582854271 0.8650832176208496 -1505.8243408203125
* 0.8786800503730774 0.029917709529399872 0.4764609932899475 -337.6907653808594 0.041068851947784424 0.9895827770233154 -0.13797853887081146 99.95604705810547 -0.47566285729408264 0.14081622660160065 0.868290901184082 -1508.40185546875
* 0.8753042817115784 0.022222725674510002 0.4830498993396759 -334.8451843261719 0.038373157382011414 0.9925886988639832 -0.11529900133609772 99.8937759399414 -0.4820694029331207 0.11946742981672287 0.8679574131965637 -1504.9208984375
* 0.8741255402565002 0.023667151108384132 0.48511138558387756 -332.1029052734375 0.040021345019340515 0.9918925166130066 -0.12060718238353729 97.6387710571289 -0.4840700626373291 0.12485020607709885 0.8660842776298523 -1502.4298095703125
* 0.8799367547035217 0.0038121193647384644 0.47506365180015564 -329.68878173828125 0.03156096488237381 0.9972821474075317 -0.06656453758478165 94.0600814819336 -0.4740636348724365 0.0735757127404213 0.8774187564849854 -1507.0487060546875
* 0.8821315765380859 0.010436277836561203 0.4708753526210785 -326.79034423828125 0.028213411569595337 0.9967797994613647 -0.07505086064338684 91.76683807373047 -0.4701797664165497 0.079499252140522 0.8789905309677124 -1506.6646728515625
* 0.9098669290542603 0.01028396189212799 0.4147588908672333 -328.04827880859375 0.02062205970287323 0.9973270297050476 -0.07008598744869232 92.34764099121094 -0.4144088327884674 0.07233154028654099 0.9072192907333374 -1528.477783203125
* 0.9186874032020569 0.02165481075644493 0.39437684416770935 -327.4875793457031 0.025677241384983063 0.9930943250656128 -0.11446823179721832 92.69281768798828 -0.39417001605033875 0.11529658734798431 0.9117840528488159 -1536.3330078125
* 0.9199802279472351 0.0244001355022192 0.3911900818347931 -324.18798828125 0.02396739460527897 0.9926750659942627 -0.11840777099132538 92.15042114257813 -0.39125165343284607 0.1183181181550026 0.9126535058021545 -1531.68115234375
* 0.876280665397644 0.025380868464708328 0.48112016916275024 -317.1092224121094 0.03186967223882675 0.9933587312698364 -0.11055053770542145 91.76605987548828 -0.48076823353767395 0.11221583932638168 0.869645357131958 -1506.521240234375
* 0.8912246227264404 0.015899380668997765 0.453270822763443 -317.40960693359375 0.016228031367063522 0.9976196885108948 -0.0670093297958374 94.05442810058594 -0.45329511165618896 0.06708524376153946 0.8888400793075562 -1510.5401611328125
* 0.9166027903556824 0.017481768503785133 0.39940235018730164 -323.3986511230469 0.01640653796494007 0.9965463280677795 -0.08139333873987198 96.62321472167969 -0.399483859539032 0.08116746693849564 0.9131473302841187 -1534.9451904296875
* 0.8821552395820618 0.035942442715168 0.46957314014434814 -318.80902099609375 0.023676104843616486 0.9924246668815613 -0.12054606527090073 95.89022064208984 -0.4703863561153412 0.11746706068515778 0.8746152520179749 -1505.652587890625
* 0.8826811909675598 0.021080702543258667 0.46948713064193726 -320.0705261230469 0.025768358260393143 0.9953092336654663 -0.09324236214160919 95.75200653076172 -0.4692881405353546 0.09441050887107849 0.8779914379119873 -1503.6180419921875
* 0.8824995160102844 0.027829721570014954 0.46947720646858215 -319.6293029785156 0.031785253435373306 0.9924226999282837 -0.11868167668581009 95.6221694946289 -0.4692603349685669 0.11966834962368011 0.8749216198921204 -1501.4310302734375
* 0.9046863317489624 0.026288045570254326 0.4252532720565796 -324.6669616699219 0.01785445772111416 0.994866669178009 -0.09959904849529266 98.26699829101563 -0.4257265329360962 0.09770772606134415 0.8995686769485474 -1524.40576171875
* 0.8793841600418091 0.0073463208973407745 0.47604456543922424 -320.2445983886719 0.031108811497688293 0.9968494176864624 -0.07295282185077667 97.87811279296875 -0.4751182496547699 0.07897232472896576 0.8763788342475891 -1503.1971435546875
* 0.886896550655365 0.006563466042280197 0.4619094729423523 -321.2434387207031 0.036881592124700546 0.9956914186477661 -0.08506938815116882 100.00067138671875 -0.4605153501033783 0.09249348938465118 0.8828275203704834 -1504.547607421875
* 0.9121856689453125 0.03198358044028282 0.40851348638534546 -328.55340576171875 0.02337517775595188 0.991247832775116 -0.12992265820503235 106.80006408691406 -0.4091314971446991 0.12807196378707886 0.903450608253479 -1531.8365478515625
* 0.8803673386573792 0.04029737040400505 0.4725657105445862 -327.0661926269531 0.050154998898506165 0.9828677773475647 -0.1773526668548584 110.81285858154297 -0.47165393829345703 0.1798466444015503 0.8632564544677734 -1506.816650390625
* 0.8971247673034668 0.026637181639671326 0.44096091389656067 -334.0511169433594 0.027631646022200584 0.992828905582428 -0.11630100756883621 115.9944839477539 -0.44093453884124756 0.11653033643960953 0.8899502158164978 -1520.184326171875
* 0.9302414655685425 0.011322101578116417 0.36675816774368286 -340.1049499511719 0.029282577335834503 0.9940305948257446 -0.10509209334850311 119.76412963867188 -0.3657967448234558 0.10851044952869415 0.9243550300598145 -1532.9942626953125
* 0.8690109252929688 0.010243324562907219 0.49467575550079346 -337.1769714355469 0.05070045217871666 0.9926677346229553 -0.10972131788730621 118.9412612915039 -0.49220994114875793 0.12043929845094681 0.8621124625205994 -1508.360107421875
* 0.9058554768562317 0.007614132948219776 0.42350566387176514 -337.73431396484375 0.03621577471494675 0.9947730302810669 -0.0954640805721283 118.57282257080078 -0.4220568835735321 0.10182410478591919 0.900840699672699 -1505.4019775390625
* 0.9133201837539673 0.04504948854446411 0.40472936630249023 -343.5116271972656 0.036125924438238144 0.98095703125 -0.19083157181739807 117.98764038085938 -0.405657023191452 0.18892112374305725 0.8942959904670715 -1501.591064453125
* 0.9071082472801208 0.06909128278493881 0.41517481207847595 -353.4571838378906 0.04225800931453705 0.9664683938026428 -0.2532815635204315 114.81532287597656 -0.4187908172607422 0.24730759859085083 0.8737661838531494 -1485.7108154296875
* 0.8684296607971191 0.05151326581835747 0.49311813712120056 -364.55987548828125 0.0609421581029892 0.9759337902069092 -0.20937477052211761 111.21944427490234 -0.49207356572151184 0.21188850700855255 0.8443820476531982 -1479.7025146484375
* 0.8480052351951599 0.02151813544332981 0.5295405387878418 -374.4095153808594 0.052557166665792465 0.9908233284950256 -0.12452001124620438 108.11874389648438 -0.5273977518081665 0.1334345042705536 0.8390834331512451 -1491.63916015625
* 0.8724073171615601 9.382329881191254E-5 0.48876839876174927 -380.3197021484375 0.042756013572216034 0.9961433410644531 -0.07660707831382751 108.6567611694336 -0.48692819476127625 0.08774031698703766 0.8690321445465088 -1510.012939453125
* 0.8738520741462708 -0.02110687457025051 0.48572227358818054 -375.5228576660156 0.03986028581857681 0.9988004565238953 -0.028410114347934723 108.12166595458984 -0.48457762598991394 0.04419742152094841 0.8736391663551331 -1502.0943603515625
* 0.8471812605857849 0.02636275812983513 0.5306393504142761 -368.03216552734375 0.0765596553683281 0.9822698831558228 -0.17112229764461517 105.72803497314453 -0.5257792472839355 0.18560735881328583 0.830132782459259 -1488.9566650390625
* 0.8426636457443237 0.027137652039527893 0.5377458333969116 -365.0126953125 0.07034102827310562 0.9846057891845703 -0.16000624001026154 103.38323974609375 -0.5338467955589294 0.17266707122325897 0.8277729153633118 -1485.295654296875
* 0.8720712661743164 0.008177639916539192 0.48929938673973083 -369.8265686035156 0.06430955231189728 0.9892601370811462 -0.13125154376029968 103.35760498046875 -0.4851551055908203 0.1459377110004425 0.8621722459793091 -1509.124267578125
* 0.8452285528182983 0.03745826333761215 0.5330801606178284 -365.427001953125 0.07617973536252975 0.9788884520530701 -0.18966327607631683 99.70269775390625 -0.5289673805236816 0.2009287029504776 0.8245212435722351 -1485.80810546875
* 0.8598577976226807 0.0367877334356308 0.5091955065727234 -367.5535888671875 0.06764699518680573 0.9803767204284668 -0.18515796959400177 97.735595703125 -0.5060521364212036 0.19366499781608582 0.8404874801635742 -1483.8489990234375
* 0.8762484192848206 0.021058563143014908 0.48138779401779175 -375.97412109375 0.044934287667274475 0.9911061525344849 -0.12525002658367157 97.35943603515625 -0.4797815978527069 0.13139070570468903 0.8675022721290588 -1499.9710693359375
* 0.8550829887390137 0.016518844291567802 0.5182173848152161 -380.484619140625 0.04172708839178085 0.9940472841262817 -0.1006326898932457 95.26097106933594 -0.516832172870636 0.10768261551856995 0.8492956161499023 -1496.3621826171875
* 0.8508036732673645 0.03522972762584686 0.5242910385131836 -382.32537841796875 0.0745926946401596 0.9795304536819458 -0.18695968389511108 93.70248413085938 -0.5201826095581055 0.19818426668643951 0.8307508826255798 -1486.6470947265625
* 0.8889222145080566 -0.016562633216381073 0.4577469229698181 -392.442626953125 0.035068634897470474 0.9988692402839661 -0.03206641227006912 95.83491516113281 -0.45673614740371704 0.044567085802555084 0.8884928822517395 -1503.5506591796875
* 0.8522151112556458 0.04274113103747368 0.521432638168335 -393.3421325683594 0.0613761730492115 0.9815897941589355 -0.18086501955986023 95.04978942871094 -0.5196005702018738 0.1861489862203598 0.8338930606842041 -1480.2965087890625
* 0.8183751702308655 0.012812137603759766 0.5745322704315186 -392.8432922363281 0.04678236320614815 0.9949392080307007 -0.08891019225120544 88.4662857055664 -0.5728007555007935 0.09964947402477264 0.8136234283447266 -1464.2764892578125
* 0.7876423597335815 0.02075975574553013 0.615774393081665 -387.4410095214844 0.038769956678152084 0.9957737922668457 -0.08324126154184341 75.5775375366211 -0.6149364113807678 0.08944707363843918 0.783496081829071 -1437.6708984375
* 0.7394187450408936 0.017067622393369675 0.673021674156189 -381.2630920410156 0.04584242030978203 0.9960752725601196 -0.07569792121648788 58.92182159423828 -0.6717074513435364 0.08683468401432037 0.7357190847396851 -1409.787841796875
* 0.7311660051345825 -0.012319587171077728 0.6820806860923767 -378.5548095703125 -9.201823268085718E-4 0.9998183250427246 0.01897311396896839 15.492630958557129 -0.6822260022163391 -0.014491104520857334 0.7310070395469666 -1399.533935546875
* 0.7332363128662109 -0.013557824306190014 0.6798310279846191 -378.8382873535156 0.003257049946114421 0.9998596906661987 0.01635519228875637 -4.594809055328369 -0.6799929141998291 -0.009768843650817871 0.7331628799438477 -1402.174560546875
* 0.7253949642181396 -0.023887449875473976 0.6879106760025024 -368.85626220703125 0.009115884080529213 0.9996439218521118 0.025028452277183533 -25.345029830932617 -0.6882989406585693 -0.011875135824084282 0.725339412689209 -1377.2105712890625
* 0.7209510803222656 -0.021401770412921906 0.6926479339599609 -359.35870361328125 0.0014231577515602112 0.999567449092865 0.029333116486668587 -48.908966064453125 -0.6930114030838013 -0.020152725279331207 0.7206544280052185 -1360.96484375
* 0.7422358989715576 -0.03197528049349785 0.6693677306175232 -360.8656921386719 -0.019539235159754753 0.9974074959754944 0.06923867017030716 -73.78990173339844 -0.6698822975158691 -0.06446132808923721 0.7396730780601501 -1381.7188720703125
* 0.7735459208488464 -0.027877265587449074 0.6331186294555664 -363.3042297363281 -0.034095197916030884 0.9957597851753235 0.0854252353310585 -96.93629455566406 -0.63285231590271 -0.08765807747840881 0.769303560256958 -1405.0340576171875
* 0.7763445377349854 -0.0223705917596817 0.6299033761024475 -363.7900390625 -0.039939966052770615 0.9956207871437073 0.08450640738010406 -115.68460845947266 -0.629072368144989 -0.09075606614351273 0.7720396518707275 -1413.397705078125
* 0.8251162767410278 -0.029480889439582825 0.5641841292381287 -373.39404296875 -0.032284848392009735 0.9945524334907532 0.09909903258085251 -134.28810119628906 -0.564069926738739 -0.09997433423995972 0.819661021232605 -1451.8516845703125
* 0.8918432593345642 -0.044054076075553894 0.45018279552459717 -381.6485290527344 -0.017522431910037994 0.9911472201347351 0.13159632682800293 -144.68841552734375 -0.45203328132629395 -0.1252429485321045 0.8831726312637329 -1495.6165771484375
* 0.8152367472648621 -0.021449323743581772 0.5787215828895569 -368.6033935546875 -0.02692994475364685 0.9968337416648865 0.07479721307754517 -133.46987915039063 -0.5785310864448547 -0.07655385136604309 0.8120684027671814 -1456.8482666015625
* 0.8039312362670898 -0.03242902085185051 0.5938287377357483 -355.5175476074219 -0.025649892166256905 0.9956983923912048 0.08901780843734741 -109.22909545898438 -0.5941985249519348 -0.08678706735372543 0.7996310591697693 -1410.226318359375
* 0.8511561751365662 -0.03876625373959541 0.5234693288803101 -362.9662170410156 -0.01304667629301548 0.9954059720039368 0.09483645111322403 -91.01231384277344 -0.5247791409492493 -0.08754116296768188 0.8467332124710083 -1446.6646728515625
* 0.8626855611801147 -0.04921739175915718 0.503329873085022 -360.5224914550781 -0.011911911889910698 0.9930095672607422 0.11741924285888672 -82.4210433959961 -0.5056288242340088 -0.10728241503238678 0.8560628890991211 -1448.9364013671875
* 0.8651357889175415 -0.055379293859004974 0.49846065044403076 -357.6414794921875 -0.0033715134486556053 0.9932301640510559 0.1161019429564476 -77.3918228149414 -0.5015541315078735 -0.10211510211229324 0.8590865731239319 -1443.439208984375
* 0.8212854862213135 -0.05921385809779167 0.5674271583557129 -348.7763671875 -0.014468557201325893 0.9921266436576843 0.1243886724114418 -62.32096481323242 -0.5703629851341248 -0.11035903543233871 0.8139538168907166 -1398.345458984375
* 0.7894024848937988 -0.06949487328529358 0.6099212765693665 -344.19476318359375 -0.00576520711183548 0.9926964044570923 0.12048999220132828 -33.39640808105469 -0.6138772964477539 -0.09862146526575089 0.7832256555557251 -1351.755615234375
* 0.7711791396141052 -0.038502927869558334 0.6354448795318604 -351.3333740234375 0.027881016954779625 0.9992549419403076 0.02663336507976055 -0.8844112157821655 -0.6360334753990173 -0.002812077756971121 0.7716653943061829 -1337.17822265625
* 0.780656635761261 -0.0562821626663208 0.6224126815795898 -363.91558837890625 0.03062335029244423 0.9981877207756042 0.05177418887615204 30.007165908813477 -0.6242353916168213 -0.02134695276618004 0.7809534668922424 -1347.4840087890625
* 0.8088493943214417 -0.007353944703936577 0.5879613757133484 -378.7363586425781 0.05128159373998642 0.9969878196716309 -0.058160651475191116 56.6794548034668 -0.5857997536659241 0.0772048607468605 0.8067787885665894 -1373.9444580078125
* 0.8333746194839478 0.02113274857401848 0.5522953867912292 -390.7140808105469 0.045233070850372314 0.9932980537414551 -0.10634914040565491 72.58463287353516 -0.5508789420127869 0.11362014710903168 0.8268232941627502 -1405.2047119140625
* 0.8309617638587952 0.015351059846580029 0.5561087131500244 -390.5235595703125 0.0338437519967556 0.9963645935058594 -0.07816284894943237 72.1629867553711 -0.5553244948387146 0.0837804451584816 0.8274112939834595 -1404.678955078125
* 0.8367852568626404 0.00538349524140358 0.5474956035614014 -388.7939758300781 0.021903999149799347 0.998816728591919 -0.04338845610618591 67.73686981201172 -0.547119140625 0.048308372497558594 0.8356679677963257 -1406.5706787109375
* 0.8302080035209656 -0.01533881388604641 0.5572337508201599 -386.3189392089844 0.03833606839179993 0.9988217353820801 -0.029709409922361374 64.07393646240234 -0.5561590194702148 0.04603707417845726 0.829808235168457 -1408.47119140625
* 0.8278621435165405 -0.014605244621634483 0.5607326030731201 -381.12847900390625 0.03516165167093277 0.9990425109863281 -0.025977933779358864 59.67238998413086 -0.5598538517951965 0.041232265532016754 0.827573299407959 -1397.459228515625
* 0.8227195739746094 -0.025887638330459595 0.5678489208221436 -380.4190368652344 0.027962563559412956 0.9995951652526855 0.004971178248524666 57.6713752746582 -0.5677853226661682 0.011798480525612831 0.8231006264686584 -1399.1663818359375
* 0.8295748829841614 0.00501609593629837 0.5583640933036804 -384.1317138671875 0.03729967772960663 0.9972213506698608 -0.06446325778961182 59.81338882446289 -0.5571736097335815 0.07431343197822571 0.8270726799964905 -1404.1346435546875
* 0.8568798303604126 0.011173060163855553 0.5153855085372925 -393.01165771484375 0.03173162788152695 0.996717631816864 -0.07445982843637466 60.99048614501953 -0.5145639181137085 0.0801665335893631 0.8537045121192932 -1412.748779296875
* 0.8601807951927185 0.02135551907122135 0.5095321536064148 -398.6929931640625 0.03577851876616478 0.9941227436065674 -0.10216225683689117 61.011070251464844 -0.508757472038269 0.10611765831708908 0.8543530702590942 -1402.718505859375
* 0.8466256260871887 0.008092613890767097 0.5321181416511536 -405.9161071777344 0.04506641998887062 0.9951931834220886 -0.08693008124828339 61.81925582885742 -0.5303016901016235 0.09758764505386353 0.8421822786331177 -1402.687744140625
* 0.8349292278289795 -0.004712672904133797 0.5503281950950623 -412.6401672363281 0.0359979085624218 0.998284101486206 -0.04615447670221329 64.93415832519531 -0.5492041707038879 0.05835612118244171 0.8336567282676697 -1413.70849609375
* 0.8129529356956482 -0.01496461033821106 0.5821285843849182 -410.20123291015625 0.038429584354162216 0.9988654255867004 -0.02807421237230301 67.50946807861328 -0.5810854434967041 0.04520391672849655 0.8125948905944824 -1404.454345703125
* 0.8328830003738403 -0.03451693803071976 0.5523627400398254 -410.87969970703125 0.023755179718136787 0.9993640184402466 0.026541801169514656 71.155517578125 -0.5529654622077942 -0.008974790573120117 0.8331642746925354 -1413.262939453125
* 0.8309462070465088 0.009320911951363087 0.5562657713890076 -407.7525939941406 0.03403608873486519 0.9971277117729187 -0.06763902306556702 74.78450775146484 -0.5553362369537354 0.07514692097902298 0.8282323479652405 -1403.979248046875
* 0.8476819396018982 0.03303182125091553 0.5294660925865173 -412.9563293457031 0.04164481535553932 0.9908227920532227 -0.12858089804649353 79.94744873046875 -0.5288922190666199 0.13105446100234985 0.8385177254676819 -1407.2935791015625
* 0.8511101603507996 0.030224338173866272 0.5241069793701172 -420.01397705078125 0.03282134607434273 0.9933130145072937 -0.11067546904087067 84.80081176757813 -0.5239854454994202 0.11140801757574081 0.844417929649353 -1404.298828125
* 0.8250609040260315 0.022335577756166458 0.5645934343338013 -425.4181213378906 0.040068984031677246 0.994379997253418 -0.09797915071249008 88.30399322509766 -0.5636464357376099 0.10347075760364532 0.8195185661315918 -1401.908447265625
* 0.812597393989563 0.015301601029932499 0.5826159715652466 -426.23846435546875 0.047438014298677444 0.9945927262306213 -0.09236931800842285 87.3151626586914 -0.5809162855148315 0.10270676761865616 0.8074662685394287 -1394.638427734375
* 0.8144552707672119 0.010630118660628796 0.5801203846931458 -427.4950256347656 0.037698473781347275 0.9967426061630249 -0.07127516716718674 86.07658386230469 -0.5790258049964905 0.07992951571941376 0.8113905191421509 -1398.8109130859375
* 0.798801839351654 0.0254097580909729 0.6010491251945496 -425.7893371582031 0.04675645753741264 0.9934530854225159 -0.10422024875879288 85.48170471191406 -0.5997993350028992 0.11136353015899658 0.7923717498779297 -1395.634033203125
* 0.8002864122390747 0.02673484943807125 0.5990133285522461 -425.7766418457031 0.033457137644290924 0.9954493641853333 -0.08920906484127045 84.67556762695313 -0.5987095832824707 0.09144304692745209 0.7957380414009094 -1401.1346435546875
* 0.7963860034942627 0.024442782625555992 0.604286253452301 -421.9018249511719 0.04075460880994797 0.9947336316108704 -0.09402726590633392 83.7061767578125 -0.6034391522407532 0.09951861947774887 0.7911834716796875 -1394.4913330078125
* 0.829656720161438 0.0067711081355810165 0.5582237839698792 -423.1555480957031 0.034899406135082245 0.9973345398902893 -0.06405404210090637 82.15579986572266 -0.5572072863578796 0.0726340189576149 0.8271991014480591 -1402.374267578125
* 0.8146713376045227 0.014637105166912079 0.5797296762466431 -421.4584655761719 0.034406427294015884 0.9966926574707031 -0.07359898835420609 80.29985046386719 -0.5789270401000977 0.07991466671228409 0.8114623427391052 -1398.3455810546875
* 0.7860186696052551 0.035302743315696716 0.6171859502792358 -417.76861572265625 0.04009260609745979 0.9933451414108276 -0.10795809328556061 75.61402130126953 -0.6169267296791077 0.10961052030324936 0.7793593406677246 -1387.5301513671875
* 0.8133115768432617 0.008437154814600945 0.5817586779594421 -416.7549133300781 0.020536666736006737 0.9988503456115723 -0.0432809554040432 70.78556060791016 -0.5814924836158752 0.04715735465288162 0.8121925592422485 -1381.2506103515625
* 0.7890869379043579 0.0247703418135643 0.6137738227844238 -423.2099914550781 0.0343233160674572 0.9958394169807434 -0.0843963474035263 69.85611724853516 -0.6133475303649902 0.08767179399728775 0.7849410772323608 -1392.8812255859375
* 0.8124348521232605 0.014589231461286545 0.5828609466552734 -426.7781066894531 0.028118224814534187 0.997536301612854 -0.06424595415592194 70.76509857177734 -0.5823995471000671 0.06859380006790161 0.81001216173172 -1396.6351318359375
* 0.785024106502533 0.02378334105014801 0.6190004944801331 -426.0059814453125 0.043652214109897614 0.9946456551551819 -0.0936557948589325 71.47468566894531 -0.6179502606391907 0.10055200755596161 0.7797697186470032 -1389.0360107421875
* 0.7989804744720459 0.008725306019186974 0.6012853384017944 -424.7550964355469 0.04412512481212616 0.9963411688804626 -0.07317230105400085 71.73822784423828 -0.5997607111930847 0.08500458300113678 0.7956603169441223 -1387.48974609375
* 0.7963771224021912 0.020530885085463524 0.604443371295929 -426.625 0.029441174119710922 0.9969152808189392 -0.07273261994123459 72.74267578125 -0.6041091084480286 0.07572712749242783 0.7933042049407959 -1397.5546875
* 0.8010773062705994 0.01685551181435585 0.5983150005340576 -426.37158203125 0.03615526482462883 0.996407687664032 -0.07656009495258331 74.12897491455078 -0.5974931716918945 0.08297202736139297 0.7975785732269287 -1396.073486328125
* 0.8079738616943359 0.01538185402750969 0.5890089273452759 -427.760009765625 0.03328995779156685 0.9968631863594055 -0.07178150862455368 74.47217559814453 -0.5883026719093323 0.07761488854885101 0.8049161434173584 -1396.61572265625
* 0.7945248484611511 0.023269161581993103 0.6067773103713989 -428.9971008300781 0.027608145028352737 0.9968404173851013 -0.07445882260799408 74.05783081054688 -0.6066297292709351 0.07592029124498367 0.7913599610328674 -1399.177490234375
* 0.8223122358322144 0.01349733117967844 0.568867564201355 -428.66864013671875 0.027655743062496185 0.9975822567939758 -0.0637323409318924 74.67578125 -0.568389892578125 0.06814949214458466 0.8199405670166016 -1400.2344970703125
* 0.8075087666511536 0.0075618671253323555 0.5897984504699707 -426.44622802734375 0.0289018452167511 0.998203694820404 -0.05245129019021988 74.0331802368164 -0.5891728401184082 0.05941040441393852 0.8058285117149353 -1395.736328125
* 0.8127982020378113 0.009168760851025581 0.5824643969535828 -427.1049499511719 0.022435197606682777 0.9986362457275391 -0.04711095988750458 73.57282257080078 -0.5821393132209778 0.05136851221323013 0.8114732503890991 -1397.687255859375
* 0.7962614893913269 0.006807667203247547 0.6049058437347412 -426.45550537109375 0.025294369086623192 0.9986824989318848 -0.04461609572172165 73.5765380859375 -0.6044496893882751 0.050835981965065 0.7950283288955688 -1392.0191650390625
* 0.8100355863571167 0.003539539873600006 0.5863612294197083 -428.6888122558594 0.025189265608787537 0.998843789100647 -0.04091088846325874 74.38650512695313 -0.5858654379844666 0.04791856184601784 0.8089989423751831 -1396.7728271484375
* 0.8053482174873352 0.007882647216320038 0.5927408933639526 -427.9197692871094 0.028710374608635902 0.9982137680053711 -0.0523657351732254 74.54267120361328 -0.5921321511268616 0.059199731796979904 0.8036720752716064 -1394.3809814453125
* 0.781430721282959 0.0030253706499934196 0.6239764094352722 -424.92584228515625 0.01788175478577614 0.9994654059410095 -0.02731834538280964 74.37944030761719 -0.6237624287605286 0.032514285296201706 0.7809463739395142 -1385.6351318359375
* 0.7971600294113159 0.021179363131523132 0.6033879518508911 -428.5863952636719 0.03237712383270264 0.9964392781257629 -0.07783151417970657 75.14027404785156 -0.6029249429702759 0.08158920705318451 0.7936238050460815 -1397.904541015625
* 0.7812145948410034 0.02297903038561344 0.6238312721252441 -425.6549072265625 0.032720644026994705 0.9964337944984436 -0.07775793969631195 75.46329498291016 -0.6234301328659058 0.08116678893566132 0.7776637673377991 -1388.265380859375
* 0.7914188504219055 0.0325811430811882 0.6103968620300293 -428.0460205078125 0.034828800708055496 0.9945434331893921 -0.09832362085580826 76.5639419555664 -0.6103066205978394 0.09908342361450195 0.7859532237052917 -1396.022216796875
* 0.8022572994232178 0.015930036082863808 0.596757173538208 -428.97381591796875 0.03303391486406326 0.9969203472137451 -0.07110355794429779 78.40174865722656 -0.596089243888855 0.0767657682299614 0.7992488741874695 -1398.6646728515625
* 0.7920161485671997 0.02442650869488716 0.6100029349327087 -427.9516906738281 0.029018329456448555 0.9965558648109436 -0.07766234874725342 78.18022918701172 -0.6098360419273376 0.07922002673149109 0.788567304611206 -1395.7955322265625
* 0.7906720042228699 0.021004443988204002 0.6118712425231934 -428.19329833984375 0.027752472087740898 0.9971473217010498 -0.07017248868942261 77.45416259765625 -0.6116366982460022 0.07247333228588104 0.7878212332725525 -1396.756591796875
* 0.7909123301506042 0.010764208622276783 0.611826479434967 -424.5135192871094 0.02503911405801773 0.9984331727027893 -0.05001416802406311 76.20240020751953 -0.6114431619644165 0.05488553270697594 0.7893915176391602 -1383.97509765625
* 0.8212023973464966 0.020712973549962044 0.5702520608901978 -427.25189208984375 0.028013696894049644 0.9966647028923035 -0.07662877440452576 77.16656494140625 -0.5699747204780579 0.0789116695523262 0.8178727626800537 -1390.6329345703125
* 0.8179965019226074 0.019393760710954666 0.5748873949050903 -431.4427185058594 0.018420295789837837 0.9980292320251465 -0.059963375329971313 78.32520294189453 -0.5749548077583313 0.059648286551237106 0.8160166144371033 -1402.723388671875
* 0.8264728784561157 0.018366483971476555 0.5626680254936218 -430.438232421875 0.030041558668017387 0.9965968132019043 -0.07674401998519897 78.45073699951172 -0.562200129032135 0.08033943176269531 0.8230981826782227 -1400.7030029296875
