#
#
#
#
#
#
#
#
#
#
#
#
#
#
#
#
#
#
#
#
#
#
#
#
#
#
#
#
#
#
#
#
#
#
#
#
#
#
#
#
#
#
#
#
#
#
#
#
#
#
#
#
#
#
#
#
#
#
#
#
#
#
#
#
#
#
#
#
#
#
#
#
#
#
#
#
#
#
#
#
#
#
#
#
#
#
#
#
#
#
#
#
#
#
#
#
#
#
#
#
#
#
#
#
#
#
#
#
#
#
#
#
#
#
#
#
#
#
#
#
#
#
#
#
#
#
#
#
#
#
#
#
#
#
#
#
#
#
#
#
#
#
#
#
#
#
#
#
#
#
#
#
#
#
#
#
#
#
#
#
#
#
#
#
#
#
#
#
#
#
#
#
#
#
#
#
#
#
#
#
#
#
#
#
#
#
#
#
#
#
#
#
#
#
#
#
#
#
#
#
#
#
#
#
#
#
#
#
#
#
#
#
#
#
#
#
#
#
#
#
#
#
#
#
#
#
#
#
#
#
#
#
#
#
#
#
#
#
#
#
#
#
#
#
#
#
#
#
#
#
#
#
#
#
#
#
#
#
#
#
#
#
#
#
#
#
#
#
#
#
#
#
#
#
#
#
#
#
#
#
#
#
#
#
#
#
#
#
#
#
#
#
#
#
#
#
#
#
#
#
#
#
#
#
#
#
#
#
#
#
#
#
#
#
#
#
#
#
#
#
#
#
#
#
#
#
#
#
#
#
#
#
#
#
#
#
#
#
#
#
#
#
#
#
#
#
#
#
#
#
#
#
#
#
#
#
#
#
#
#
#
#
#
#
#
#
#
#
#
#
#
#
#
#
#
#
#
#
#
#
#
#
#
#
#
#
#
#
#
#
#
#
#
#
#
#
#
#
#
#
#
#
#
#
#
#
#
#
#
#
#
#
#
#
#
#
#
#
#
#
#
#
#
#
#
#
#
#
#
#
#
#
#
#
#
#
#
#
#
#
#
#
#
#
#
#
#
#
#
#
#
#
#
#
#
#
#
#
#
#
#
#
#
#
#
#
#
#
#
#
#
#
#
#
#
#
#
#
#
#
#
#
#
#
#
#
#
#
#
#
#
#
#
#
#
#
#
#
#
#
#
#
#
#
#
#
#
#
#
#
#
#
#
#
#
#
#
#
#
#
#
#
#
#
#
#
#
#
#
#
#
#
#
#
#
#
#
#
#
#
#
#
#
#
#
#
#
#
#
#
#
#
#
#
#
#
#
#
#
#
#
#
#
#
#
#
#
#
#
#
#
#
#
#
#
#
#
#
#
#
#
#
#
#
#
#
#
#
#
#
#
#
#
#
#
#
#
#
#
#
#
#
#
#
#
#
#
#
#
#
#
#
#
#
#
#
#
#
#
#
#
#
#
#
#
#
#
#
#
#
#
#
#
#
#
#
#
#
#
#
#
#
#
#
#
#
#
#
#
#
#
#
#
#
#
#
#
#
#
#
#
#
#
#
#
#
#
#
#
#
#
#
#
#
#
#
#
#
#
#
#
#
#
#
#
#
#
#
#
#
#
#
#
#
#
#
#
#
#
#
#
#
#
#
#
#
#
#
#
#
#
#
#
#
#
#
#
#
#
#
#
#
#
#
#
#
#
#
#
#
#
#
#
#
#
#
#
#
#
#
#
#
#
#
#
#
#
#
#
#
#
#
#
#
#
#
#
#
#
#
#
#
#
#
#
#
#
#
#
#
#
#
#
#
#
#
#
#
#
#
#
#
#
#
#
#
#
#
#
#
#
#
#
#
#
#
#
#
#
#
#
#
#
#
#
#
#
#
#
#
#
#
#
#
#
#
#
#
#
#
#
#
#
#
#
#
#
#
#
#
#
#
#
#
#
#
#
#
#
#
#
#
#
#
#
#
#
#
#
#
#
#
#
#
#
#
#
#
#
#
#
#
#
#
#
#
#
#
#
#
#
#
#
#
#
#
#
#
#
#
#
#
#
#
#
#
#
#
#
#
#
#
#
#
#
#
#
#
#
#
#
#
#
#
#
#
#
#
#
#
#
#
#
#
#
#
#
#
#
#
#
#
#
#
#
#
#
#
#
#
#
#
#
#
#
#
#
#
#
#
#
#
#
#
#
#
#
#
#
#
#
#
#
#
#
#
#
#
#
#
#
#
#
#
#
#
#
#
#
#
#
#
#
#
#
#
#
#
#
#
#
#
#
#
#
#
#
#
#
#
#
#
#
#
#
#
#
#
#
#
#
#
#
#
#
#
#
#
#
#
#
#
#
#
#
#
#
#
#
#
#
#
#
#
#
#
#
#
#
#
#
#
#
#
#
#
#
#
#
#
#
#
#
#
#
#
#
#
#
#
#
#
#
#
#
#
#
#
#
#
#
#
#
#
#
#
#
#
#
#
#
#
#
#
#
#
#
#
#
#
#
#
#
#
#
#
#
#
#
#
#
#
#
#
#
#
#
#
#
#
#
#
#
#
#
#
#
#
#
#
#
#
#
#
#
#
#
#
#
#
#
#
#
#
#
#
#
#
#
#
#
#
#
#
#
#
#
#
#
#
#
#
#
#
#
#
#
#
#
#
#
#
#
#
#
#
#
#
#
#
#
#
#
#
#
#
#
#
#
#
#
#
#
#
#
#
#
#
#
#
#
#
#
#
#
#
#
#
#
#
#
#
#
#
#
#
#
#
#
#
#
#
#
#
#
#
#
#
#
#
#
#
#
#
#
#
#
#
#
#
#
#
#
#
#
#
#
#
#
#
#
#
#
#
#
#
#
#
#
#
#
#
#
#
#
#
#
#
#
#
#
#
#
#
#
#
#
#
#
#
#
#
#
#
#
#
#
#
#
#
#
#
#
#
#
#
#
#
#
#
#
#
#
#
#
#
#
#
#
#
#
#
#
#
#
#
#
#
#
#
#
#
#
#
#
#
#
#
#
#
#
#
#
#
#
#
#
#
#
#
#
#
#
#
#
#
#
#
#
#
#
#
#
#
#
#
#
#
#
#
#
#
#
#
#
#
#
#
#
#
#
#
#
#
#
#
#
#
#
#
#
#
#
#
#
#
#
#
#
#
#
#
#
#
#
#
#
#
#
#
#
#
#
#
#
#
#
#
#
#
#
#
#
#
#
#
#
#
#
#
#
* 0.9995326995849609 0.002052177209407091 -0.030507277697324753 -100.74307250976563 -6.131771369837224E-4 0.9988601803779602 0.047718774527311325 -82.90308380126953 0.03057449497282505 -0.04767599329352379 0.9983943700790405 -415.7126770019531
* 0.9964798092842102 -0.00460901390761137 -0.08370847254991531 -88.15690612792969 0.005823031533509493 0.9998775124549866 0.014489429071545601 -79.51384735107422 0.08363549411296844 -0.014924128539860249 0.9963842034339905 -411.5495300292969
* 0.9965047240257263 -0.0024603763595223427 -0.08350206166505814 -77.59207916259766 0.00281010614708066 0.9999862313270569 0.0042965589091181755 -77.19488525390625 0.0834943875670433 -0.004514460917562246 0.9964975714683533 -410.6997375488281
* 0.9970518946647644 0.0013371475506573915 -0.07672036439180374 -69.86681365966797 6.057103164494038E-4 0.9996730089187622 0.02554013393819332 -74.4755859375 0.07673348486423492 -0.025509560480713844 0.9967247843742371 -412.3916320800781
* 0.9977256059646606 0.005370727740228176 -0.06719361990690231 -65.16344451904297 -0.0028214287012815475 0.9992634057998657 0.03825635090470314 -72.6090087890625 0.06735363602638245 -0.03797799348831177 0.9970055818557739 -412.8060302734375
* 0.9983951449394226 4.666636523324996E-4 -0.05663011595606804 -63.210205078125 0.0018396310042589903 0.9991568922996521 0.04099911451339722 -71.77728271484375 0.056605562567710876 -0.0410357266664505 0.9975523948669434 -413.4888610839844
* 0.9981735944747925 0.003073106985539198 -0.06033274531364441 -63.50919723510742 -3.533046765369363E-5 0.9987185597419739 0.05059835687279701 -70.37287902832031 0.06041496619582176 -0.05050203949213028 0.9968944787979126 -412.6607360839844
#
#
#
#
* 0.9992915987968445 0.010961991734802723 -0.03598450869321823 -79.15474700927734 -0.010234761983156204 0.9997240900993347 0.021164482459425926 -57.9210090637207 0.03620734438300133 -0.020780403167009354 0.9991281628608704 -412.9097900390625
* 0.9989371299743652 0.009731429629027843 -0.04504029452800751 -80.9926528930664 -0.00914746429771185 0.9998630881309509 0.013820666819810867 -49.25709915161133 0.04516938328742981 -0.013393180444836617 0.9988895058631897 -412.0133972167969
* 0.997832179069519 0.00669122114777565 -0.0654582679271698 -81.567138671875 -0.00649548415094614 0.9999726414680481 0.0036633149720728397 -40.0792350769043 0.0654817521572113 -0.0032294043339788914 0.9978485107421875 -410.9068298339844
* 0.9978273510932922 -0.004501515068113804 -0.06571844220161438 -82.12454223632813 0.007879451848566532 0.9986324310302734 0.05169251188635826 -32.86915969848633 0.06539664417505264 -0.05209726095199585 0.9964984059333801 -409.4087829589844
* 0.997326672077179 0.007135061081498861 -0.07271306216716766 -83.25371551513672 -0.007301156874746084 0.9999725222587585 -0.0016038584290072322 -29.741329193115234 0.0727003887295723 0.0021312469616532326 0.9973514676094055 -407.6666259765625
* 0.996285080909729 0.0072769783437252045 -0.08580004423856735 -84.4882583618164 -0.007380117662250996 0.9999731183052063 -5.336153553798795E-4 -28.10790252685547 0.08579462766647339 0.001165633788332343 0.9963120818138123 -404.8807373046875
* 0.996776819229126 0.0050307647325098515 -0.0800570547580719 -86.709228515625 -0.005440886132419109 0.9999755024909973 -0.0045286682434380054 -26.961183547973633 0.0800330713391304 0.004950425587594509 0.9967798590660095 -407.00970458984375
* 0.9980677962303162 0.002685768064111471 -0.06206494942307472 -87.69218444824219 -8.772378205321729E-4 0.9995609521865845 0.029633890837430954 -24.253536224365234 0.0621180459856987 -0.02952142246067524 0.9976320266723633 -407.1542053222656
* 0.9968061447143555 0.007100070361047983 -0.07953345030546188 -87.47119140625 -0.005500826518982649 0.9997713565826416 0.02068774215877056 -19.966583251953125 0.07966291159391403 -0.02018340304493904 0.9966174364089966 -406.316162109375
* 0.9953914284706116 0.011328928172588348 -0.09521529078483582 -86.13552856445313 -0.012685306370258331 0.9998311400413513 -0.01333463005721569 -16.266145706176758 0.09504890441894531 0.014481786638498306 0.9953672289848328 -404.8204650878906
* 0.9961856603622437 0.007194312755018473 -0.08695287257432938 -84.28516387939453 -0.006674691569060087 0.9999564290046692 0.006612021941691637 -14.639220237731934 0.08699741214513779 -0.006005650386214256 0.9961903691291809 -404.07232666015625
* 0.9956189393997192 0.003884147386997938 -0.09341412782669067 -82.8895492553711 -0.001713925157673657 0.99972003698349 0.023624222725629807 -14.196905136108398 0.09348050504922867 -0.02335985191166401 0.9953469634056091 -404.9397277832031
* 0.997424304485321 0.008577176369726658 -0.07119964808225632 -81.91011047363281 -0.007705861236900091 0.9998872876167297 0.012926837429404259 -14.248409271240234 0.07130327075719833 -0.012344115413725376 0.9973782300949097 -406.0349426269531
* 0.9963401556015015 0.010340879671275616 -0.08483851701021194 -82.1487045288086 -0.008177699521183968 0.9996247887611389 0.026160631328821182 -14.151995658874512 0.08507800102233887 -0.025370337069034576 0.9960511326789856 -405.48895263671875
* 0.9963756203651428 0.01465674676001072 -0.08378003537654877 -84.21551513671875 -0.014748861081898212 0.9998916387557983 -1.2009532656520605E-4 -13.047276496887207 0.08376999944448471 0.0013560967054218054 0.9964840412139893 -406.1478576660156
* 0.9967424273490906 0.013723408803343773 -0.07946322858333588 -87.97742462158203 -0.012174999341368675 0.9997199177742004 0.020316563546657562 -9.392127990722656 0.07972057908773422 -0.019282151013612747 0.9966306090354919 -405.9542541503906
* 0.9965944290161133 0.00844127032905817 -0.08201432973146439 -92.98739624023438 -0.00599822960793972 0.9995215535163879 0.03035612590610981 -6.669632434844971 0.08223213255405426 -0.029760051518678665 0.9961686134338379 -405.6728820800781
* 0.9960836172103882 0.00947454385459423 -0.08789641410112381 -98.03207397460938 -0.007717820815742016 0.9997574090957642 0.020647747442126274 -5.700224876403809 0.08807151764631271 -0.01988775096833706 0.995915412902832 -405.7164306640625
* 0.9972439408302307 0.012241250835359097 -0.07316310703754425 -102.22322082519531 -0.01218386273831129 0.9999248385429382 0.0016435871366411448 -5.312338352203369 0.07317851483821869 -7.468708208762109E-4 0.9973183274269104 -405.7817077636719
* 0.9971562623977661 0.0034865690395236015 -0.07526927441358566 -105.0312728881836 -0.0013778072316199541 0.9995946884155273 0.02845079079270363 -4.239112854003906 0.07533874362707138 -0.028265414759516716 0.9967570900917053 -405.15765380859375
* 0.997890055179596 0.003955591935664415 -0.06479253619909286 -106.50985717773438 -0.0031734644435346127 0.999915599822998 0.012635761871933937 -3.765981674194336 0.06483782082796097 -0.012402717024087906 0.9978185892105103 -405.6533508300781
* 0.9973052144050598 0.006168039981275797 -0.07309223711490631 -105.85260009765625 -0.004690270405262709 0.9997734427452087 0.02078474871814251 -3.4592597484588623 0.0732046514749527 -0.020385144278407097 0.9971084594726563 -404.7595520019531
* 0.9977747201919556 0.011088022962212563 -0.06573420763015747 -105.37020111083984 -0.011317893862724304 0.9999328255653381 -0.002665963489562273 -2.502926826477051 0.06570098549127579 0.0034047828521579504 0.9978334307670593 -406.3449401855469
* 0.9978905916213989 0.010141368955373764 -0.06410938501358032 -105.52490997314453 -0.011064145714044571 0.9998469352722168 -0.013583035208284855 -1.8446694612503052 0.06396257132291794 0.014264478348195553 0.9978501796722412 -406.5950622558594
* 0.9981445074081421 0.004496110137552023 -0.06070970371365547 -105.9690170288086 -0.002305249683558941 0.9993274807929993 0.03660586476325989 -0.7405796647071838 0.060834214091300964 -0.03639722988009453 0.9974838495254517 -406.1687316894531
* 0.9972383975982666 0.01364063285291195 -0.0729920044541359 -106.65353393554688 -0.014744078740477562 0.999791145324707 -0.014184661209583282 0.8269217610359192 0.07278402149677277 0.015222467482089996 0.9972313642501831 -406.0560302734375
* 0.9973676204681396 0.0178145132958889 -0.07027732580900192 -106.31854248046875 -0.018809877336025238 0.9997378587722778 -0.013095639646053314 2.7060041427612305 0.07002634555101395 0.014383876696228981 0.9974411725997925 -405.3574523925781
* 0.9973676800727844 0.017558734863996506 -0.07034122198820114 -105.77181243896484 -0.019773440435528755 0.999340295791626 -0.030480585992336273 2.2931673526763916 0.06976034492254257 0.0317920446395874 0.997056782245636 -405.3306884765625
* 0.995192289352417 0.011861906386911869 -0.09721168130636215 -104.43370819091797 -0.010405045002698898 0.9998217821121216 0.01579023152589798 1.4756414890289307 0.09738238900899887 -0.01470201276242733 0.9951382279396057 -402.9138488769531
* 0.9966799020767212 0.011317004449665546 -0.08062079548835754 -104.1866683959961 -0.010912925936281681 0.9999241232872009 0.005825668107718229 0.8535308241844177 0.08068133145570755 -0.004925707820802927 0.9967275857925415 -404.2208251953125
* 0.9960722923278809 0.01144079864025116 -0.0877930149435997 -103.96884155273438 -0.011319573037326336 0.9999341368675232 0.002223070478066802 0.0922139510512352 0.08781339973211288 -0.0012197496835142374 0.9961360096931458 -404.39813232421875
* 0.9969193935394287 0.015006986446678638 -0.0769745334982872 -104.26238250732422 -0.015204220078885555 0.9998838305473328 -0.001583691337145865 -1.4038952589035034 0.0769425630569458 0.0027499618008732796 0.997031569480896 -404.8460998535156
* 0.997222363948822 0.012302868999540806 -0.07344940304756165 -104.71546936035156 -0.011729256249964237 0.9998944997787476 0.008647340349853039 -2.8075332641601563 0.07354877144098282 -0.007761000189930201 0.9972612261772156 -405.7247619628906
* 0.9972279071807861 0.01369013823568821 -0.07312823832035065 -104.4924545288086 -0.013166433200240135 0.9998815655708313 0.008051999844610691 -2.3315553665161133 0.07323052734136581 -0.007066033314913511 0.997289776802063 -405.77069091796875
* 0.997694194316864 0.006991080939769745 -0.06749768555164337 -103.64605712890625 -0.0050032236613333225 0.9995374083518982 0.030021730810403824 -1.8187487125396729 0.0676770806312561 -0.029613999649882317 0.997267484664917 -406.2854919433594
* 0.9975016117095947 0.009911663830280304 -0.06993314623832703 -102.19599151611328 -0.009314026683568954 0.9999140501022339 0.009299089200794697 -3.1022567749023438 0.07002002000808716 -0.008623690344393253 0.9975081086158752 -404.7984313964844
* 0.9967936277389526 0.010118596255779266 -0.07936255633831024 -102.37877655029297 -0.008717929944396019 0.9997941851615906 0.01835603639483452 -4.159318923950195 0.0795326679944992 -0.017604494467377663 0.9966766238212585 -405.0726623535156
* 0.9973406195640564 0.011120994575321674 -0.07201666384935379 -102.81721496582031 -0.011110161431133747 0.9999384880065918 9.711028542369604E-4 -4.693368911743164 0.07202374190092087 -1.6759138088673353E-4 0.9974027276039124 -406.0450134277344
* 0.9974278807640076 0.007035363465547562 -0.07132022082805634 -102.51363372802734 -0.005634240340441465 0.9997797608375549 0.020251242443919182 -3.6423113346099854 0.0714477077126503 -0.01979650929570198 0.9972476959228516 -406.2062072753906
* 0.9969357848167419 0.01564907468855381 -0.076633021235466 -101.01729583740234 -0.014896186999976635 0.9998316168785095 0.010780753567814827 -2.1683290004730225 0.07678955048322678 -0.009605364874005318 0.9970009326934814 -405.3695983886719
* 0.9958977699279785 0.01619352586567402 -0.0890156477689743 -98.58189392089844 -0.016652127727866173 0.999853789806366 -0.004070989787578583 -0.8294132947921753 0.0889374315738678 0.00553740793839097 0.9960217475891113 -404.29010009765625
* 0.9947075247764587 0.017263932153582573 -0.10127853602170944 -95.8344955444336 -0.01612321101129055 0.9997942447662354 0.012370098382234573 -0.8336399793624878 0.10147197544574738 -0.010670874267816544 0.9947810769081116 -403.0732727050781
* 0.995600163936615 0.015274644829332829 -0.09244205057621002 -94.49723052978516 -0.01338178850710392 0.9996824264526367 0.021388767287135124 -1.565177083015442 0.09274011850357056 -0.020056795328855515 0.9954882264137268 -404.078857421875
* 0.9962608814239502 0.017125187441706657 -0.0846734419465065 -96.3912124633789 -0.016134144738316536 0.9997894763946533 0.012731924653053284 -1.3019640445709229 0.08487436920404434 -0.011317363940179348 0.99632728099823 -404.3048095703125
* 0.9962077140808105 0.01876639574766159 -0.08495113998651505 -100.49994659423828 -0.017242541536688805 0.9996716976165771 0.018991628661751747 -0.325261652469635 0.08528037369251251 -0.017454009503126144 0.9962039589881897 -404.52197265625
* 0.9965649247169495 0.016509121283888817 -0.08114486187696457 -104.52338409423828 -0.013753321021795273 0.9993013143539429 0.03477473556995392 0.36642152070999146 0.08166299015283585 -0.033538445830345154 0.9960953593254089 -404.8067932128906
* 0.9973589181900024 0.014992007054388523 -0.07105696946382523 -105.83364868164063 -0.014504162594676018 0.9998651146888733 0.007802511565387249 0.5398552417755127 0.07116508483886719 -0.006750470492988825 0.9974415302276611 -403.31170654296875
* 0.9970446825027466 0.01879030652344227 -0.0744817927479744 -106.47136688232422 -0.020068177953362465 0.9996707439422607 -0.01603652536869049 -0.34345725178718567 0.07415665686130524 0.017484653741121292 0.997093141078949 -404.2358703613281
* 0.9958054423332214 0.021315783262252808 -0.0889718160033226 -106.13716125488281 -0.02419148199260235 0.9992266297340393 -0.031024953350424767 -0.7341818809509277 0.08824239671230316 0.03304798901081085 0.9955505132675171 -402.8125915527344
* 0.9967359304428101 0.016428330913186073 -0.07903462648391724 -106.5987548828125 -0.015142752788960934 0.9997378587722778 0.01722089760005474 -0.46193864941596985 0.07929756492376328 -0.01596706174314022 0.9967228770256042 -404.533203125
* 0.996724545955658 0.012998780235648155 -0.07981298863887787 -106.7064437866211 -0.011363244615495205 0.9997094869613647 0.02129126340150833 -0.5300499200820923 0.08006729930639267 -0.020313773304224014 0.9965822100639343 -403.80322265625
* 0.9967175126075745 0.015365716069936752 -0.07948002964258194 -106.6983642578125 -0.014422621577978134 0.9998147487640381 0.012807497754693031 -0.6310239434242249 0.07966284453868866 -0.011618330143392086 0.9967539310455322 -402.7299499511719
* 0.9975321888923645 0.01333853229880333 -0.068924181163311 -107.05313873291016 -0.011665920726954937 0.9996188282966614 0.025051824748516083 -1.183358907699585 0.06923282146453857 -0.024185117334127426 0.9973071217536926 -404.4559326171875
* 0.9959036111831665 0.017894087359309196 -0.08862627297639847 -106.0818862915039 -0.017583781853318214 0.9998354911804199 0.004623095504939556 -1.7283283472061157 0.08869516849517822 -0.0030449593905359507 0.99605393409729 -403.2161865234375
* 0.9965419769287109 0.02262735553085804 -0.0799427255988121 -105.25422668457031 -0.022995878010988235 0.9997308254241943 -0.003311457810923457 -2.220176935195923 0.07984703779220581 0.005139181390404701 0.9967936873435974 -403.6601867675781
* 0.9960918426513672 0.015444864518940449 -0.08695609122514725 -104.45052337646484 -0.013406599871814251 0.9996150135993958 0.024323374032974243 -4.021792411804199 0.08729904145002365 -0.023061707615852356 0.9959149360656738 -403.1602783203125
* 0.997306227684021 0.019286075606942177 -0.07076184451580048 -104.36617279052734 -0.01947271078824997 0.999809980392456 -0.0015191944548860192 -6.206612586975098 0.07071986049413681 0.0028938374016433954 0.9974917769432068 -404.5191345214844
* 0.9972387552261353 0.012609845958650112 -0.07317620515823364 -104.65892791748047 -0.011158031411468983 0.9997256398200989 0.020628726109862328 -7.299567699432373 0.07341700792312622 -0.019754448905587196 0.9971053600311279 -404.5942077636719
* 0.9961526393890381 0.01926705799996853 -0.08548431843519211 -104.33106231689453 -0.021390903741121292 0.9994922876358032 -0.02364124357700348 -7.623711109161377 0.08498617261648178 0.025379672646522522 0.9960585236549377 -404.3221435546875
* 0.9984771013259888 0.01987471804022789 -0.05145246908068657 -104.40615844726563 -0.01995256170630455 0.9998014569282532 -4.087678389623761E-4 -7.1881327629089355 0.05143490806221962 0.0014355637831613421 0.9986750483512878 -406.8023986816406
* 0.9971979856491089 0.014719697646796703 -0.07333673536777496 -103.5625228881836 -0.013582615181803703 0.9997740387916565 0.016392778605222702 -6.8784003257751465 0.07356223464012146 -0.015349932946264744 0.9971722364425659 -404.60369873046875
* 0.9971427917480469 0.021711675450205803 -0.07234420627355576 -103.40596771240234 -0.021411899477243423 0.9997571706771851 0.005336374044418335 -7.99912166595459 0.07244329154491425 -0.003771285293623805 0.9973651170730591 -405.3343505859375
#
#
#
* 0.9945389628410339 0.025543347001075745 -0.10119494795799255 -101.6573257446289 -0.028448963537812233 0.9992182850837708 -0.027447400614619255 -12.972196578979492 0.10041454434394836 0.030176153406500816 0.9944879412651062 -400.3985900878906
* 0.9976077079772949 0.017214154824614525 -0.06695666909217834 -102.83778381347656 -0.016117103397846222 0.9997292160987854 0.01678171008825302 -12.948320388793945 0.06722722947597504 -0.015662644058465958 0.9976146817207336 -405.3366394042969
* 0.9973642826080322 0.016964653506875038 -0.07054955512285233 -102.82858276367188 -0.016867412254214287 0.9998559355735779 0.0018700705841183662 -12.810920715332031 0.0705709233880043 -6.753891939297318E-4 0.9975064396858215 -405.20379638671875
* 0.9968248605728149 0.02071194164454937 -0.07688722014427185 -102.64649200439453 -0.020466890186071396 0.9997828602790833 0.003878494491800666 -13.176254272460938 0.07695068418979645 -0.0022927592508494854 0.9970321655273438 -404.23382568359375
* 0.9954373240470886 0.0202214065939188 -0.09325246512889862 -102.41997528076172 -0.019525518640875816 0.9997748136520386 0.008290284313261509 -13.502752304077148 0.09339892864227295 -0.006431876681745052 0.995607852935791 -402.7066345214844
* 0.9974716901779175 0.016583409160375595 -0.06910496205091476 -103.04387664794922 -0.016093812882900238 0.9998419880867004 0.007529780734330416 -13.427277565002441 0.0692187249660492 -0.006398800294846296 0.9975808262825012 -404.6455383300781
* 0.9977595806121826 0.014232686720788479 -0.06537356972694397 -103.19247436523438 -0.012553790584206581 0.9995852112770081 0.02590964362025261 -13.7407808303833 0.06571503728628159 -0.02503112331032753 0.9975242018699646 -404.9216613769531
* 0.9976881742477417 0.01729770191013813 -0.06572277098894119 -104.53169250488281 -0.016528107225894928 0.9997896552085876 0.012124425731599331 -14.066801071166992 0.06591849774122238 -0.011010340414941311 0.9977640509605408 -408.5258483886719
* 0.9977735877037048 0.01628166250884533 -0.0646764487028122 -104.86739349365234 -0.015531051903963089 0.9998074173927307 0.011978660710155964 -14.018856048583984 0.06485886126756668 -0.010947718285024166 0.9978341460227966 -408.4088134765625
* 0.9981316924095154 0.012148496694862843 -0.05988040938973427 -106.1370849609375 -0.010712006129324436 0.9996512532234192 0.024130478501319885 -13.920380592346191 0.06015252694487572 -0.023444179445505142 0.9979135990142822 -411.0428161621094
* 0.9971081614494324 0.017948560416698456 -0.07384558022022247 -106.33638000488281 -0.01765398494899273 0.9998336434364319 0.004540948197245598 -13.567895889282227 0.07391465455293655 -0.0032243786845356226 0.9972590804100037 -409.6942138671875
* 0.9967100024223328 0.012893900275230408 -0.08001907914876938 -107.4537353515625 -0.010236537083983421 0.9993880987167358 0.033439699560403824 -13.862222671508789 0.08040113747119904 -0.03251079469919205 0.9962319731712341 -412.3255615234375
* 0.998137354850769 0.009400453418493271 -0.06027853861451149 -108.12297821044922 -0.006977531593292952 0.9991686344146729 0.04015981778502464 -13.677719116210938 0.06060580536723137 -0.03966464102268219 0.9973730444908142 -413.4644775390625
* 0.9978838562965393 0.012068397365510464 -0.0638933926820755 -107.70323944091797 -0.011181344278156757 0.9998376965522766 0.014108742587268353 -12.54316234588623 0.06405315548181534 -0.013364692218601704 0.9978566765785217 -410.78216552734375
* 0.9982345104217529 0.01956803724169731 -0.05608116835355759 -108.0555648803711 -0.02116069756448269 0.9993814826011658 -0.028078902512788773 -10.933426856994629 0.055496904999017715 0.029215823858976364 0.9980310201644897 -410.72528076171875
* 0.998632550239563 0.011096456088125706 -0.05109010636806488 -108.3254623413086 -0.010466859675943851 0.9998676776885986 0.012432008981704712 -10.037755966186523 0.051221176981925964 -0.011880473233759403 0.9986163973808289 -411.0531921386719
* 0.9969843626022339 0.01934151165187359 -0.07515427470207214 -107.5363998413086 -0.021313056349754333 0.9994442462921143 -0.025618204846978188 -9.892037391662598 0.07461688667535782 0.027142494916915894 0.9968425035476685 -407.9876403808594
* 0.9982279539108276 0.010952495038509369 -0.05849132686853409 -108.0473403930664 -0.009478976018726826 0.9996351003646851 0.02528594806790352 -10.565892219543457 0.058746807277202606 -0.024686915799975395 0.9979674220085144 -410.1533203125
* 0.9978779554367065 0.01490816567093134 -0.06338361650705338 -108.80256652832031 -0.014600713737308979 0.9998797178268433 0.005195387173444033 -11.870160102844238 0.06345333158969879 -0.004259136039763689 0.9979755282402039 -411.43798828125
* 0.9976458549499512 0.009842315688729286 -0.0678684413433075 -109.12126159667969 -0.008231773041188717 0.9996811747550964 0.02386164478957653 -12.775425910949707 0.06808154284954071 -0.0232470091432333 0.9974086880683899 -411.23126220703125
* 0.9970027804374695 0.010712649673223495 -0.0766218900680542 -109.4110107421875 -0.009817329235374928 0.9998800754547119 0.011956569738686085 -13.312085151672363 0.07674067467451096 -0.011168723925948143 0.9969883561134338 -409.4930114746094
* 0.9976736903190613 0.012479945085942745 -0.06701962649822235 -109.9529037475586 -0.0116743054240942 0.9998561143875122 0.012290077283978462 -12.783024787902832 0.06716325879096985 -0.011479297652840614 0.9976757168769836 -410.6622314453125
* 0.9974780082702637 0.010914649814367294 -0.07013307511806488 -109.69497680664063 -0.009747346863150597 0.9998101592063904 0.01686042919754982 -11.767478942871094 0.07030367106199265 -0.01613451912999153 0.997394859790802 -410.01092529296875
* 0.9977216124534607 0.014335294254124165 -0.0659259632229805 -109.02037811279297 -0.013672755099833012 0.9998524188995361 0.010378568433225155 -10.948005676269531 0.06606488674879074 -0.009453767910599709 0.9977702498435974 -409.8453369140625
* 0.9976362586021423 0.010403704829514027 -0.06792399287223816 -108.08822631835938 -0.010822580195963383 0.9999237656593323 -0.005909926723688841 -10.377549171447754 0.06785719096660614 0.006630836986005306 0.9976727366447449 -409.2154846191406
* 0.9978063702583313 0.01863163337111473 -0.0635228157043457 -107.68766021728516 -0.01788998767733574 0.99976646900177 0.012108581140637398 -9.566929817199707 0.06373342126607895 -0.010945827700197697 0.9979066252708435 -409.95947265625
* 0.9969613552093506 0.01158091053366661 -0.07703070342540741 -107.36615753173828 -0.011778750456869602 0.9999279975891113 -0.0022098515182733536 -9.495141983032227 0.07699940353631973 0.003110218793153763 0.9970259666442871 -409.029296875
* 0.9966413974761963 0.015703966841101646 -0.08036825060844421 -107.18968200683594 -0.014559686183929443 0.9997854232788086 0.014713075011968613 -9.237357139587402 0.0805819183588028 -0.013493767008185387 0.9966563582420349 -408.58453369140625
* 0.9975184798240662 0.016666259616613388 -0.06840153783559799 -107.41568756103516 -0.016974514350295067 0.999847412109375 -0.004035613965243101 -9.837054252624512 0.06832370907068253 0.005186439957469702 0.9976494312286377 -409.49481201171875
* 0.9983474612236023 0.01013295166194439 -0.05656186863780022 -108.01576232910156 -0.009113694541156292 0.9997939467430115 0.018119698390364647 -10.182351112365723 0.056733667850494385 -0.017574509605765343 0.9982342720031738 -411.29144287109375
* 0.9980196356773376 0.007385923992842436 -0.062464453279972076 -108.27352905273438 -0.005411891732364893 0.9994857907295227 0.031595420092344284 -10.304556846618652 0.06266552954912186 -0.031195050105452538 0.9975465536117554 -410.5627746582031
* 0.9975989460945129 0.015340902842581272 -0.0675315409898758 -108.49535369873047 -0.015645857900381088 0.9998689293861389 -0.004097938537597656 -10.200687408447266 0.06745966523885727 0.005144443828612566 0.9977083802223206 -409.1011657714844
* 0.9973629713058472 0.00968556385487318 -0.07192215323448181 -109.02645874023438 -0.010038484819233418 0.9999385476112366 -0.004649202339351177 -10.359535217285156 0.0718725323677063 0.005358686670660973 0.9973990321159363 -409.5741882324219
* 0.9972715973854065 0.01476637739688158 -0.0723244696855545 -109.21883392333984 -0.013537528924643993 0.9997575879096985 0.017350640147924423 -10.59273624420166 0.07256296277046204 -0.01632445491850376 0.997229814529419 -409.59930419921875
* 0.9974510669708252 0.011128180660307407 -0.07047814130783081 -110.0869369506836 -0.008891122415661812 0.9994521141052246 0.03187252953648567 -9.739522933959961 0.07079402357339859 -0.031164903193712234 0.9970035552978516 -410.64434814453125
* 0.9986469149589539 0.0019986045081168413 -0.0519605353474617 -111.16248321533203 -0.001057379529811442 0.9998371601104736 0.017995277419686317 -8.819023132324219 0.05198784917593002 -0.017916223034262657 0.9984865188598633 -412.3233947753906
* 0.9977823495864868 0.00488955108448863 -0.06637769192457199 -111.80514526367188 -0.003024238394573331 0.9996012449264526 0.028063151985406876 -8.385176658630371 0.06648824363946915 -0.027800409123301506 0.9973993301391602 -410.70361328125
* 0.9985935688018799 0.010085823014378548 -0.052045293152332306 -112.62093353271484 -0.009640327654778957 0.9999156594276428 0.008662816137075424 -8.256869316101074 0.05212806165218353 -0.008149141445755959 0.9986065626144409 -411.391845703125
* 0.9981200695037842 0.011541248299181461 -0.06018852815032005 -112.84307861328125 -0.01167790312319994 0.9999293684959412 -0.002041309140622616 -7.913947105407715 0.060160499066114426 0.0027401065453886986 0.998184323310852 -411.06561279296875
* 0.9982033967971802 0.010345055721700191 -0.05901304632425308 -113.31192779541016 -0.010524170473217964 0.9999402165412903 -0.0028496806044131517 -7.335483551025391 0.058979809284210205 0.003465378889814019 0.9982525706291199 -411.7733459472656
* 0.9973964691162109 0.02032814919948578 -0.06918596476316452 -113.47650146484375 -0.021778807044029236 0.9995546340942383 -0.02038496546447277 -7.253387451171875 0.06874053925275803 0.021838434040546417 0.9973949193954468 -411.0187072753906
* 0.9977584481239319 0.013711774721741676 -0.06549663841724396 -113.97430419921875 -0.013911953195929527 0.9998992085456848 -0.002713655587285757 -6.724597454071045 0.06545259058475494 0.0036185183562338352 0.9978485107421875 -411.1778564453125
* 0.9975412487983704 0.014938929118216038 -0.06846822053194046 -113.88380432128906 -0.015775298699736595 0.9998056292533875 -0.011798979714512825 -5.651402473449707 0.06827840954065323 0.012849832884967327 0.9975829720497131 -409.0146484375
* 0.9977579116821289 0.012381951324641705 -0.0657685399055481 -114.78517150878906 -0.012777933850884438 0.9999017119407654 -0.00571534363552928 -4.168055057525635 0.06569106131792068 0.0065426756627857685 0.9978179931640625 -410.72821044921875
* 0.9986987113952637 0.012090802192687988 -0.04954170435667038 -115.15860748291016 -0.01174439862370491 0.9999053478240967 0.00712907500565052 -2.945049285888672 0.04962296411395073 -0.0065382011234760284 0.9987460970878601 -412.2102355957031
* 0.9987699389457703 0.005468775052577257 -0.04927999526262283 -114.87974548339844 -0.004160483833402395 0.9996408820152283 0.026462700217962265 -1.9435794353485107 0.04940677061676979 -0.026225358247756958 0.9984338283538818 -412.4651184082031
* 0.9980983734130859 0.01906747743487358 -0.058614879846572876 -114.48875427246094 -0.02065783366560936 0.9994277954101563 -0.026773840188980103 -1.5404586791992188 0.058070577681064606 0.02793353609740734 0.9979209899902344 -412.34991455078125
* 0.9973397850990295 0.011569858528673649 -0.07196561992168427 -113.92720794677734 -0.009934983216226101 0.9996874332427979 0.02293221838772297 -0.0428086593747139 0.07220818847417831 -0.022156469523906708 0.9971427917480469 -410.4154357910156
* 0.9975281357765198 0.01253296434879303 -0.06913811713457108 -114.02766418457031 -0.013373552821576595 0.9998404383659363 -0.011815388686954975 0.7367355227470398 0.06897874921560287 0.01271056104451418 0.9975364804267883 -410.58123779296875
* 0.9987130165100098 0.010537038557231426 -0.049607403576374054 -114.39024353027344 -0.010072442702949047 0.9999041557312012 0.009457631967961788 3.1946117877960205 0.049702055752277374 -0.008946031332015991 0.9987233877182007 -412.2718811035156
* 0.9976900815963745 0.014907174743711948 -0.06627129018306732 -114.0152816772461 -0.015086924657225609 0.9998830556869507 -0.0023240819573402405 6.1199188232421875 0.06622865051031113 0.0033183060586452484 0.9977982640266418 -411.30767822265625
* 0.9972342252731323 0.013969823718070984 -0.07299593836069107 -114.6451416015625 -0.013502608984708786 0.9998853206634521 0.006789346691220999 10.925857543945313 0.07308217883110046 -0.005785168148577213 0.9973084330558777 -410.1375732421875
* 0.9970535039901733 0.012078600935637951 -0.07575001567602158 -115.305908203125 -0.010669819079339504 0.9997643232345581 0.018878106027841568 12.296424865722656 0.07595997303724289 -0.018014471977949142 0.9969474673271179 -409.97528076171875
* 0.9971193671226501 0.01712498441338539 -0.07388690114021301 -115.36676025390625 -0.016671717166900635 0.9998383522033691 0.006647604517638683 14.402114868164063 0.07398860156536102 -0.005396861582994461 0.9972438812255859 -408.9890441894531
* 0.9975336194038391 0.01305318996310234 -0.06896336376667023 -114.8179931640625 -0.013042528182268143 0.9999142289161682 4.978665383532643E-4 16.3056583404541 0.06896375864744186 4.025842936243862E-4 0.9976184964179993 -410.03594970703125
* 0.9972027540206909 0.019039589911699295 -0.07227563858032227 -113.48709869384766 -0.018795939162373543 0.9998149275779724 0.0039477841928601265 18.663440704345703 0.07233723253011703 -0.0025784876197576523 0.9973762631416321 -409.01116943359375
* 0.9979585409164429 0.021752333268523216 -0.06004364788532257 -114.76075744628906 -0.022885998710989952 0.999568521976471 -0.01838170364499092 21.530027389526367 0.059617698192596436 0.019718103110790253 0.9980258941650391 -411.3800964355469
* 0.9974754452705383 0.017677325755357742 -0.06877461820840836 -115.32437133789063 -0.01788894459605217 0.9998360276222229 -0.002569435629993677 24.09947395324707 0.06871774047613144 0.0037930209655314684 0.9976282715797424 -409.0089416503906
* 0.997779905796051 0.020240601152181625 -0.06344502419233322 -116.38328552246094 -0.020626306533813477 0.9997711777687073 -0.00554668577387929 26.482379913330078 0.06331806629896164 0.006842758506536484 0.9979692697525024 -408.7066650390625
* 0.9968992471694946 0.016169464215636253 -0.07700762897729874 -115.90642547607422 -0.015674931928515434 0.9998524785041809 0.006926245521754026 27.65205192565918 0.07710810005664825 -0.005697933491319418 0.997005820274353 -406.6584777832031
* 0.9971765875816345 0.0177301038056612 -0.07296653836965561 -115.94596099853516 -0.01723930798470974 0.9998245239257813 0.0072496430948376656 28.07964324951172 0.0730820968747139 -0.005971524398773909 0.9973074793815613 -407.152587890625
* 0.9987240433692932 0.016318198293447495 -0.04778667166829109 -116.39311218261719 -0.016631800681352615 0.9998410940170288 -0.00632702000439167 29.163074493408203 0.047675639390945435 0.007113484665751457 0.9988369345664978 -410.122314453125
* 0.9980420470237732 0.018539894372224808 -0.059733081609010696 -115.7716293334961 -0.018055157735943794 0.9998001456260681 0.008521567098796368 29.91152000427246 0.05987894535064697 -0.007426634896546602 0.9981774091720581 -408.8003845214844
* 0.9981827139854431 0.02142537198960781 -0.056320175528526306 -115.27277374267578 -0.022057732567191124 0.9996982216835022 -0.010761437937617302 30.71294403076172 0.056072428822517395 0.01198393851518631 0.9983541965484619 -408.4481201171875
* 0.9964768290519714 0.024587752297520638 -0.08018198609352112 -114.13557434082031 -0.025366155430674553 0.9996389746665955 -0.008795684203505516 31.756711959838867 0.07993658632040024 0.01079836580902338 0.9967408776283264 -407.3005676269531
* 0.9975402355194092 0.019332587718963623 -0.06737593561410904 -113.50474548339844 -0.018947837874293327 0.999800443649292 0.006235879845917225 32.80739212036133 0.06748286634683609 -0.004944156389683485 0.997707724571228 -407.12054443359375
* 0.997819721698761 0.020860014483332634 -0.06261450052261353 -113.10002136230469 -0.020874865353107452 0.9997814893722534 2.99838837236166E-4 33.49575424194336 0.06260690093040466 0.0010076463222503662 0.9980373382568359 -407.6168518066406
* 0.9971023797988892 0.022345231845974922 -0.07271521538496017 -113.21159362792969 -0.022094786167144775 0.9997467398643494 0.004146170802414417 33.55351257324219 0.072789266705513 -0.0025277670938521624 0.9973437190055847 -406.78094482421875
* 0.9957391619682312 0.02386876568198204 -0.08907128125429153 -113.44313049316406 -0.02398119680583477 0.9997118711471558 -2.742825308814645E-4 31.281330108642578 0.0890388935804367 0.0024089165963232517 0.9960247874259949 -404.48199462890625
* 0.9960045218467712 0.01923186704516411 -0.08720672875642776 -114.98542785644531 -0.018150540068745613 0.9997490644454956 0.013092041946947575 27.870731353759766 0.08743644505739212 -0.011457118205726147 0.996103823184967 -405.02410888671875
* 0.9974551200866699 0.01101289689540863 -0.07043979316949844 -116.8597412109375 -0.008891727775335312 0.9995023012161255 0.030252870172262192 24.115398406982422 0.07073772698640823 -0.029549797996878624 0.997056782245636 -406.71478271484375
* 0.9979583621025085 0.017764152958989143 -0.06134540215134621 -118.83804321289063 -0.01778688281774521 0.9998413324356079 5.6688906624913216E-5 21.442764282226563 0.061336494982242584 0.0010343287140130997 0.9981162548065186 -407.1163330078125
* 0.9973698854446411 0.012402745895087719 -0.07140891999006271 -120.04032135009766 -0.011450167745351791 0.999841034412384 0.013631957583129406 19.54900550842285 0.07156648486852646 -0.012778695672750473 0.9973536729812622 -405.77447509765625
* 0.9971254467964172 0.013654353097081184 -0.07452525198459625 -120.5979232788086 -0.013951921835541725 0.9998958110809326 -0.0035716183483600616 18.731637954711914 0.07446856796741486 0.00460088811814785 0.9972124695777893 -406.3477478027344
* 0.9970109462738037 0.0127932820469141 -0.07619110494852066 -119.90083312988281 -0.011976947076618671 0.9998665452003479 0.011066166684031487 18.348764419555664 0.07632236927747726 -0.01012079231441021 0.997031569480896 -405.4866027832031
* 0.9982683658599854 0.013739438727498055 -0.057192206382751465 -120.03173828125 -0.014385062269866467 0.9998353123664856 -0.011020045727491379 18.091304779052734 0.05703122168779373 0.011823444627225399 0.9983021020889282 -407.501220703125
* 0.997572124004364 0.010582156479358673 -0.06882772594690323 -119.19158935546875 -0.01021396555006504 0.9999316930770874 0.005593954585492611 17.816810607910156 0.06888207793235779 -0.00487760454416275 0.9976125955581665 -406.3091125488281
* 0.9975802898406982 0.014632144942879677 -0.06796254217624664 -119.07191467285156 -0.014721126295626163 0.9998906850814819 -9.157379972748458E-4 18.002304077148438 0.0679415613412857 0.00191376858856529 0.9976871609687805 -405.5315856933594
* 0.9981663227081299 0.012621255591511726 -0.05919603258371353 -119.9035415649414 -0.01188969612121582 0.9998497366905212 0.01257145032286644 19.042020797729492 0.05934565141797066 -0.011844823136925697 0.9981669187545776 -407.2127990722656
* 0.9982598423957825 0.008361196145415306 -0.05836768448352814 -120.71268463134766 -0.008835610002279282 0.9999284148216248 -0.007999842055141926 19.620468139648438 0.058296460658311844 0.00850139930844307 0.9982627630233765 -406.3407287597656
* 0.9989923238754272 0.00616799108684063 -0.044448934495449066 -122.88674926757813 -0.006009439937770367 0.9999750852584839 0.0035354183055460453 19.7851505279541 0.04446946457028389 -0.0032649871427565813 0.9990050792694092 -407.334716796875
* 0.99861741065979 0.007963398471474648 -0.05195445567369461 -124.63175964355469 -0.007310441229492426 0.999893307685852 0.012605756521224976 20.431636810302734 0.052049122750759125 -0.012208769097924232 0.9985694885253906 -406.5059814453125
* 0.99859619140625 0.009475648403167725 -0.05210769549012184 -126.37336730957031 -0.009690645150840282 0.9999444484710693 -0.004014949314296246 22.497039794921875 0.052066583186388016 0.004514024592936039 0.9986330270767212 -407.7619934082031
* 0.9992344379425049 0.005065851379185915 -0.038784198462963104 -127.8602066040039 -0.004827860742807388 0.9999695420265198 0.006039100233465433 27.03372573852539 0.03881341964006424 -0.005847494583576918 0.9992289543151855 -409.6136779785156
