#
#
#
#
#
#
#
#
#
#
#
#
#
#
#
#
#
#
#
#
#
#
#
#
#
#
#
#
#
#
#
#
#
#
#
#
#
#
#
#
#
#
#
#
#
#
#
#
#
#
#
#
#
#
#
#
#
#
#
#
#
#
#
#
* -0.2489624321460724 -0.8799956440925598 -0.4046322703361511 48.54494094848633 -0.23364941775798798 -0.3509087562561035 0.9068027138710022 -120.63053894042969 -0.9398971199989319 0.3203292191028595 -0.1182432621717453 -962.7124633789063
#
#
#
#
#
#
#
#
#
#
#
#
#
#
#
#
#
#
#
#
#
#
#
#
#
#
#
#
#
#
#
#
#
#
#
#
#
#
#
#
#
#
#
#
#
#
#
#
#
#
#
#
#
#
#
#
#
#
#
#
#
#
#
#
#
#
#
#
#
#
#
#
#
#
#
#
#
#
#
#
#
#
#
#
#
#
#
#
#
#
#
#
#
#
#
#
#
#
#
#
#
#
#
#
#
#
#
#
#
#
#
#
#
#
#
#
#
#
#
#
#
#
#
#
#
#
#
#
#
#
#
#
#
#
#
#
#
#
#
#
#
#
#
#
#
#
#
#
#
#
#
#
#
#
#
#
#
#
#
#
#
#
#
#
#
#
#
#
#
#
#
#
#
#
#
#
#
#
#
#
#
#
#
#
#
#
#
#
#
#
#
#
#
#
#
#
#
#
#
#
#
#
#
#
#
#
#
#
#
#
#
#
#
#
#
#
#
#
#
#
#
#
#
#
#
#
#
#
#
#
#
#
#
#
#
#
#
#
#
#
#
* 0.44805118441581726 -0.33766722679138184 0.8277866244316101 -159.08331298828125 0.4982375204563141 0.8631168603897095 0.08240148425102234 84.18174743652344 -0.7422999143600464 0.3755132555961609 0.5549588203430176 -409.6014404296875
* 0.4694959223270416 -0.33203697204589844 0.8181226849555969 -146.8804473876953 0.4908571243286133 0.868364155292511 0.07074006646871567 84.55516052246094 -0.7339158654212952 0.3683681786060333 0.5706760287284851 -412.1884460449219
* 0.4927082657814026 -0.32016822695732117 0.8091541528701782 -134.58963012695313 0.4837532043457031 0.8737093210220337 0.05114632472395897 84.08189392089844 -0.7233402132987976 0.366229772567749 0.5853660702705383 -413.03033447265625
* 0.5175424814224243 -0.31034523248672485 0.7973926663398743 -123.24066925048828 0.47735515236854553 0.8781302571296692 0.03194470703601837 82.48917388916016 -0.7101278305053711 0.36410588026046753 0.6026144623756409 -414.0857238769531
* 0.5407078266143799 -0.292343407869339 0.7887774109840393 -114.07411193847656 0.4680289030075073 0.8836885094642639 0.006686383858323097 80.126220703125 -0.6989875435829163 0.3655543625354767 0.614642322063446 -416.3904724121094
* 0.5637821555137634 -0.28155937790870667 0.7764492034912109 -106.20811462402344 0.45702967047691345 0.8894031047821045 -0.009330875240266323 76.29163360595703 -0.6879484057426453 0.36012002825737 0.6301104426383972 -416.23876953125
* 0.5824692249298096 -0.26752299070358276 0.7675678730010986 -101.25265502929688 0.4447304904460907 0.8953036665916443 -0.025440184399485588 72.3067626953125 -0.6803998351097107 0.3561781048774719 0.6404622197151184 -417.28851318359375
* 0.5916997790336609 -0.25418442487716675 0.7650365829467773 -97.62845611572266 0.4367139935493469 0.8987483978271484 -0.03915535658597946 67.75420379638672 -0.6776221990585327 0.3572695553302765 0.6427949070930481 -416.46954345703125
* 0.5947375297546387 -0.24300125241279602 0.766313910484314 -95.86347198486328 0.425032377243042 0.9041492342948914 -0.04315836355090141 63.31177520751953 -0.682374119758606 0.3513753116130829 0.6410146355628967 -416.318603515625
* 0.5926056504249573 -0.2359599471092224 0.7701563835144043 -95.80059814453125 0.41352981328964233 0.9096338152885437 -0.03950173780322075 59.59028625488281 -0.6912389397621155 0.34189075231552124 0.6366303563117981 -416.2393493652344
* 0.585846483707428 -0.2290148138999939 0.7773902416229248 -97.08694458007813 0.40581953525543213 0.9132126569747925 -0.03680036589503288 56.76830291748047 -0.7014941573143005 0.33703869581222534 0.627940833568573 -416.1225280761719
* 0.5816618800163269 -0.22721132636070251 0.7810531258583069 -99.46617126464844 0.4020243287086487 0.9150272011756897 -0.03320799767971039 55.139869689941406 -0.7071390151977539 0.333317369222641 0.6235806345939636 -417.083984375
* 0.5761529207229614 -0.22284173965454102 0.7863770127296448 -102.06551361083984 0.39863288402557373 0.9165408611297607 -0.03233750909566879 53.825401306152344 -0.7135399580001831 0.3321063220500946 0.6168994903564453 -417.6577453613281
* 0.574530839920044 -0.22208085656166077 0.7877777814865112 -104.91798400878906 0.39620426297187805 0.9176642298698425 -0.0302566047757864 53.05179214477539 -0.7161955833435059 0.32950353622436523 0.615215539932251 -418.6170959472656
* 0.5749064683914185 -0.2219654619693756 0.7875362634658813 -107.02754211425781 0.3962746262550354 0.9176207184791565 -0.0306529738008976 52.5125732421875 -0.7158551812171936 0.3297024965286255 0.6155050992965698 -418.6704406738281
* 0.5733926892280579 -0.22179552912712097 0.788686990737915 -108.60637664794922 0.39500755071640015 0.9182220101356506 -0.028955016285181046 52.177005767822266 -0.7177671194076538 0.3281390964984894 0.6141124367713928 -418.8448486328125
* 0.5748191475868225 -0.22479717433452606 0.7867965698242188 -109.2691650390625 0.3938177525997162 0.9188438057899475 -0.02519078552722931 52.12726593017578 -0.7172797322273254 0.32433372735977173 0.6166979074478149 -419.2105712890625
* 0.5730093717575073 -0.22692784667015076 0.7875047326087952 -109.07289123535156 0.392998069524765 0.9192988872528076 -0.021049516275525093 52.18032455444336 -0.7191748023033142 0.32154855132102966 0.6159487962722778 -419.2536926269531
* 0.5740658044815063 -0.22695575654506683 0.7867268919944763 -108.14566802978516 0.39147379994392395 0.9199666976928711 -0.020260503515601158 52.103519439697266 -0.7191635966300964 0.319612979888916 0.6169683933258057 -419.58758544921875
* 0.5774932503700256 -0.22539137303829193 0.7846655249595642 -106.98886108398438 0.3883582353591919 0.9212652444839478 -0.021191854029893875 52.36705780029297 -0.7181079983711243 0.3169686198234558 0.6195568442344666 -420.2066345214844
* 0.5812707543373108 -0.21719928085803986 0.7841864824295044 -106.31658172607422 0.38707196712493896 0.9215056300163269 -0.031679652631282806 52.669498443603516 -0.7157508134841919 0.3219502568244934 0.6197158098220825 -420.0218200683594
* 0.5817031860351563 -0.20752020180225372 0.7864835262298584 -107.84819793701172 0.3859281539916992 0.9215599298477173 -0.042280420660972595 53.29098892211914 -0.7160170674324036 0.32812005281448364 0.6161620616912842 -421.9226989746094
* 0.5782361626625061 -0.20175334811210632 0.790530264377594 -111.76587677001953 0.3869222402572632 0.9208627343177795 -0.04799920693039894 54.534629821777344 -0.7182852625846863 0.3336278796195984 0.6105387806892395 -425.0917663574219
* 0.5684443712234497 -0.1908954381942749 0.8002684116363525 -116.70602416992188 0.3895603120326996 0.919208288192749 -0.057443469762802124 55.8530158996582 -0.7246471643447876 0.34440547227859497 0.5968838930130005 -426.250732421875
* 0.5572400689125061 -0.18889784812927246 0.8085795044898987 -122.01402282714844 0.39204010367393494 0.9182635545730591 -0.05565550550818443 56.877140045166016 -0.7319753766059875 0.34800833463668823 0.5857484936714172 -425.77911376953125
* 0.5506459474563599 -0.1888250708580017 0.8131013512611389 -127.28251647949219 0.3922164738178253 0.9183831810951233 -0.05234047770500183 57.77471160888672 -0.7368549108505249 0.3477320969104767 0.5797640085220337 -425.6380310058594
* 0.5411725044250488 -0.18471552431583405 0.8203732371330261 -132.10113525390625 0.3958398401737213 0.9166883826255798 -0.05471963435411453 58.595191955566406 -0.7419185638427734 0.35434842109680176 0.5692040920257568 -424.47113037109375
* 0.530896782875061 -0.18247385323047638 0.8275575041770935 -135.21934509277344 0.39575666189193726 0.9168989062309265 -0.05171281099319458 58.62186050415039 -0.7493499517440796 0.35496485233306885 0.5589936971664429 -421.1023254394531
* 0.528741717338562 -0.18270526826381683 0.8288850784301758 -138.2581024169922 0.39864325523376465 0.9156043529510498 -0.05247165635228157 58.68402099609375 -0.7493436336517334 0.3581726551055908 0.556952178478241 -420.3377380371094
* 0.5304065346717834 -0.1851661503314972 0.8272737860679626 -140.3625946044922 0.39628565311431885 0.9168264269828796 -0.04886730760335922 59.01004409790039 -0.7494176030158997 0.35375550389289856 0.5596690773963928 -420.62646484375
* 0.5270493626594543 -0.18378056585788727 0.8297247290611267 -141.4486846923828 0.39691245555877686 0.9165422320365906 -0.04911169037222862 59.25008773803711 -0.7514516115188599 0.3552115857601166 0.5560075044631958 -419.92572021484375
* 0.5254124999046326 -0.18546898663043976 0.8303869366645813 -142.13772583007813 0.3962189257144928 0.9170095324516296 -0.04588332772254944 59.49581527709961 -0.7529623508453369 0.35312196612358093 0.5552941560745239 -420.0046691894531
* 0.527496874332428 -0.18307968974113464 0.8295953273773193 -142.96697998046875 0.3973706066608429 0.9162705540657043 -0.050459038466215134 60.144561767578125 -0.7508952617645264 0.3562730550765991 0.5560798645019531 -420.7852783203125
* 0.5291187167167664 -0.18200239539146423 0.8287991285324097 -143.89471435546875 0.39716747403144836 0.9162525534629822 -0.05235036835074425 61.120155334472656 -0.7498610019683838 0.3568709194660187 0.557091236114502 -421.2332763671875
* 0.5278303623199463 -0.177412211894989 0.830613911151886 -144.90916442871094 0.3984983265399933 0.9153516292572021 -0.05772153288125992 62.17516326904297 -0.7500628232955933 0.3614647686481476 0.5538482666015625 -421.34222412109375
* 0.5248544812202454 -0.17808286845684052 0.8323542475700378 -145.6244659423828 0.39881032705307007 0.9153448343276978 -0.05563676357269287 63.0176887512207 -0.7519828677177429 0.3611520528793335 0.5514435768127441 -420.2295227050781
* 0.5218889713287354 -0.17907702922821045 0.8340039849281311 -146.54859924316406 0.39967450499534607 0.9150886535644531 -0.05361329764127731 63.596378326416016 -0.7535862922668457 0.3613097071647644 0.5491466522216797 -419.7494812011719
* 0.5214331746101379 -0.18006020784378052 0.8340774178504944 -147.5380096435547 0.4003940224647522 0.9148202538490295 -0.05281926691532135 63.979331970214844 -0.7535198330879211 0.36150065064430237 0.54911208152771 -419.3493347167969
* 0.518940806388855 -0.17767253518104553 0.8361412286758423 -148.4099884033203 0.4021412134170532 0.9139015078544617 -0.05538729578256607 64.42755889892578 -0.7543095350265503 0.36498889327049255 0.5457097291946411 -419.34088134765625
* 0.5164923071861267 -0.17858101427555084 0.8374627232551575 -149.14352416992188 0.40377718210220337 0.9132463335990906 -0.05428143963217735 64.81269073486328 -0.7551156878471375 0.3661835789680481 0.5437910556793213 -418.83392333984375
* 0.514708399772644 -0.17867065966129303 0.8385412096977234 -149.5953826904297 0.40400075912475586 0.9131993055343628 -0.053402241319417953 64.95631408691406 -0.7562134265899658 0.3662571310997009 0.5422138571739197 -418.0231628417969
* 0.5144551992416382 -0.17882086336612701 0.8386645317077637 -150.34439086914063 0.40434959530830383 0.9130476117134094 -0.05335516855120659 65.28486633300781 -0.7561992406845093 0.3665618300437927 0.5420275926589966 -418.2960510253906
* 0.512855589389801 -0.1803169846534729 0.8393236398696899 -150.44813537597656 0.4048782289028168 0.9129332900047302 -0.05126267299056053 65.38677978515625 -0.757002592086792 0.3661135137081146 0.5412086844444275 -417.67645263671875
* 0.5125988125801086 -0.1817089170217514 0.8391802906990051 -150.4905242919922 0.4038442075252533 0.9135221242904663 -0.0488741360604763 65.60346221923828 -0.7577285170555115 0.363950252532959 0.5416517853736877 -417.9443359375
* 0.5110715627670288 -0.18197201192378998 0.8400543332099915 -149.94363403320313 0.4039449393749237 0.9135311841964722 -0.047862328588962555 65.7251968383789 -0.7587058544158936 0.36379608511924744 0.5403857827186584 -417.40203857421875
* 0.5133582949638367 -0.1821601688861847 0.8386179208755493 -149.63417053222656 0.40407708287239075 0.913415253162384 -0.04894689470529556 65.85021209716797 -0.7570899128913879 0.3639928698539734 0.5425153970718384 -417.5481262207031
* 0.5141445994377136 -0.1790388822555542 0.8388084173202515 -149.58802795410156 0.40509265661239624 0.9127106070518494 -0.05348635092377663 66.12300109863281 -0.7560129165649414 0.3672941029071808 0.5417919158935547 -417.6504211425781
* 0.5130335688591003 -0.17720389366149902 0.8398776054382324 -149.8543701171875 0.4050996005535126 0.9126235842704773 -0.05489910766482353 66.21592712402344 -0.7567635178565979 0.36839839816093445 0.5399911999702454 -417.2718200683594
* 0.5120560526847839 -0.17498810589313507 0.840938150882721 -150.82949829101563 0.4046502411365509 0.9127271771430969 -0.05646849423646927 66.39073944091797 -0.7576654553413391 0.36920011043548584 0.5381758213043213 -417.3691101074219
* 0.5108711123466492 -0.17506207525730133 0.8416431546211243 -151.71835327148438 0.40669381618499756 0.9117722511291504 -0.05721033737063408 66.46505737304688 -0.757371187210083 0.3715174198150635 0.5369940996170044 -417.3826904296875
* 0.5086688995361328 -0.17539449036121368 0.8429067730903625 -152.17771911621094 0.40820232033729553 0.9111268520355225 -0.056747060269117355 66.55498504638672 -0.7580415606498718 0.372941255569458 0.5350576639175415 -416.89117431640625
* 0.5078094005584717 -0.17975349724292755 0.8425065279006958 -152.17678833007813 0.4080866277217865 0.9114904403686523 -0.0514962375164032 66.4855728149414 -0.7586798071861267 0.36996522545814514 0.5362178087234497 -416.56182861328125
* 0.5086608529090881 -0.1787397861480713 0.8422084450721741 -152.1832733154297 0.4071083068847656 0.9118791222572327 -0.05235082283616066 66.384521484375 -0.7586349844932556 0.36949819326400757 0.5366031527519226 -416.94677734375
* 0.5097907185554504 -0.17809200286865234 0.8416622877120972 -152.3002166748047 0.4058723449707031 0.9124055504798889 -0.052773140370845795 66.4222412109375 -0.7585387229919434 0.36851006746292114 0.5374180674552917 -416.97119140625
* 0.5085174441337585 -0.17654947936534882 0.8427567481994629 -152.33761596679688 0.40738749504089355 0.9116079211235046 -0.05484280735254288 66.36779022216797 -0.7585811018943787 0.3712165057659149 0.5354921817779541 -416.6868591308594
* 0.5080992579460144 -0.17696192860603333 0.8429225087165833 -152.50709533691406 0.40515440702438354 0.9127345085144043 -0.05260121822357178 66.27941131591797 -0.7600558996200562 0.3682398200035095 0.5354562401771545 -416.60821533203125
* 0.505513072013855 -0.174370676279068 0.8450148701667786 -152.3751983642578 0.4051215350627899 0.9126659035682678 -0.0540243536233902 66.08406066894531 -0.7617959380149841 0.3696431517601013 0.5320054888725281 -416.3760070800781
* 0.5067842602729797 -0.17864277958869934 0.8433594703674316 -152.1849365234375 0.40464335680007935 0.9131218194961548 -0.04973389953374863 65.7916030883789 -0.76120525598526 0.3664635419845581 0.5350419878959656 -416.46356201171875
* 0.5065931081771851 -0.17707209289073944 0.8438054919242859 -151.91452026367188 0.40398141741752625 0.9133523106575012 -0.050869859755039215 65.77210998535156 -0.7616839408874512 0.36665135622024536 0.534231424331665 -416.8304443359375
* 0.5099381804466248 -0.1779412478208542 0.8416049480438232 -151.7375030517578 0.40337178111076355 0.913600742816925 -0.05124335736036301 66.02423858642578 -0.7597724795341492 0.3656098544597626 0.5376560091972351 -417.4568786621094
* 0.5077137351036072 -0.17445386946201324 0.8436773419380188 -151.48080444335938 0.40359097719192505 0.9133442640304565 -0.05401531234383583 66.14430236816406 -0.7611446380615234 0.36792415380477905 0.534125030040741 -417.2212219238281
* 0.5107319355010986 -0.17610347270965576 0.8415101170539856 -151.5026092529297 0.40339329838752747 0.9134520292282104 -0.05366905778646469 66.24602508544922 -0.7592276930809021 0.3668693006038666 0.537567675113678 -417.29779052734375
* 0.5094391107559204 -0.17432308197021484 0.8426636457443237 -151.49729919433594 0.4039481282234192 0.9131087064743042 -0.0553131029009819 66.43301391601563 -0.7598010301589966 0.36857035756111145 0.535590410232544 -417.2243347167969
* 0.5102688670158386 -0.17424635589122772 0.8421772718429565 -151.54519653320313 0.40353843569755554 0.9132758378982544 -0.0555434376001358 66.55056762695313 -0.7594618797302246 0.36819228529930115 0.5363309979438782 -417.1399230957031
* 0.5088353753089905 -0.17163795232772827 0.8435790538787842 -151.69081115722656 0.4035220146179199 0.9131554961204529 -0.05760389193892479 66.5459976196289 -0.7604318261146545 0.3697129189968109 0.5339050889015198 -416.9739685058594
* 0.5089088678359985 -0.17176933586597443 0.8435079455375671 -152.15830993652344 0.40423452854156494 0.9128152132034302 -0.05800088122487068 66.60847473144531 -0.7600040435791016 0.37049153447151184 0.5339743494987488 -417.1822509765625
* 0.5083141326904297 -0.1731511652469635 0.8435840606689453 -152.55274963378906 0.4026026129722595 0.9137188792228699 -0.055046629160642624 66.78134155273438 -0.7612671852111816 0.36760950088500977 0.5341667532920837 -417.2603454589844
#
* 0.5079232454299927 -0.1737494170665741 0.8437011241912842 -152.7181854248047 0.404103547334671 0.9130305647850037 -0.05526517331600189 67.22647857666016 -0.7607330679893494 0.36903470754623413 0.53396075963974 -416.9801940917969
* 0.5077228546142578 -0.17328478395938873 0.8439172506332397 -152.5103759765625 0.403739869594574 0.9131828546524048 -0.05540766566991806 67.30406951904297 -0.7610598802566528 0.36887645721435547 0.5336042046546936 -416.7681579589844
* 0.507797360420227 -0.17434775829315186 0.8436533808708191 -152.30624389648438 0.40359312295913696 0.9133205413818359 -0.05419329181313515 67.4291763305664 -0.761087954044342 0.36803358793258667 0.5341458320617676 -416.8705749511719
* 0.5084896087646484 -0.1726498156785965 0.8435856103897095 -152.08448791503906 0.40483084321022034 0.9125850796699524 -0.05726374313235283 67.46796417236328 -0.759967565536499 0.37064921855926514 0.5339325070381165 -416.6201171875
* 0.508039116859436 -0.17277640104293823 0.8438310623168945 -151.97625732421875 0.40508896112442017 0.912482738494873 -0.05707046017050743 67.3077392578125 -0.760131299495697 0.3708423972129822 0.5335651636123657 -416.3054504394531
* 0.5069531202316284 -0.17344306409358978 0.8443472385406494 -152.08255004882813 0.4046570062637329 0.9127727746963501 -0.055475182831287384 67.3471450805664 -0.7610858082771301 0.3698160648345947 0.5329164266586304 -416.3904113769531
* 0.5076755881309509 -0.17273512482643127 0.8440582752227783 -152.0642547607422 0.4035927951335907 0.9132194519042969 -0.05587458610534668 67.31282806396484 -0.7611693143844604 0.3690436780452728 0.5333322882652283 -416.3057556152344
* 0.5081232786178589 -0.17336545884609222 0.8436595797538757 -152.1554718017578 0.40403756499290466 0.9130309820175171 -0.05573945865035057 67.3238754272461 -0.7606344223022461 0.36921441555023193 0.5339768528938293 -416.7044372558594
* 0.5088886022567749 -0.17200444638729095 0.8434768915176392 -152.14962768554688 0.40452754497528076 0.9126757383346558 -0.057959433645009995 67.48068237304688 -0.759861946105957 0.37072622776031494 0.5340291857719421 -416.9259338378906
* 0.5084353685379028 -0.17250500619411469 0.8436479568481445 -151.9058380126953 0.4041745662689209 0.9128968715667725 -0.05693095177412033 67.55904388427734 -0.7603529691696167 0.36994847655296326 0.5338696241378784 -416.5923156738281
* 0.5087854266166687 -0.17068204283714294 0.8438076972961426 -151.85577392578125 0.4033702313899994 0.9131519198417664 -0.05852353945374489 67.6571273803711 -0.7605459690093994 0.37016454339027405 0.533444881439209 -416.4419860839844
* 0.5093789100646973 -0.17203013598918915 0.8431755900382996 -151.9647979736328 0.4043179154396057 0.9127634167671204 -0.058043189346790314 67.75566864013672 -0.7596448063850403 0.37049874663352966 0.5344957113265991 -416.5565185546875
* 0.5086482763290405 -0.17161811888217926 0.8437004685401917 -152.1788787841797 0.405027836561203 0.9124128818511963 -0.058602020144462585 67.82384490966797 -0.7597561478614807 0.3715517818927765 0.5336057543754578 -416.5340576171875
* 0.5070775151252747 -0.17190510034561157 0.8445870876312256 -152.28929138183594 0.40463048219680786 0.912679135799408 -0.057184427976608276 67.81327819824219 -0.761016845703125 0.3707643449306488 0.5323556065559387 -416.3276062011719
$ 624 453
* 0.5079938769340515 -0.1726122498512268 0.8438917994499207 -152.2999267578125 0.4047623872756958 0.912632405757904 -0.05699511244893074 67.9535903930664 -0.7603352665901184 0.37055060267448425 0.533477246761322 -416.4078674316406
* 0.5076578259468079 -0.17288345098495483 0.8440384864807129 -152.1165313720703 0.4042966067790985 0.91288822889328 -0.05619828402996063 68.01751708984375 -0.7608072757720947 0.36979320645332336 0.5333297848701477 -416.1061706542969
* 0.5092118382453918 -0.1727776974439621 0.8431234955787659 -152.1652374267578 0.404738187789917 0.9126151204109192 -0.057441625744104385 68.11034393310547 -0.7595328688621521 0.3705160319805145 0.5346429944038391 -416.59246826171875
* 0.5077288150787354 -0.17163938283920288 0.8442496657371521 -151.67782592773438 0.40500959753990173 0.9124543070793152 -0.05808045342564583 68.10124969482422 -0.7603805065155029 0.3714401125907898 0.5327937006950378 -415.99688720703125
* 0.5088995695114136 -0.17298530042171478 0.8432695269584656 -151.44313049316406 0.40516039729118347 0.9124336242675781 -0.05734918639063835 67.95320892333984 -0.7595170140266418 0.37086620926856995 0.5344226360321045 -416.033447265625
* 0.5095070004463196 -0.1734311282634735 0.8428110480308533 -151.40274047851563 0.4045122265815735 0.9127597808837891 -0.056730810552835464 67.95195770263672 -0.7594552636146545 0.3698539435863495 0.5352113842964172 -416.3384094238281
* 0.5105352401733398 -0.17227394878864288 0.8424260020256042 -151.28042602539063 0.4038756191730499 0.9129568934440613 -0.05807814747095108 67.9599380493164 -0.7591034173965454 0.36990809440612793 0.5356728434562683 -416.3982238769531
* 0.5105621218681335 -0.17376694083213806 0.8421029448509216 -151.23794555664063 0.4038207232952118 0.9130842089653015 -0.056435149163007736 67.9168930053711 -0.7591145634651184 0.3688940703868866 0.5363558530807495 -416.65447998046875
* 0.5098814368247986 -0.16995617747306824 0.8432921767234802 -151.08306884765625 0.4028787612915039 0.913303017616272 -0.059542082250118256 67.9229965209961 -0.7600720524787903 0.3701257109642029 0.5341468453407288 -416.4189453125
* 0.5103395581245422 -0.1713285744190216 0.8427371382713318 -151.1332550048828 0.4035337269306183 0.9130645990371704 -0.05875811353325844 68.06383514404297 -0.7594167590141296 0.3700812757015228 0.5351088047027588 -416.6870422363281
* 0.5111023187637329 -0.17158129811286926 0.8422232866287231 -151.0467529296875 0.40367358922958374 0.9129880666732788 -0.0589858815073967 68.16556549072266 -0.7588291764259338 0.37015292048454285 0.5358921885490417 -416.2980651855469
* 0.5088238716125488 -0.1699826568365097 0.8439253568649292 -150.86233520507813 0.40306398272514343 0.9132508635520935 -0.05908605456352234 68.17604064941406 -0.760682225227356 0.3702421188354492 0.5331966876983643 -416.0456848144531
* 0.511455774307251 -0.1698717623949051 0.8423553109169006 -151.0753936767578 0.4039115607738495 0.9127374291419983 -0.06119390204548836 68.1366958618164 -0.7584643363952637 0.37155675888061523 0.5354369878768921 -416.3686828613281
* 0.5096137523651123 -0.16826477646827698 0.8437931537628174 -151.24658203125 0.4044276773929596 0.9124326705932617 -0.062318649142980576 68.07109832763672 -0.7594285607337952 0.3730334937572479 0.5330381393432617 -416.36328125
* 0.5094993114471436 -0.17004762589931488 0.843504786491394 -151.46461486816406 0.4037928879261017 0.9128767848014832 -0.05988360196352005 68.16350555419922 -0.7598429918289185 0.3711336553096771 0.5337731838226318 -416.4941101074219
* 0.5086691975593567 -0.17060686647891998 0.8438927531242371 -151.54183959960938 0.40316301584243774 0.9132512211799622 -0.058398593217134476 68.1966781616211 -0.7607330679893494 0.3699537217617035 0.5333242416381836 -416.4221496582031
* 0.5097050666809082 -0.16973328590393066 0.8434438109397888 -151.6799774169922 0.40352004766464233 0.9129804968833923 -0.060140933841466904 68.26688385009766 -0.7598499059677124 0.37102240324020386 0.5338407158851624 -416.557373046875
* 0.5091248154640198 -0.1681484431028366 0.844111442565918 -151.55960083007813 0.40328168869018555 0.9130032062530518 -0.06138187646865845 68.17774200439453 -0.7603652477264404 0.37168750166893005 0.5326429605484009 -416.3216857910156
* 0.5093759894371033 -0.1686466634273529 0.8438604474067688 -151.4354705810547 0.40389811992645264 0.9127289056777954 -0.06140802800655365 68.2275619506836 -0.7598696351051331 0.372135192155838 0.5330374836921692 -416.43548583984375
* 0.5101272463798523 -0.16848476231098175 0.8434388041496277 -151.3962860107422 0.40275251865386963 0.9132505059242249 -0.061176642775535583 68.48870849609375 -0.7599737644195557 0.37092676758766174 0.5337309241294861 -416.4909973144531
* 0.5098549127578735 -0.1687520146369934 0.8435500264167786 -151.4084930419922 0.40377822518348694 0.9127781391143799 -0.061463676393032074 68.63932037353516 -0.7596121430397034 0.37196651101112366 0.5335220694541931 -416.357421875
* 0.5091874003410339 -0.16711315512657166 0.8442791700363159 -151.14779663085938 0.4037438929080963 0.9126983284950256 -0.06285824626684189 68.50847625732422 -0.760077953338623 0.37290099263191223 0.5322046279907227 -415.93316650390625
* 0.5090447664260864 -0.1692095249891281 0.8439475893974304 -151.14585876464844 0.4023803174495697 0.9135213494300842 -0.059560101479291916 68.54800415039063 -0.7608962059020996 0.3699284791946411 0.5331091284751892 -416.1432189941406
* 0.509425938129425 -0.16778503358364105 0.8440019488334656 -151.12718200683594 0.40264227986335754 0.9132782816886902 -0.06148624047636986 68.5207748413086 -0.7605023980140686 0.3711753785610199 0.5328042507171631 -416.2458801269531
* 0.5094982981681824 -0.1672370880842209 0.8440670371055603 -151.10418701171875 0.4024736285209656 0.9133179187774658 -0.06199917942285538 68.5381088256836 -0.7605433464050293 0.3713250458240509 0.5326416492462158 -416.3529052734375
* 0.5097602605819702 -0.16713736951351166 0.8439285755157471 -151.17555236816406 0.40219545364379883 0.9134369492530823 -0.062050677835941315 68.47197723388672 -0.7605148553848267 0.3710770308971405 0.5328550338745117 -416.2020263671875
* 0.5085493326187134 -0.16609831154346466 0.8448638319969177 -151.23104858398438 0.40221744775772095 0.9133931398391724 -0.06255076080560684 68.22459411621094 -0.7613135576248169 0.37165096402168274 0.5313123464584351 -416.2290344238281
* 0.5084983706474304 -0.16661794483661652 0.8447921276092529 -151.2840118408203 0.4026041626930237 0.9132444858551025 -0.0622321180999279 68.09175872802734 -0.7611430883407593 0.37178364396095276 0.5314636826515198 -416.5202941894531
* 0.5087732672691345 -0.16579143702983856 0.8447892069816589 -151.1868133544922 0.3996974527835846 0.9145872592926025 -0.061242785304784775 67.99539184570313 -0.7624903321266174 0.36884060502052307 0.531583309173584 -416.340576171875
* 0.5087649822235107 -0.16649559140205383 0.8446556925773621 -151.18577575683594 0.39983513951301575 0.9145717024803162 -0.0605720579624176 67.93950653076172 -0.7624237537384033 0.3685617744922638 0.5318721532821655 -416.5140075683594
* 0.5090128779411316 -0.1655757874250412 0.8446871638298035 -151.24989318847656 0.4011998176574707 0.9138338565826416 -0.06265010684728622 67.92731475830078 -0.7615407705307007 0.37079983949661255 0.5315814018249512 -416.6441955566406
* 0.5079230070114136 -0.16444545984268188 0.8455635905265808 -151.16156005859375 0.39985352754592896 0.9144434332847595 -0.06236241012811661 67.77281188964844 -0.7629752159118652 0.3697986602783203 0.5302201509475708 -416.3605041503906
* 0.509175717830658 -0.164629265666008 0.8447740077972412 -151.28627014160156 0.39955341815948486 0.9145576357841492 -0.06261152029037476 67.85204315185547 -0.7622971534729004 0.3694344162940979 0.5314478278160095 -416.7234802246094
* 0.5083059668540955 -0.16365152597427368 0.8454874157905579 -151.58352661132813 0.39983034133911133 0.9143818616867065 -0.06340576708316803 67.95719909667969 -0.7627322673797607 0.37030285596847534 0.5302176475524902 -416.60614013671875
* 0.5100027322769165 -0.16248837113380432 0.8446896076202393 -151.90316772460938 0.400225967168808 0.9140371084213257 -0.06583317369222641 68.07286071777344 -0.7613908648490906 0.37166357040405273 0.5311926007270813 -416.6489562988281
* 0.5080105066299438 -0.16171303391456604 0.8460379242897034 -152.3212432861328 0.40099287033081055 0.9136778712272644 -0.06615260988473892 68.31034088134766 -0.7623186111450195 0.3728830814361572 0.5290027260780334 -416.6461486816406
* 0.5074636936187744 -0.1611301600933075 0.8464771509170532 -152.91357421875 0.40166333317756653 0.9133245944976807 -0.06695754826068878 68.42864227294922 -0.7623298168182373 0.3739990293979645 0.5281981825828552 -416.7934875488281
* 0.5047118663787842 -0.15882322192192078 0.8485558032989502 -153.3883056640625 0.40172064304351807 0.9132204055786133 -0.0680275559425354 68.31047058105469 -0.7641243934631348 0.3752383589744568 0.5247145891189575 -416.16973876953125
* 0.5049261450767517 -0.1602027863264084 0.8481688499450684 -154.3237762451172 0.4002058506011963 0.9140617251396179 -0.06561407446861267 68.18487548828125 -0.7647773623466492 0.37259402871131897 0.5256467461585999 -416.2459716796875
* 0.5017123818397522 -0.16096730530261993 0.8499293327331543 -154.97683715820313 0.40123364329338074 0.9137387871742249 -0.0638105720281601 67.93611907958984 -0.7663522362709045 0.37305647134780884 0.523018479347229 -415.9267883300781
* 0.5015468597412109 -0.1623024344444275 0.849773108959198 -155.5310821533203 0.40012842416763306 0.9143794178962708 -0.06153386831283569 67.73522186279297 -0.7670381665229797 0.3709021508693695 0.5235449075698853 -416.0183410644531
* 0.5015683174133301 -0.16357503831386566 0.8495163917541504 -156.07313537597656 0.4007027745246887 0.9141923189163208 -0.06056793034076691 67.78569030761719 -0.766724169254303 0.37080422043800354 0.5240738987922668 -416.45880126953125
* 0.5020362138748169 -0.16318359971046448 0.8493152856826782 -156.38063049316406 0.4006500244140625 0.9141734838485718 -0.06119677796959877 67.86143493652344 -0.7664453983306885 0.3710228502750397 0.524326741695404 -416.68084716796875
* 0.5011354088783264 -0.1622571498155594 0.850024402141571 -156.47305297851563 0.4010621905326843 0.9139381647109985 -0.06200543791055679 67.93019104003906 -0.766819179058075 0.37200742959976196 0.5230810642242432 -416.364990234375
* 0.5007390975952148 -0.1611783653497696 0.8504630923271179 -156.92538452148438 0.4001040458679199 0.9143376350402832 -0.06230601668357849 68.0129165649414 -0.7675783038139343 0.37149444222450256 0.522331714630127 -416.5296325683594
* 0.5023187398910522 -0.16122452914714813 0.8495222926139832 -157.41859436035156 0.40024977922439575 0.9142138957977295 -0.06317900866270065 68.23592376708984 -0.7664692401885986 0.37177878618240356 0.5237559080123901 -416.88177490234375
#
* 0.495270699262619 -0.16798701882362366 0.8523438572883606 -158.7969970703125 0.40148475766181946 0.914316713809967 -0.05309952050447464 69.17447662353516 -0.7704007625579834 0.3685165345668793 0.520279049873352 -418.0168762207031
* 0.4969133734703064 -0.16491484642028809 0.8519876599311829 -159.93045043945313 0.4036511778831482 0.9130191206932068 -0.05870740860700607 69.74820709228516 -0.7682077288627625 0.3730931282043457 0.5202599763870239 -418.1720886230469
* 0.49823302030563354 -0.16440238058567047 0.8513157367706299 -161.8175506591797 0.4049888253211975 0.9122859239578247 -0.0608535073697567 70.97061920166016 -0.7666473984718323 0.37510737776756287 0.5211125612258911 -418.9217834472656
* 0.4966958165168762 -0.1668744832277298 0.8517329096794128 -163.654541015625 0.40793225169181824 0.9110694527626038 -0.05939974635839462 72.07341003417969 -0.7660840153694153 0.37696775794029236 0.5205984115600586 -418.3406982421875
* 0.496949166059494 -0.16228549182415009 0.8524715304374695 -166.5819549560547 0.41052812337875366 0.9094333648681641 -0.0661986842751503 73.48627471923828 -0.7645313739776611 0.3828757703304291 0.5185653567314148 -418.882080078125
#
#
#
#
#
#
#
#
#
#
#
#
#
#
#
#
#
#
#
#
#
#
#
#
#
#
#
#
#
#
#
#
#
#
#
#
#
#
#
#
#
#
#
#
#
#
#
#
#
#
#
#
#
#
#
#
#
#
#
#
#
#
#
#
#
#
#
#
#
#
#
#
#
#
#
#
#
#
#
#
#
#
#
#
#
#
#
#
#
#
#
#
#
#
#
#
#
#
#
#
#
#
#
#
#
#
#
#
#
#
#
#
#
#
#
#
#
#
#
#
#
#
#
#
#
#
#
#
#
#
#
#
#
#
#
#
#
#
#
#
#
#
#
#
#
#
#
#
#
#
#
#
#
#
#
#
#
#
#
#
#
#
#
#
#
#
#
#
#
#
#
#
#
#
#
#
#
#
#
#
#
#
#
#
#
#
#
#
#
#
#
#
#
#
#
#
#
#
#
#
#
#
#
#
#
#
#
#
#
#
#
#
#
#
#
#
#
#
#
#
#
#
#
#
#
#
#
#
#
#
#
#
#
#
#
#
#
#
#
#
#
#
#
#
#
#
#
#
#
#
#
#
#
#
#
#
#
#
#
#
#
#
#
#
#
#
#
#
#
#
#
#
#
#
#
#
#
#
#
#
#
#
#
#
#
#
#
#
#
#
#
#
#
#
#
#
#
#
#
#
#
#
#
#
#
#
#
#
#
#
#
#
#
#
#
#
#
#
#
#
#
#
#
#
#
#
#
#
#
#
#
#
#
#
#
#
#
#
#
#
#
#
#
* 0.9983140230178833 -0.00137384794652462 -0.0580255426466465 -126.02371978759766 -7.131043821573257E-5 0.999704897403717 -0.02431141585111618 182.09719848632813 0.05803895741701126 0.024271160364151 0.9980189204216003 -778.0057983398438
* 0.9927390813827515 -8.076867088675499E-4 -0.12028398364782333 -130.9696502685547 -0.012240421026945114 0.9941391944885254 -0.10741721093654633 178.45494079589844 0.11966294050216675 0.10810615867376328 0.9869109988212585 -779.6965942382813
* 0.9994075894355774 -0.02672080509364605 0.02168300375342369 -137.0091552734375 0.026628296822309494 0.9996414184570313 0.0029870420694351196 182.2563934326172 -0.021757960319519043 -0.0024111829698085785 0.999760091304779 -782.6755981445313
* 0.9998108744621277 -0.016404306516051292 -0.010433787479996681 -139.5986328125 0.015742208808660507 0.9982115626335144 -0.05767874792218208 186.9811553955078 0.011358402669429779 0.05750023201107979 0.9982805848121643 -782.0030517578125
* 0.9997794032096863 -0.0027619064785540104 -0.020817968994379044 -140.16696166992188 7.192714256234467E-4 0.9953926205635071 -0.09588535130023956 184.79713439941406 0.020984012633562088 0.09584581106901169 0.9951747059822083 -769.33544921875
* 0.996275782585144 0.01052918378263712 -0.08557789772748947 -143.7315216064453 -0.018515881150960922 0.9955247044563293 -0.09267495572566986 185.34385681152344 0.08421628922224045 0.09391093254089355 0.9920119643211365 -771.7125244140625
* 0.999963641166687 -2.3488006263505667E-4 -0.008521074429154396 -156.77687072753906 -7.425213698297739E-5 0.9994794130325317 -0.03227932006120682 198.5935821533203 0.00852138176560402 0.03227541595697403 0.9994423985481262 -803.9257202148438
* 0.9999140501022339 -0.004327220376580954 0.012369565665721893 -155.2682647705078 0.005114174447953701 0.9977321028709412 -0.06712184846401215 196.35159301757813 -0.012053907848894596 0.0671759769320488 0.9976679682731628 -769.644775390625
#
#
#
#
* 0.9998276233673096 0.00617954833433032 0.01749247871339321 -149.281494140625 -0.0038974338676780462 0.9919546246528625 -0.12653808295726776 191.53196716308594 -0.018132401630282402 0.12644512951374054 0.9918076992034912 -786.88330078125
* 0.9997473955154419 0.012503175996243954 0.018658161163330078 -142.92298889160156 -0.010398213751614094 0.9941020011901855 -0.10795468091964722 190.3175048828125 -0.01989659294486046 0.1077304556965828 0.9939808249473572 -774.0444946289063
* 0.9999396204948425 0.005558750592172146 0.009436058811843395 -141.3355712890625 -0.004620755556970835 0.9954955577850342 -0.09470108151435852 191.41912841796875 -0.00991870742291212 0.0946488082408905 0.9954610466957092 -771.4927368164063
* 0.9968944787979126 -0.017812319099903107 0.0767037495970726 -140.34852600097656 0.012470101937651634 0.9974818825721741 0.06982363760471344 180.02764892578125 -0.07775307446718216 -0.06865322589874268 0.9946057796478271 -776.2417602539063
* 0.9999968409538269 7.594360504299402E-4 0.002229417208582163 -142.4087371826172 -7.334293914027512E-4 0.9999961853027344 -0.0028486461378633976 176.05235290527344 -0.002230319194495678 0.0028440605383366346 0.999993085861206 -775.9136962890625
* 0.9968438744544983 -0.012179837562143803 0.07844212651252747 -145.21641540527344 0.010876139625906944 0.9997921586036682 0.017275607213377953 184.07305908203125 -0.07863498479127884 -0.016370881348848343 0.9967687129974365 -780.7454223632813
* 0.9997557997703552 0.0031188074499368668 0.02185998111963272 -143.19859313964844 -0.001173660857602954 0.9961601495742798 -0.08754785358905792 183.8678741455078 -0.02204781398177147 0.08749785274267197 0.9959203600883484 -773.7601928710938
* 0.9997988939285278 0.012045072391629219 -0.016009021550416946 -144.7433624267578 -0.012232206761837006 0.999842643737793 -0.012883186340332031 184.6965789794922 0.01585262268781662 0.01307348906993866 0.9997885227203369 -778.1316528320313
* 0.9986607432365417 0.022679412737488747 -0.04649423062801361 -154.10983276367188 -0.026323456317186356 0.9964665174484253 -0.07976508140563965 194.41168212890625 0.044522255659103394 0.08087918907403946 0.9957287311553955 -795.797119140625
* 0.9997916221618652 0.012526835314929485 0.016100410372018814 -162.0605926513672 -0.011830576695501804 0.999070942401886 -0.04145115613937378 200.00660705566406 -0.01660337671637535 0.041249070316553116 0.9990106225013733 -792.5991821289063
* 0.9934988617897034 -0.031129490584135056 0.1095007061958313 -164.6985321044922 0.01712895557284355 0.9917910099029541 0.12672093510627747 207.81985473632813 -0.11254530400037766 -0.124024398624897 0.98587566614151 -787.9074096679688
#
#
#
#
#
#
#
#
#
* 0.9996925592422485 0.02217864990234375 0.013004598207771778 -137.8170928955078 -0.018133968114852905 0.980178952217102 -0.1971571147441864 222.6224822998047 -0.016909195110201836 0.19684141874313354 0.9802857041358948 -775.461669921875
* 0.9981692433357239 0.004189004190266132 0.06072039157152176 -133.93043518066406 -0.001421403605490923 0.9995721578598022 -0.02835492417216301 213.7180633544922 -0.06060352921485901 0.028193455189466476 0.997759997844696 -776.4271240234375
* 0.9981132745742798 0.008865590207278728 0.06113618612289429 -131.81813049316406 -0.005473824217915535 0.9992221593856812 -0.038414523005485535 202.1334686279297 -0.06121945008635521 0.03798512741923332 0.9973976016044617 -774.4810791015625
* 0.9988867044448853 0.012982223182916641 0.04585978388786316 -132.71009826660156 -0.009748697280883789 0.9987950921058655 -0.047581300139427185 194.32801818847656 -0.046212244778871536 0.04705985262989998 0.9978188276290894 -775.0872192382813
* 0.9995923638343811 0.02512545697391033 -0.015159904956817627 -137.18850708007813 -0.024578528478741646 0.9991018772125244 -0.03379053995013237 186.67166137695313 0.014507679268717766 0.03413054347038269 0.9993084669113159 -778.0096435546875
* 0.9979389905929565 0.03694149851799011 -0.052907977253198624 -145.536865234375 -0.040100861340761185 0.9958986639976501 -0.08079732954502106 179.3839569091797 0.04991656914353371 0.08273611962795258 0.9953169822692871 -787.5455322265625
* 0.9906144738197327 0.048445217311382294 -0.12799373269081116 -155.6568603515625 -0.060141224414110184 0.993376612663269 -0.09765338897705078 171.14422607421875 0.12262435257434845 0.10442064702510834 0.9869409203529358 -788.5741577148438
* 0.982201099395752 0.048575229942798615 -0.18157094717025757 -171.29507446289063 -0.060843225568532944 0.9957693219184875 -0.06849736720323563 164.04444885253906 0.17768286168575287 0.07831165194511414 0.9809631705284119 -793.15625
* 0.9754557013511658 0.053327035158872604 -0.21374985575675964 -189.13644409179688 -0.06449983268976212 0.9966086745262146 -0.050606440752744675 154.58059692382813 0.21053223311901093 0.06313827633857727 0.9755421280860901 -789.2423706054688
* 0.9771840572357178 0.044519659131765366 -0.2077876180410385 -207.13441467285156 -0.05735801160335541 0.9964457154273987 -0.06128620356321335 146.52090454101563 0.20452681183815002 0.07179144769906998 0.976220965385437 -779.6390380859375
* 0.9895809888839722 0.03576702997088432 -0.13963009417057037 -223.39352416992188 -0.045847631990909576 0.9959271550178528 -0.07731280475854874 143.87033081054688 0.13650473952293396 0.08289242535829544 0.9871615171432495 -775.6815185546875
* 0.9997392296791077 0.020932191982865334 0.011384029872715473 -237.36973571777344 -0.018974892795085907 0.9969862103462219 -0.07489186525344849 147.2232666015625 -0.012707095593214035 0.07463664561510086 0.997126042842865 -785.1671752929688
