#
#
#
#
#
#
#
#
#
#
#
#
#
#
#
#
#
#
#
#
#
#
#
#
#
#
#
#
#
#
#
#
#
#
#
#
#
#
#
#
#
#
#
#
#
#
#
#
#
#
#
#
#
#
#
#
#
#
#
#
#
#
#
#
#
#
#
#
#
#
#
#
#
#
#
#
#
#
#
#
#
#
#
#
#
#
#
#
#
#
#
#
#
#
#
#
#
#
#
#
#
#
#
#
#
#
#
#
#
#
#
#
#
#
#
#
#
#
#
#
#
#
#
#
#
#
#
#
#
#
* 0.5868701338768005 -0.16112300753593445 0.7934563755989075 -133.08624267578125 0.2751205563545227 0.9614474773406982 -0.008067585527896881 26.654308319091797 -0.7615039944648743 0.22285069525241852 0.608574390411377 -356.2554626464844
* 0.595295786857605 -0.1540239453315735 0.7885743975639343 -130.2051544189453 0.2732812464237213 0.9618326425552368 -0.01824869215488434 27.836671829223633 -0.7556027770042419 0.22618600726127625 0.6146689057350159 -357.1336975097656
* 0.5998010635375977 -0.15086416900157928 0.7857662439346313 -127.55423736572266 0.2715580463409424 0.9622339606285095 -0.022356167435646057 29.312694549560547 -0.7526548504829407 0.22661054134368896 0.6181196570396423 -358.1063537597656
* 0.6065830588340759 -0.1478630155324936 0.781116783618927 -124.58280944824219 0.27011170983314514 0.9625115990638733 -0.027368346229195595 30.74062728881836 -0.7477235198020935 0.2274102419614792 0.6237850189208984 -358.1849060058594
* 0.6139948964118958 -0.14255763590335846 0.7762972712516785 -121.99212646484375 0.26831743121147156 0.9627577662467957 -0.03523087501525879 32.469669342041016 -0.7422997951507568 0.22974608838558197 0.6293817758560181 -359.091552734375
* 0.622664749622345 -0.13730226457118988 0.770315945148468 -119.3272476196289 0.26532182097435 0.9632909893989563 -0.04257609695196152 34.484107971191406 -0.7361280918121338 0.23071284592151642 0.6362394690513611 -359.6064453125
* 0.6317359805107117 -0.1283976137638092 0.7644433379173279 -116.94709777832031 0.2641102373600006 0.9629175066947937 -0.056334011256694794 36.66151428222656 -0.7287980914115906 0.23730622231960297 0.6422248482704163 -360.2798767089844
* 0.6400126218795776 -0.12040993571281433 0.7588379979133606 -114.55352783203125 0.26461103558540344 0.9618569612503052 -0.0703573226928711 38.73711013793945 -0.7213574647903442 0.24564717710018158 0.647467851638794 -359.4150695800781
* 0.643246591091156 -0.11251001805067062 0.7573143839836121 -112.44538116455078 0.2648608982563019 0.9608636498451233 -0.08202222734689713 40.38655090332031 -0.7183833122253418 0.2531642019748688 0.6478789448738098 -357.8183898925781
* 0.6492623686790466 -0.10945398360490799 0.7526140809059143 -111.17522430419922 0.26345425844192505 0.9607806205749512 -0.08735180646181107 41.86497116088867 -0.7134716510772705 0.25481438636779785 0.6526420712471008 -357.4808654785156
* 0.6461291313171387 -0.10178059339523315 0.7563779354095459 -109.84642791748047 0.2657161056995392 0.959157407283783 -0.09772340208292007 42.7847785949707 -0.7154752612113953 0.26394444704055786 0.6467939615249634 -355.4621276855469
* 0.643389105796814 -0.09655613452196121 0.759392499923706 -109.52794647216797 0.2666703760623932 0.9582428932189941 -0.10390028357505798 42.89379119873047 -0.7175865769386292 0.26917654275894165 0.6422829627990723 -354.3932800292969
* 0.6435460448265076 -0.09624204784631729 0.7592993974685669 -110.29924011230469 0.2661954164505005 0.9583700299263 -0.10394584387540817 43.13258743286133 -0.7176221013069153 0.26883673667907715 0.6423856616020203 -354.79693603515625
* 0.640084445476532 -0.09201487898826599 0.7627415657043457 -110.99882507324219 0.2665809392929077 0.957817792892456 -0.10797012597322464 43.362037658691406 -0.7205689549446106 0.27226316928863525 0.6376261711120605 -354.36370849609375
* 0.6377489566802979 -0.0924670621752739 0.7646408677101135 -111.8418960571289 0.26628541946411133 0.9581157565116882 -0.10603880882263184 43.306785583496094 -0.7227455973625183 0.27105972170829773 0.6356724500656128 -354.140625
* 0.6372635960578918 -0.09176985919475555 0.7651293277740479 -113.07030487060547 0.26701024174690247 0.9577713012695313 -0.10732027888298035 43.3166389465332 -0.7229064702987671 0.2725095748901367 0.6348690390586853 -354.70538330078125
* 0.6381891965866089 -0.09149421006441116 0.7643904685974121 -114.3049087524414 0.2678190767765045 0.9573767185211182 -0.1088152825832367 43.682369232177734 -0.721790075302124 0.27398398518562317 0.6355043053627014 -355.4346923828125
* 0.6389538049697876 -0.090815968811512 0.7638323903083801 -115.67170715332031 0.2680753767490387 0.9571402072906494 -0.11025549471378326 44.42115020751953 -0.7210181951522827 0.27503371238708496 0.6359268426895142 -356.1575012207031
* 0.6356823444366455 -0.086627297103405 0.7670417428016663 -117.30694580078125 0.2688146233558655 0.9564257860183716 -0.11457087844610214 45.22203826904297 -0.7236301302909851 0.2788436710834503 0.6312838792800903 -356.4257507324219
* 0.6286817789077759 -0.08263276517391205 0.7732272744178772 -119.60331726074219 0.27123814821243286 0.9552927017211914 -0.11825311183929443 46.01533889770508 -0.7288237810134888 0.28389325737953186 0.6230042576789856 -356.4772644042969
* 0.6231375336647034 -0.08224739879369736 0.7777431607246399 -122.24437713623047 0.27306440472602844 0.954850971698761 -0.1176161989569664 46.774818420410156 -0.7328923940658569 0.2854858636856079 0.6174790263175964 -356.3236999511719
* 0.6195386648178101 -0.081717349588871 0.7806686758995056 -124.5821533203125 0.27369973063468933 0.9547348022460938 -0.11708123981952667 47.41748809814453 -0.7357013821601868 0.2860259413719177 0.6138782501220703 -355.77764892578125
* 0.6185832619667053 -0.08438967913389206 0.7811419367790222 -126.60710906982422 0.27443283796310425 0.9549005627632141 -0.11397193372249603 47.894248962402344 -0.736232340335846 0.28469276428222656 0.6138613820075989 -355.5946960449219
* 0.6156300902366638 -0.08649816364049911 0.7832415103912354 -128.04379272460938 0.275959849357605 0.9547786116600037 -0.11127478629350662 48.427894592285156 -0.7381349802017212 0.28446781635284424 0.6116769313812256 -355.2322998046875
* 0.6148571372032166 -0.0857226699590683 0.7839336395263672 -129.35877990722656 0.27574422955513 0.9547938108444214 -0.11167819052934647 48.974037170410156 -0.7388593554496765 0.28465187549591064 0.6107159852981567 -355.1349182128906
* 0.6122632026672363 -0.07941479980945587 0.7866235971450806 -130.8311767578125 0.2761499583721161 0.9538595676422119 -0.11845353245735168 49.314456939697266 -0.7408592700958252 0.2895715534687042 0.605961799621582 -354.8266906738281
* 0.6104344129562378 -0.07874121516942978 0.7881112098693848 -132.71153259277344 0.2761472761631012 0.9538667798042297 -0.11840160191059113 49.87191390991211 -0.7423678040504456 0.2897319495677948 0.6040358543395996 -355.0802001953125
* 0.6066062450408936 -0.07840661704540253 0.7910947799682617 -134.1448211669922 0.2768666744232178 0.9537593126296997 -0.11758450418710709 50.339210510253906 -0.7452324628829956 0.2901760935783386 0.6002835035324097 -354.50872802734375
* 0.6045783758163452 -0.07990764081478119 0.7924957275390625 -135.85165405273438 0.27685269713401794 0.9541006088256836 -0.11481666564941406 50.916221618652344 -0.7468836903572083 0.2886410355567932 0.5989699959754944 -354.538818359375
#
#
#
#
#
#
#
#
#
#
#
#
#
#
#
#
#
$ 640 434
#
#
#
#
#
#
#
#
#
#
#
* 0.6000406742095947 -0.09285172075033188 0.7945932149887085 -137.3241729736328 0.27439767122268677 0.9567236304283142 -0.09573258459568024 48.27283477783203 -0.7514407634735107 0.27577731013298035 0.5995467901229858 -357.2148742675781
* 0.6004443764686584 -0.09107933938503265 0.7944933772087097 -136.91787719726563 0.2726801037788391 0.957119882106781 -0.0966748371720314 48.09882354736328 -0.7517445087432861 0.2749895453453064 0.5995279550552368 -357.59197998046875
* 0.6021657586097717 -0.0909428596496582 0.7932050824165344 -136.61660766601563 0.27260085940361023 0.9570550918579102 -0.09753555059432983 47.97661209106445 -0.7503950595855713 0.27526018023490906 0.6010922193527222 -357.79705810546875
* 0.6025876402854919 -0.08795828372240067 0.7932213544845581 -136.46435546875 0.27203187346458435 0.9568716287612915 -0.10086759924888611 47.811702728271484 -0.7502632737159729 0.27686217427253723 0.6005207300186157 -357.83917236328125
* 0.5999356508255005 -0.08662421256303787 0.7953754663467407 -136.30453491210938 0.27135464549064636 0.9570753574371338 -0.1007593646645546 47.49162292480469 -0.7526305913925171 0.2765769362449646 0.5976830124855042 -357.67449951171875
* 0.600483238697052 -0.08721446990966797 0.7948975563049316 -136.27365112304688 0.2701426148414612 0.9575679302215576 -0.09932655096054077 47.1402587890625 -0.7526305317878723 0.27467846870422363 0.5985578298568726 -357.8486022949219
* 0.600941002368927 -0.08864618092775345 0.7943931221961975 -135.99630737304688 0.2689615786075592 0.9581528306007385 -0.09686075150966644 46.684383392333984 -0.7526888847351074 0.27216750383377075 0.5996305346488953 -357.8929748535156
* 0.6004322171211243 -0.08709849417209625 0.7949488162994385 -135.75437927246094 0.26883578300476074 0.9580308198928833 -0.0984046459197998 46.18905258178711 -0.753139853477478 0.27309468388557434 0.5986419320106506 -358.277099609375
* 0.6025863885879517 -0.08507797867059708 0.7935363054275513 -135.68727111816406 0.26742926239967346 0.9581896662712097 -0.10066388547420502 45.89936828613281 -0.7519197463989258 0.2731720805168152 0.6001384854316711 -358.7095642089844
* 0.6029542088508606 -0.0844530537724495 0.7933236360549927 -135.89352416992188 0.2664767801761627 0.9584386348724365 -0.1008191853761673 45.76289367675781 -0.7519636154174805 0.27249011397361755 0.6003934741020203 -359.1175231933594
* 0.6031967401504517 -0.08473396301269531 0.7931091785430908 -136.2572784423828 0.2678805887699127 0.9579532742500305 -0.10170800238847733 45.74810028076172 -0.7512691020965576 0.2741071581840515 0.6005269289016724 -359.61346435546875
* 0.6039079427719116 -0.08314087986946106 0.7927365303039551 -136.78408813476563 0.2685365676879883 0.9574721455574036 -0.10447143018245697 46.00951385498047 -0.7504627108573914 0.2762686014175415 0.6005447506904602 -360.1866149902344
* 0.6017206907272339 -0.08276327699422836 0.7944373488426208 -137.30308532714844 0.26799216866493225 0.9577274918556213 -0.10352461040019989 46.264625549316406 -0.7524120807647705 0.2754945456981659 0.598457396030426 -360.4522399902344
* 0.603155255317688 -0.0848274752497673 0.7931306958198547 -138.1173858642578 0.26821044087409973 0.9578469395637512 -0.1018405482172966 46.6652946472168 -0.751184344291687 0.27445030212402344 0.600476086139679 -361.4822082519531
* 0.6003479361534119 -0.08408824354410172 0.7953363060951233 -138.684326171875 0.26881396770477295 0.9576632380485535 -0.10197669267654419 46.935264587402344 -0.7532145977020264 0.2753176987171173 0.5975285768508911 -361.7952575683594
* 0.5946837067604065 -0.08347660303115845 0.799644410610199 -139.2519073486328 0.26903170347213745 0.9577680230140686 -0.1004066914319992 46.51392364501953 -0.7576175928115845 0.27513858675956726 0.5920192003250122 -361.9950256347656
* 0.589481770992279 -0.08255855739116669 0.803581714630127 -139.98458862304688 0.2670786678791046 0.9585890769958496 -0.09775035083293915 45.26250457763672 -0.7623605728149414 0.272539883852005 0.5871120691299438 -362.7490234375
* 0.5884039998054504 -0.08763176947832108 0.8038343787193298 -141.0916748046875 0.2640078663825989 0.9603019952774048 -0.08887707442045212 43.545166015625 -0.764262318611145 0.2648122310638428 0.5881749391555786 -365.009033203125
* 0.5878686308860779 -0.09232845157384872 0.80370032787323 -142.00033569335938 0.2624729871749878 0.9613458514213562 -0.08186160027980804 41.628173828125 -0.7652033567428589 0.2593713402748108 0.5893747210502625 -367.86260986328125
* 0.5875933170318604 -0.09383504092693329 0.8037270903587341 -142.7275390625 0.2597314417362213 0.9624242186546326 -0.07783674448728561 39.87831115722656 -0.7663509845733643 0.25478705763816833 0.589883029460907 -370.8533020019531
* 0.5886155962944031 -0.09497828781604767 0.8028442859649658 -143.5970916748047 0.25679171085357666 0.9634685516357422 -0.07460372895002365 38.76573181152344 -0.7665587067604065 0.25037384033203125 0.591500461101532 -374.5564270019531
* 0.589715838432312 -0.09774532169103622 0.8017039895057678 -144.2570037841797 0.25542476773262024 0.9641297459602356 -0.07065080851316452 37.91644287109375 -0.7661705017089844 0.24673596024513245 0.5935288071632385 -378.1673889160156
* 0.5926773548126221 -0.10039445757865906 0.7991887331008911 -145.17164611816406 0.2545539140701294 0.9645559191703796 -0.06792441010475159 37.56599807739258 -0.7641728520393372 0.24399079382419586 0.5972275137901306 -382.9579162597656
* 0.6001970767974854 -0.10048536211252213 0.7935453653335571 -146.562744140625 0.2556147575378418 0.9640107750892639 -0.07158052921295166 38.3226318359375 -0.7579227685928345 0.2461014688014984 0.6042841672897339 -388.5359802246094
* 0.5988985300064087 -0.10100045055150986 0.7944605350494385 -148.024658203125 0.259916216135025 0.9626872539520264 -0.07386615872383118 39.659786224365234 -0.757484495639801 0.25102922320365906 0.6028048992156982 -392.599853515625
* 0.5931327939033508 -0.10066111385822296 0.7988171577453613 -149.61537170410156 0.2620094120502472 0.9621387124061584 -0.07361957430839539 40.33338165283203 -0.7612897157669067 0.2532617151737213 0.5970500111579895 -395.4787292480469
* 0.5921622514724731 -0.10302526503801346 0.7992356419563293 -151.80123901367188 0.2630990147590637 0.9620205163955688 -0.07123936712741852 40.59443283081055 -0.7616688013076782 0.2527614235877991 0.5967785120010376 -399.79010009765625
* 0.5899897813796997 -0.10513408482074738 0.800566554069519 -154.0519256591797 0.2627006769180298 0.9623968005180359 -0.06752987951040268 40.65830993652344 -0.7634903788566589 0.2504492998123169 0.5954241156578064 -404.4421691894531
* 0.5891848206520081 -0.10642572492361069 0.8009886145591736 -156.61639404296875 0.26217010617256165 0.9626988172531128 -0.06524793803691864 40.67145919799805 -0.7642943859100342 0.2487362176179886 0.5951107144355774 -409.7515563964844
* 0.5904514193534851 -0.1134745180606842 0.7990862131118774 -158.84303283691406 0.2610809803009033 0.9635533690452576 -0.056400708854198456 41.18374252319336 -0.7636901140213013 0.2422257959842682 0.5985620617866516 -415.6413879394531
* 0.5883576273918152 -0.1205536425113678 0.7995938658714294 -159.89727783203125 0.2618747353553772 0.9638080596923828 -0.047696154564619064 41.94393539428711 -0.7650328874588013 0.23775357007980347 0.5986405611038208 -421.2052917480469
* 0.5868056416511536 -0.12138313800096512 0.800608217716217 -160.037353515625 0.26097381114959717 0.9641625285148621 -0.04541539400815964 42.10047149658203 -0.7665319442749023 0.2358853816986084 0.597460925579071 -425.8534240722656
* 0.5887815952301025 -0.1211412250995636 0.7991929054260254 -160.43521118164063 0.2586972713470459 0.9648112058639526 -0.04465741664171219 41.42757797241211 -0.7657892107963562 0.23333977162837982 0.599409818649292 -431.0329895019531
* 0.5893899202346802 -0.121536023914814 0.7986844182014465 -161.21275329589844 0.25620904564857483 0.9655744433403015 -0.042453646659851074 40.44715118408203 -0.7661591172218323 0.22994881868362427 0.6002470254898071 -436.75244140625
* 0.5879497528076172 -0.1300552636384964 0.7984039783477783 -161.58547973632813 0.2523071765899658 0.9671110510826111 -0.028579773381352425 39.92330551147461 -0.7685590386390686 0.21854272484779358 0.6014388799667358 -443.5094909667969
* 0.5875853300094604 -0.13583651185035706 0.7977091670036316 -160.73692321777344 0.24807557463645935 0.968457043170929 -0.01813429966568947 40.178016662597656 -0.7702158093452454 0.20884311199188232 0.6027641892433167 -450.2052001953125
* 0.5928440690040588 -0.13597692549228668 0.7937847375869751 -159.12420654296875 0.24918171763420105 0.9681242108345032 -0.0205792635679245 41.326927185058594 -0.7658154368400574 0.21029260754585266 0.6078457236289978 -456.6880187988281
* 0.604123592376709 -0.13189391791820526 0.7859304547309875 -157.6147918701172 0.2492079883813858 0.9678881168365479 -0.029450466856360435 42.926170349121094 -0.7569396495819092 0.21394768357276917 0.6176093816757202 -462.5494689941406
* 0.6129912734031677 -0.1291973888874054 0.7794856429100037 -156.8694305419922 0.2508791983127594 0.9671851992607117 -0.03730805218219757 44.48691940307617 -0.7492172718048096 0.2187223732471466 0.6253052949905396 -467.4617919921875
* 0.6196792125701904 -0.12579864263534546 0.7747390270233154 -156.5846405029297 0.2506350874900818 0.9669769406318665 -0.04378388822078705 45.77036666870117 -0.7437770962715149 0.22160497307777405 0.6307611465454102 -472.1859436035156
* 0.6206285953521729 -0.11951632797718048 0.7749736905097961 -156.43569946289063 0.24909146130084991 0.9670395255088806 -0.05067063495516777 46.87062072753906 -0.7435048222541809 0.22478310763835907 0.6299570202827454 -476.1541748046875
* 0.618220865726471 -0.12213386595249176 0.7764886617660522 -155.93138122558594 0.2464732676744461 0.9680227041244507 -0.04430032894015312 46.967769622802734 -0.7463794946670532 0.21906675398349762 0.6285699009895325 -478.9066162109375
* 0.6193862557411194 -0.12396378815174103 0.7752689719200134 -155.57305908203125 0.24151648581027985 0.9695286750793457 -0.03825470432639122 45.88894271850586 -0.7470362186431885 0.2112295776605606 0.6304693818092346 -484.1314697265625
* 0.6208804249763489 -0.12488366663455963 0.7739250063896179 -154.1106414794922 0.23770812153816223 0.9706135392189026 -0.03440472483634949 44.27793502807617 -0.7470195293426514 0.2056237906217575 0.6323395371437073 -487.78057861328125
* 0.6272342205047607 -0.12719443440437317 0.768405556678772 -153.05796813964844 0.23337814211845398 0.9718107581138611 -0.029965929687023163 42.98044967651367 -0.7430683970451355 0.19841836392879486 0.6392590403556824 -492.5028076171875
* 0.6323724389076233 -0.1254824846982956 0.7644655704498291 -152.06118774414063 0.22871696949005127 0.9729226231575012 -0.029827015474438667 41.093929290771484 -0.7401593923568726 0.19400101900100708 0.6439722776412964 -497.4150695800781
* 0.632689893245697 -0.1277020424604416 0.763835072517395 -150.6339111328125 0.22312727570533752 0.9744224548339844 -0.022238869220018387 38.682044982910156 -0.7415961027145386 0.18479476869106293 0.6450262069702148 -501.7624206542969
* 0.6292592883110046 -0.13387468457221985 0.7656099796295166 -148.2913055419922 0.2192816287279129 0.9754974246025085 -0.009982536546885967 37.114261627197266 -0.745653510093689 0.1744569092988968 0.6432249546051025 -504.5124816894531
* 0.6296935677528381 -0.13583502173423767 0.7649073004722595 -145.85513305664063 0.21606115996837616 0.9762548804283142 -0.004830477759242058 36.682254791259766 -0.7462286353111267 0.1685989797115326 0.6441195011138916 -508.7861633300781
* 0.633954644203186 -0.14081645011901855 0.7604739665985107 -142.85745239257813 0.21273426711559296 0.9769918918609619 0.0032354677096009254 36.854248046875 -0.7435735464096069 0.1600174903869629 0.6493578553199768 -512.728759765625
* 0.6429731249809265 -0.13950727880001068 0.7531080842018127 -140.11672973632813 0.21318213641643524 0.9768986701965332 -0.0013783570611849427 38.08686828613281 -0.7356584668159485 0.16172532737255096 0.6578938961029053 -516.9717407226563
* 0.657721996307373 -0.13515229523181915 0.741069495677948 -137.87864685058594 0.21406957507133484 0.9766291379928589 -0.01222123671323061 39.647926330566406 -0.7222377061843872 0.16696889698505402 0.6713171601295471 -520.4718017578125
* 0.668879508972168 -0.13197733461856842 0.7315945625305176 -136.95465087890625 0.21481828391551971 0.9763234257698059 -0.020622309297323227 41.162872314453125 -0.7116897702217102 0.17124435305595398 0.6814292073249817 -524.2810668945313
* 0.6820088624954224 -0.13302624225616455 0.7191776037216187 -137.9863739013672 0.21689656376838684 0.9757471084594727 -0.02555360645055771 44.054080963134766 -0.698473334312439 0.17370593547821045 0.694358766078949 -532.5209350585938
* 0.6686304211616516 -0.12996484339237213 0.7321823239326477 -136.30055236816406 0.22328369319438934 0.9741365313529968 -0.031335026025772095 45.016937255859375 -0.7093091011047363 0.18472808599472046 0.6803888082504272 -527.1782836914063
* 0.6603276133537292 -0.13041938841342926 0.7395990490913391 -138.07412719726563 0.2253362238407135 0.973711371421814 -0.02982301078736782 44.32508087158203 -0.7164022326469421 0.18664385378360748 0.6723873019218445 -529.3062133789063
* 0.6715053915977478 -0.13245345652103424 0.7290988564491272 -143.00274658203125 0.2267230749130249 0.9733089804649353 -0.03234104439616203 45.44158935546875 -0.705489456653595 0.18731340765953064 0.6836454272270203 -538.2896728515625
* 0.6700105667114258 -0.13116416335105896 0.7307053208351135 -146.3399658203125 0.23003752529621124 0.9723750948905945 -0.03673027828335762 47.81094741821289 -0.7058357000350952 0.19299262762069702 0.68170565366745 -541.35986328125
* 0.6643912196159363 -0.13657933473587036 0.7348324656486511 -148.37245178222656 0.23277756571769714 0.97194904088974 -0.030155766755342484 49.169593811035156 -0.7102342844009399 0.19138126075267792 0.6775789856910706 -540.8577270507813
* 0.658147931098938 -0.1355597972869873 0.7406167387962341 -149.7408447265625 0.23429769277572632 0.9715661406517029 -0.03071688488125801 49.589054107666016 -0.7155272960662842 0.19403482973575592 0.6712257266044617 -540.5975952148438
* 0.6578531861305237 -0.13822664320468903 0.7403856515884399 -151.503173828125 0.2352679818868637 0.9714130163192749 -0.02802434377372265 49.69989013671875 -0.7154794335365295 0.1929187774658203 0.6715983152389526 -542.4286499023438
* 0.6607770919799805 -0.1417376697063446 0.7371107935905457 -152.82388305664063 0.2328757643699646 0.9721404910087585 -0.02217070572078228 49.93869400024414 -0.7135661840438843 0.18659844994544983 0.6754087805747986 -545.5587768554688
* 0.6589409708976746 -0.14401569962501526 0.7383118867874146 -152.4095001220703 0.22971700131893158 0.9730198383331299 -0.015565323643386364 50.171226501464844 -0.716284990310669 0.18015210330486298 0.6742802262306213 -546.877685546875
* 0.6631686687469482 -0.14255324006080627 0.7348020076751709 -151.9874267578125 0.226187065243721 0.9738466739654541 -0.015551733784377575 49.45052719116211 -0.7135030627250671 0.17680831253528595 0.6781041026115417 -549.76025390625
* 0.6642488241195679 -0.1384720653295517 0.7346066832542419 -152.32467651367188 0.22308388352394104 0.9745132923126221 -0.018367135897278786 48.127376556396484 -0.7134770154953003 0.17637109756469727 0.6782453060150146 -552.3604736328125
* 0.665930449962616 -0.13348796963691711 0.7340065836906433 -154.7032012939453 0.22413861751556396 0.9740826487541199 -0.02654564194381237 48.589237213134766 -0.7115755677223206 0.18248902261257172 0.6786242723464966 -556.475341796875
* 0.6595175862312317 -0.13075138628482819 0.7402625679969788 -157.05223083496094 0.2235960215330124 0.9741814732551575 -0.027479685842990875 48.91990280151367 -0.717693567276001 0.18393532931804657 0.6717563271522522 -558.1229858398438
* 0.6582302451133728 -0.1284942328929901 0.7418019771575928 -159.52969360351563 0.2206793874502182 0.9748514890670776 -0.02729475125670433 48.96546936035156 -0.7197771072387695 0.18195849657058716 0.670063316822052 -559.753662109375
* 0.6595272421836853 -0.13064618408679962 0.7402726411819458 -161.88893127441406 0.2187378853559494 0.9753978848457336 -0.023077761754393578 48.94781494140625 -0.7191833853721619 0.17743751406669617 0.67191082239151 -562.2318725585938
* 0.6575577855110168 -0.129332035779953 0.742252767086029 -163.434326171875 0.21696320176124573 0.9758071899414063 -0.022519245743751526 48.50251388549805 -0.7215217351913452 0.1761404126882553 0.6697415113449097 -563.4500122070313
* 0.6584291458129883 -0.13102443516254425 0.7411827445030212 -164.6134490966797 0.21313495934009552 0.9767619967460632 -0.017009081318974495 47.78112030029297 -0.7218703031539917 0.1694616824388504 0.6710876822471619 -566.2816772460938
* 0.6635779142379761 -0.12999434769153595 0.7367590665817261 -166.0199432373047 0.21270953118801117 0.976806640625 -0.019575318321585655 47.969139099121094 -0.7172661423683167 0.16999587416648865 0.6758723258972168 -569.8950805664063
* 0.6702412962913513 -0.1304650753736496 0.7306185960769653 -167.88079833984375 0.2115086019039154 0.9770607948303223 -0.019903408363461494 49.571285247802734 -0.7114017605781555 0.16816246509552002 0.6824967265129089 -574.4594116210938
* 0.6665871143341064 -0.12901808321475983 0.7342098355293274 -168.10890197753906 0.2129202038049698 0.9767086505889893 -0.0220224279910326 50.716453552246094 -0.714407205581665 0.1712985336780548 0.6785661578178406 -574.1116333007813
* 0.6616891622543335 -0.1284196972846985 0.738731324672699 -167.39938354492188 0.21059538424015045 0.9772742986679077 -0.01908637210726738 50.29228210449219 -0.7196324467658997 0.16849277913570404 0.6737300157546997 -573.6565551757813
* 0.6608584523200989 -0.13144904375076294 0.7389420866966248 -166.4305419921875 0.20593340694904327 0.9783974885940552 -0.010468616150319576 49.722572326660156 -0.7217448949813843 0.15938028693199158 0.673687756061554 -575.3665161132813
* 0.6607565879821777 -0.1362544745206833 0.7381623387336731 -164.88523864746094 0.20565606653690338 0.9785044193267822 -0.0038139205425977707 48.96979522705078 -0.7219173312187195 0.15461649000644684 0.6746125221252441 -578.0501708984375
* 0.6660940647125244 -0.13972017168998718 0.7326971292495728 -162.80117797851563 0.2026258409023285 0.9791414141654968 0.002164099831134081 47.85981750488281 -0.7178590297698975 0.1473100185394287 0.680552065372467 -579.8184814453125
* 0.6721250414848328 -0.13456712663173676 0.7281399369239807 -161.06178283691406 0.2030898928642273 0.9790234565734863 -0.006880182772874832 47.54694747924805 -0.7120823264122009 0.15279075503349304 0.6853952407836914 -582.1715087890625
* 0.6787511110305786 -0.1335752010345459 0.722151517868042 -160.42291259765625 0.20250825583934784 0.979121208190918 -0.00958067737519741 48.13825607299805 -0.7059360146522522 0.1530330330133438 0.6916705369949341 -584.564208984375
* 0.6837993860244751 -0.13282647728919983 0.7175121903419495 -160.3287353515625 0.20132559537887573 0.9793509840965271 -0.010919508524239063 48.928688049316406 -0.701387882232666 0.15220867097377777 0.6964628100395203 -586.606689453125
* 0.683016836643219 -0.12611335515975952 0.7194662690162659 -160.70660400390625 0.19982223212718964 0.9795478582382202 -0.018347157165408134 49.503047943115234 -0.7025803327560425 0.1565851867198944 0.6942872405052185 -587.6952514648438
* 0.6806742548942566 -0.12654469907283783 0.721607506275177 -161.2153778076172 0.20009416341781616 0.979511022567749 -0.017321450635790825 49.219539642333984 -0.7047730684280396 0.15646815299987793 0.692087709903717 -587.6567993164063
* 0.6840660572052002 -0.12947885692119598 0.7178699374198914 -161.93289184570313 0.19675682485103607 0.9802777767181396 -0.011035028845071793 47.853271484375 -0.7024264931678772 0.14908216893672943 0.6960921883583069 -590.231689453125
* 0.6837472915649414 -0.1264253854751587 0.7187173962593079 -161.83055114746094 0.19295699894428253 0.9810290932655334 -0.011352342553436756 45.962867736816406 -0.7037919163703918 0.14673079550266266 0.6952120065689087 -591.4907836914063
* 0.6838623285293579 -0.128070667386055 0.7183166146278381 -161.5233917236328 0.18838785588741302 0.9819715023040771 -0.0046245683915913105 44.57759094238281 -0.7049199938774109 0.13877084851264954 0.6957034468650818 -592.5613403320313
* 0.6860859394073486 -0.12628185749053955 0.7165107131004333 -161.0849151611328 0.18358610570430756 0.9828870892524719 -0.002913187723606825 42.782493591308594 -0.7040283679962158 0.133825421333313 0.697572648525238 -593.5865478515625
* 0.6867503523826599 -0.12285086512565613 0.7164707779884338 -161.17684936523438 0.18051756918430328 0.9834481477737427 -0.0047529311850667 41.16099166870117 -0.7041758894920349 0.13288456201553345 0.6976036429405212 -594.8367919921875
* 0.682828962802887 -0.1221979558467865 0.7203200459480286 -162.04356384277344 0.17953354120254517 0.9836328625679016 -0.003672103164717555 40.015724182128906 -0.708230197429657 0.13211381435394287 0.6936343908309937 -595.0651245117188
* 0.6826982498168945 -0.12063398212194443 0.7207074761390686 -163.71446228027344 0.17904050648212433 0.9837153553962708 -0.005291266832500696 39.517974853515625 -0.7084813117980957 0.13293294608592987 0.693221390247345 -596.5286254882813
* 0.680794358253479 -0.12405698746442795 0.7219263315200806 -165.1674041748047 0.17921839654445648 0.9836971163749695 -3.167668473906815E-4 38.711830139160156 -0.7102663516998291 0.12988275289535522 0.6919718384742737 -597.0484008789063
* 0.6816326379776001 -0.12577955424785614 0.7208364605903625 -166.0341339111328 0.17956653237342834 0.9836326241493225 0.0014845655532553792 37.75116729736328 -0.7093735337257385 0.12871074676513672 0.6931057572364807 -597.5103149414063
* 0.6834949851036072 -0.1296442598104477 0.7183840870857239 -166.28219604492188 0.17845170199871063 0.9838087558746338 0.007408257573843002 37.1029167175293 -0.7078617215156555 0.1234174594283104 0.6956096887588501 -599.1204833984375
* 0.6900227665901184 -0.12879014015197754 0.7122713327407837 -166.73269653320313 0.17933665215969086 0.9836684465408325 0.003773995442315936 37.409324645996094 -0.7012730240821838 0.12541653215885162 0.701897382736206 -601.7985229492188
* 0.6934695839881897 -0.13173985481262207 0.7083737254142761 -167.32884216308594 0.1808445155620575 0.9833842515945435 0.005489207338541746 38.992679595947266 -0.6974742412567139 0.12458331137895584 0.7058199644088745 -603.5784912109375
* 0.7005114555358887 -0.13008815050125122 0.7017191052436829 -168.424072265625 0.18313787877559662 0.982974648475647 -9.535644203424454E-4 41.49129867553711 -0.6897943615913391 0.1294642984867096 0.7124576568603516 -607.4417724609375
* 0.6989953517913818 -0.1301395446062088 0.7032197117805481 -167.9632110595703 0.1849995255470276 0.9826234579086304 -0.0024002650752663612 44.00144958496094 -0.6908336877822876 0.13205839693546295 0.7109729647636414 -606.2332763671875
* 0.7105005979537964 -0.12856897711753845 0.6918870806694031 -168.93963623046875 0.18496546149253845 0.9826025366783142 -0.007715335115790367 47.467613220214844 -0.6790030598640442 0.13374240696430206 0.7219702005386353 -610.9569702148438
* 0.7182703018188477 -0.12686994671821594 0.6841349601745605 -169.65037536621094 0.19122931361198425 0.981245756149292 -0.01917162910103798 51.90874099731445 -0.6690148115158081 0.1448839157819748 0.7291097640991211 -614.2718505859375
* 0.7190079092979431 -0.12242507189512253 0.6841700673103333 -169.7392578125 0.1928652673959732 0.9807255864143372 -0.02756401151418686 56.27370071411133 -0.6677504777908325 0.15205885469913483 0.7288076281547546 -613.3311157226563
* 0.7160561680793762 -0.12443849444389343 0.6868969798088074 -170.36155700683594 0.19548438489437103 0.9802342653274536 -0.026570387184619904 60.14570999145508 -0.6701549887657166 0.1535913646221161 0.7262747883796692 -611.2116088867188
* 0.7058222889900208 -0.11778424680233002 0.6985632181167603 -170.54669189453125 0.20566515624523163 0.9775494337081909 -0.04333939775824547 63.23509979248047 -0.6779144406318665 0.1745501160621643 0.7142389416694641 -607.2262573242188
* 0.7051481604576111 -0.11889130622148514 0.6990563869476318 -171.16162109375 0.206997811794281 0.9772852063179016 -0.04295158386230469 66.23208618164063 -0.6782096028327942 0.1752806156873703 0.7137796878814697 -605.6611328125
* 0.6908225417137146 -0.11725874245166779 0.713486909866333 -170.25814819335938 0.21005761623382568 0.9766196608543396 -0.043234869837760925 67.59323120117188 -0.6918744444847107 0.18003171682357788 0.6993364095687866 -599.2009887695313
* 0.6908144354820251 -0.12045059353113174 0.7129629254341125 -171.36131286621094 0.2139396071434021 0.9757961630821228 -0.04279254004359245 69.34175109863281 -0.6906896829605103 0.1823839694261551 0.699897825717926 -599.378662109375
* 0.6858645677566528 -0.117527537047863 0.7182102799415588 -171.54649353027344 0.21477405726909637 0.975475013256073 -0.045826252549886703 70.30415344238281 -0.6953479647636414 0.18597501516342163 0.6943179965019226 -596.7757568359375
* 0.684997022151947 -0.11661787331104279 0.7191858887672424 -172.30914306640625 0.21678966283798218 0.9748870730400085 -0.04875395819544792 71.42662811279297 -0.6955764889717102 0.18960022926330566 0.693107545375824 -596.54443359375
* 0.6813271641731262 -0.12037504464387894 0.7220472097396851 -172.1769256591797 0.21661469340324402 0.975233256816864 -0.04216329753398895 71.85259246826172 -0.6992263793945313 0.18542465567588806 0.6905601024627686 -594.351318359375
* 0.6824573874473572 -0.12322047352790833 0.7204981446266174 -172.56236267089844 0.2197522222995758 0.9745453000068665 -0.04183180630207062 72.5246353149414 -0.6971399188041687 0.1871715486049652 0.6921963095664978 -595.50390625
* 0.6806098818778992 -0.11793456226587296 0.7231255769729614 -172.23973083496094 0.22144199907779694 0.9737799167633057 -0.049957387149333954 72.7905044555664 -0.698409378528595 0.19442442059516907 0.6889097094535828 -594.53173828125
* 0.6846888065338135 -0.11793353408575058 0.719264805316925 -173.22962951660156 0.21870927512645721 0.9744574427604675 -0.04877026751637459 73.435546875 -0.6952778100967407 0.1909944862127304 0.6930244565010071 -596.0130615234375
* 0.6812546253204346 -0.12114013731479645 0.7219875454902649 -173.49778747558594 0.22237908840179443 0.9737229943275452 -0.046804141253232956 73.9305191040039 -0.6974815726280212 0.19273309409618378 0.6903234124183655 -594.6261596679688
* 0.679710328578949 -0.11989698559045792 0.7236486673355103 -173.70179748535156 0.22189217805862427 0.9738040566444397 -0.04742412269115448 74.04139709472656 -0.6991418600082397 0.1930992156267166 0.6885392665863037 -594.7882690429688
* 0.680185079574585 -0.11978564411401749 0.7232208251953125 -174.06739807128906 0.22298073768615723 0.9734862446784973 -0.048824187368154526 74.31603240966797 -0.6983324885368347 0.1947665512561798 0.688890814781189 -595.0562133789063
* 0.6794267296791077 -0.12152962386608124 0.7236425876617432 -173.9486846923828 0.22222651541233063 0.9738219380378723 -0.04545142129063606 74.04811096191406 -0.6993110179901123 0.19198603928089142 0.6886786222457886 -593.9720458984375
* 0.6783214211463928 -0.12038309127092361 0.7248700857162476 -174.66000366210938 0.22423827648162842 0.9732105731964111 -0.048560041934251785 74.23478698730469 -0.6997405290603638 0.1957758516073227 0.6871737837791443 -594.7686157226563
* 0.6779422760009766 -0.12051267921924591 0.7252031564712524 -174.99908447265625 0.22268106043338776 0.9736582040786743 -0.04671648144721985 74.0705337524414 -0.7006057500839233 0.19345273077487946 0.6869500875473022 -594.38330078125
* 0.6779589056968689 -0.11972282081842422 0.7253183722496033 -176.30360412597656 0.22313334047794342 0.9734809994697571 -0.048226457089185715 74.33989715576172 -0.7004454731941223 0.1948310285806656 0.6867239475250244 -595.7914428710938
* 0.6764252781867981 -0.11880046129226685 0.7269001603126526 -177.185791015625 0.2224266678094864 0.9736438989639282 -0.04820176959037781 74.52568054199219 -0.7021514773368835 0.19457955658435822 0.6850510239601135 -594.8828125
* 0.6656864881515503 -0.11248648911714554 0.7377376556396484 -179.05026245117188 0.22677995264530182 0.9721783399581909 -0.05674047768115997 74.2748031616211 -0.7109653353691101 0.20536893606185913 0.672699511051178 -594.2997436523438
* 0.6513370871543884 -0.11179158836603165 0.7505406737327576 -182.64874267578125 0.228223517537117 0.9720179438591003 -0.0536135658621788 73.86141967773438 -0.7236810326576233 0.20650504529476166 0.6586456298828125 -594.4486694335938
* 0.6548073291778564 -0.11233024299144745 0.7474341988563538 -187.33108520507813 0.22807642817497253 0.9720274209976196 -0.05406523123383522 73.94197082519531 -0.7205888032913208 0.20616795122623444 0.6621322631835938 -596.1250610351563
* 0.6509209871292114 -0.118025042116642 0.7499470710754395 -190.38107299804688 0.23149752616882324 0.9715185761451721 -0.04837037995457649 74.07483673095703 -0.7230132222175598 0.2053900510072708 0.6597267985343933 -594.0985717773438
* 0.6542533040046692 -0.11730705201625824 0.7471548914909363 -193.36988830566406 0.23291070759296417 0.9710019826889038 -0.051835764199495316 74.2567367553711 -0.7195422053337097 0.2082282155752182 0.6626256704330444 -594.4254150390625
* 0.6500383615493774 -0.11422276496887207 0.7513003349304199 -195.60812377929688 0.2337327003479004 0.970630407333374 -0.05499700456857681 74.18555450439453 -0.7230870723724365 0.2116478830575943 0.6576648950576782 -593.6126708984375
* 0.6478909254074097 -0.11711355298757553 0.7527088522911072 -198.1381378173828 0.23446956276893616 0.9706641435623169 -0.0511285737156868 74.13713073730469 -0.7247735857963562 0.20990735292434692 0.6563649773597717 -594.009765625
* 0.6458076238632202 -0.11538778245449066 0.7547628879547119 -200.81744384765625 0.23688599467277527 0.9698796272277832 -0.05474924296140671 74.49076843261719 -0.7258450388908386 0.21444495022296906 0.6537087559700012 -594.1128540039063
* 0.6447447538375854 -0.11878924816846848 0.7551438808441162 -203.1815948486328 0.23637063801288605 0.9702866673469543 -0.04951542988419533 74.63864135742188 -0.7269576191902161 0.21071317791938782 0.6536860466003418 -593.7114868164063
* 0.6425034999847412 -0.11488372832536697 0.7576542496681213 -205.5155792236328 0.23922212421894073 0.9692211151123047 -0.056233398616313934 74.879638671875 -0.7280069589614868 0.21767285466194153 0.6502286195755005 -593.4689331054688
* 0.6384782195091248 -0.11941111832857132 0.7603522539138794 -207.04031372070313 0.23943199217319489 0.9695558547973633 -0.049120042473077774 74.57389068603516 -0.7314713001251221 0.21370968222618103 0.6476501226425171 -591.896728515625
* 0.636714518070221 -0.12030421942472458 0.7616892457008362 -209.7742919921875 0.2369316965341568 0.9703639149665833 -0.04512494057416916 74.80069732666016 -0.7338206768035889 0.20949453115463257 0.6463683247566223 -593.1080322265625
* 0.6361159086227417 -0.11889943480491638 0.7624096274375916 -211.82740783691406 0.24200569093227386 0.9688110947608948 -0.05115986615419388 74.83649444580078 -0.7326801419258118 0.21734638512134552 0.6450682878494263 -592.279296875
* 0.6352615356445313 -0.12058752030134201 0.7628567218780518 -214.32730102539063 0.23937572538852692 0.9697044491767883 -0.04638371244072914 75.33995819091797 -0.7342852354049683 0.21237003803253174 0.6449006199836731 -593.2821044921875
* 0.6363838911056519 -0.1258491575717926 0.7610692381858826 -215.3572540283203 0.2436457872390747 0.9687575101852417 -0.043868713080883026 75.62081909179688 -0.7319023609161377 0.21364404261112213 0.6471846103668213 -591.9677124023438
* 0.6373307704925537 -0.1264694184064865 0.7601735591888428 -216.21878051757813 0.24210011959075928 0.9692251682281494 -0.04205973446369171 75.84431457519531 -0.7315921783447266 0.21113920211791992 0.6483563184738159 -592.1304321289063
* 0.6340265870094299 -0.12673501670360565 0.7628875970840454 -216.6934051513672 0.2444373220205307 0.9686161279678345 -0.042567674070596695 76.03935241699219 -0.733681857585907 0.21376268565654755 0.6451272368431091 -591.5072021484375
* 0.6360175013542175 -0.13065500557422638 0.7605656385421753 -217.36231994628906 0.24432575702667236 0.9688257575035095 -0.038215912878513336 76.31544494628906 -0.7319937944412231 0.21042710542678833 0.6481344103813171 -591.6819458007813
* 0.6354464292526245 -0.13021302223205566 0.7611185908317566 -218.45057678222656 0.24230925738811493 0.9693873524665833 -0.03678780421614647 76.85472869873047 -0.7331603765487671 0.20809777081012726 0.647567629814148 -592.3582763671875
* 0.6316090822219849 -0.125950887799263 0.765019953250885 -219.35043334960938 0.24408578872680664 0.9687138199806213 -0.042363159358501434 77.19290161132813 -0.7358812093734741 0.21378286182880402 0.6426106095314026 -591.3924560546875
