#
#
#
#
#
#
#
* 0.4531574249267578 0.8719138503074646 -0.1855255514383316 -234.17941284179688 -0.17967955768108368 -0.11450888961553574 -0.9770379662513733 -53.51310348510742 -0.8731342554092407 0.47608277201652527 0.10477493703365326 -1061.6336669921875
#
#
#
#
#
#
#
#
#
#
#
#
#
#
#
#
#
#
#
#
#
#
#
#
#
#
#
#
#
#
#
#
#
#
#
#
#
#
#
#
#
#
#
#
#
#
#
#
#
#
#
#
#
#
#
#
#
#
#
#
#
#
#
#
#
#
#
#
#
#
#
#
#
#
#
#
#
#
#
#
#
#
#
#
#
#
#
#
#
#
#
#
#
#
#
#
#
#
#
#
#
#
#
#
#
#
#
#
#
#
#
#
#
#
#
#
#
#
#
#
#
#
#
#
#
#
#
#
#
#
#
#
#
#
#
#
#
#
#
#
#
#
#
#
#
#
#
#
#
#
#
#
#
#
#
#
#
#
#
#
#
#
#
#
#
#
#
#
#
#
#
#
#
#
#
#
#
#
#
#
#
#
#
#
#
#
#
#
#
#
#
#
#
#
#
#
#
#
#
#
#
#
#
#
#
#
#
#
#
#
#
#
#
#
#
#
#
#
#
#
#
#
#
#
#
#
#
#
#
#
#
#
#
#
#
#
#
#
#
#
#
#
#
#
#
#
#
#
#
#
#
#
#
#
#
#
#
#
#
#
#
#
#
#
#
#
#
#
#
#
#
#
#
#
#
#
#
#
#
#
#
#
#
#
* 0.8910868167877197 0.07377980649471283 0.44779592752456665 -583.7703247070313 0.14946019649505615 0.883948564529419 -0.44305598735809326 634.7699584960938 -0.42851659655570984 0.4617277979850769 0.7766466736793518 -2214.14990234375
* 0.8857669830322266 -0.0014116652309894562 0.46412819623947144 -588.9796142578125 0.10687266290187836 0.9737454056739807 -0.20099778473377228 647.6015014648438 -0.4516584277153015 0.22763900458812714 0.8626611232757568 -2256.591796875
* 0.8301053643226624 0.06309539079666138 0.554025411605835 -558.7636108398438 0.1686694473028183 0.9186205267906189 -0.35733598470687866 600.669921875 -0.5314847826957703 0.39007264375686646 0.7519084215164185 -2132.49072265625
* 0.9812520146369934 0.09196092188358307 0.1693745106458664 -549.6519165039063 0.047936659306287766 0.7347528338432312 -0.6766405701637268 566.6947021484375 -0.18667283654212952 0.6720727682113647 0.7165685892105103 -2035.513427734375
#
#
* 0.7008682489395142 0.06458866596221924 0.7103604078292847 -553.626953125 0.16403447091579437 0.9546059370040894 -0.24863854050636292 537.6856079101563 -0.6941733956336975 0.2907853424549103 0.6584575772285461 -1957.6983642578125
#
#
#
#
#
#
#
#
#
#
#
#
#
#
#
#
#
#
#
#
#
#
#
#
#
#
#
#
#
#
#
#
#
#
#
#
#
#
#
#
#
#
#
#
#
#
#
#
#
#
#
#
#
#
#
#
* 0.9998981952667236 -0.008447262458503246 -0.011516153812408447 -932.2880249023438 0.008886273950338364 0.9992228746414185 0.03840743750333786 -171.02630615234375 0.011182360351085663 -0.038504935801029205 0.9991956949234009 -2590.056640625
* 0.9995639324188232 -0.02907530590891838 0.005188955459743738 -921.7622680664063 0.028661323711276054 0.9973049163818359 0.0675424337387085 -184.47193908691406 -0.0071391696110367775 -0.06736329197883606 0.9977027773857117 -2507.088134765625
* 0.9257744550704956 -0.1775006204843521 0.3338198959827423 -907.0960693359375 -0.007308322936296463 0.8743722438812256 0.4852012097835541 -196.4163818359375 -0.3780065178871155 -0.45162534713745117 0.8081740140914917 -2451.25732421875
* 0.8493849039077759 -0.07656578719615936 0.522191047668457 -930.11279296875 -0.0164946261793375 0.9850860834121704 0.17127154767513275 -226.22410583496094 -0.5275166630744934 -0.15408775210380554 0.8354535102844238 -2530.6826171875
* 0.6982030272483826 -0.11709411442279816 0.7062591910362244 -867.2633666992188 -0.07009497284889221 0.9706109166145325 0.23022091388702393 -229.87149047851563 -0.7124602794647217 -0.2102450430393219 0.6694750785827637 -2416.54931640625
* 0.6491170525550842 -0.0621429905295372 0.758146345615387 -819.1367797851563 -0.038141459226608276 0.9927449822425842 0.11403170228004456 -227.19656372070313 -0.7597321271896362 -0.10293569415807724 0.6420365571975708 -2345.87548828125
* 0.7798545956611633 -0.0581466443836689 0.6232545971870422 -809.67236328125 -9.497480350546539E-4 0.9955651164054871 0.09407351911067963 -225.22962951660156 -0.6259605288505554 -0.07395457476377487 0.7763399481773376 -2365.00537109375
* 0.8726534247398376 -0.04268410801887512 0.4864715337753296 -835.2689208984375 -0.021284695714712143 0.9919012188911438 0.12521778047084808 -225.32154846191406 -0.48787665367126465 -0.11962508410215378 0.8646765947341919 -2469.19140625
* 0.927498459815979 -0.18458320200443268 0.32507845759391785 -821.404052734375 0.039843615144491196 0.9134507775306702 0.40499475598335266 -205.26254272460938 -0.37169861793518066 -0.3626784682273865 0.8545780777931213 -2454.44140625
* 0.9481979608535767 -0.1818731278181076 0.26046738028526306 -802.3584594726563 0.03830704838037491 0.879375159740448 0.4745866656303406 -179.0841064453125 -0.31536340713500977 -0.4400230646133423 0.8407881855964661 -2414.0791015625
* 0.9694663882255554 -0.11865311115980148 0.21460816264152527 -806.7457885742188 0.04456627368927002 0.9458211064338684 0.32161593437194824 -156.22003173828125 -0.24114204943180084 -0.3022303283214569 0.9222290515899658 -2442.923095703125
* 0.9493602514266968 -0.15478146076202393 0.2734195590019226 -796.0848999023438 0.037768762558698654 0.9201430678367615 0.38975727558135986 -133.5735321044922 -0.3119126260280609 -0.3596920371055603 0.8793925642967224 -2429.576904296875
* 0.8104194402694702 -0.06138657405972481 0.5826253294944763 -791.5545654296875 0.006772915832698345 0.9954102635383606 0.09546143561601639 -113.36228942871094 -0.5858114957809448 -0.07341672480106354 0.8071147799491882 -2465.663818359375
* 0.7881733179092407 -0.06107565015554428 0.6124155521392822 -759.4517211914063 0.0401102639734745 0.998045802116394 0.04791649803519249 -94.29531860351563 -0.6141454577445984 -0.013201378285884857 0.7890819907188416 -2433.794677734375
* 0.7912658452987671 -0.06600505858659744 0.6078996062278748 -723.1142578125 0.048367392271757126 0.9977980256080627 0.04538678377866745 -76.37730407714844 -0.6095569133758545 -0.006509515456855297 0.7927151918411255 -2379.12890625
* 0.8298509120941162 -0.04675614833831787 0.5560228824615479 -691.9033813476563 0.056841328740119934 0.9983829855918884 -8.757081814110279E-4 -62.577186584472656 -0.5550830960273743 0.032332729548215866 0.8311659693717957 -2323.105712890625
* 0.8385648131370544 -0.05897633731365204 0.5416004657745361 -667.598388671875 0.03914189338684082 0.9980762004852295 0.048083867877721786 -58.383934020996094 -0.5433946847915649 -0.0191211998462677 0.8392592668533325 -2254.598388671875
* 0.8145549297332764 -0.047471992671489716 0.578140914440155 -673.7402954101563 0.044361744076013565 0.9988250136375427 0.019516928121447563 -59.50839614868164 -0.5783883929252625 0.009750669822096825 0.8157029747962952 -2256.462890625
* 0.8001970648765564 -0.04104810580611229 0.5983309149742126 -681.1695556640625 0.03512762114405632 0.9991502165794373 0.02157098613679409 -58.088890075683594 -0.5987080931663513 0.0037578283809125423 0.8009581565856934 -2251.141357421875
* 0.8023801445960999 -0.0623629204928875 0.5935462713241577 -706.9381713867188 0.03788812458515167 0.9978421330451965 0.05362692475318909 -54.120399475097656 -0.5956100821495056 -0.02053987607359886 0.8030107021331787 -2297.523193359375
* 0.8655819296836853 -0.04651901125907898 0.49860215187072754 -737.079833984375 0.07393524795770645 0.9966359734535217 -0.035363029688596725 -45.49458694458008 -0.4952802062034607 0.06747476011514664 0.8661086559295654 -2351.53466796875
* 0.8677895665168762 -0.021434739232063293 0.49646949768066406 -740.4024658203125 0.08617831766605377 0.9904232621192932 -0.10786719620227814 -32.92017364501953 -0.48940324783325195 0.1363917589187622 0.8613252639770508 -2318.493896484375
* 0.862399160861969 -0.014524989761412144 0.5060204863548279 -752.9146118164063 0.07888246327638626 0.9912346601486206 -0.10598010569810867 -21.587642669677734 -0.5000460743904114 0.13131412863731384 0.8559847474098206 -2317.227783203125
* 0.8703690767288208 -0.03455548733472824 0.49118587374687195 -779.8414306640625 0.07918336987495422 0.994374692440033 -0.07035064697265625 -8.381935119628906 -0.4859921932220459 0.10012564063072205 0.8682083487510681 -2358.82177734375
* 0.8786603808403015 -0.05743434652686119 0.473980188369751 -778.0679321289063 0.06712155044078827 0.9977387189865112 -0.0035237297415733337 3.9819469451904297 -0.4727063775062561 0.03491136059165001 0.8805277943611145 -2310.12158203125
* 0.8368968367576599 -0.04098673164844513 0.5458239316940308 -774.240234375 0.07213229686021805 0.9967544078826904 -0.03574630245566368 11.761155128479004 -0.5425876379013062 0.06928838789463043 0.8371362686157227 -2269.129638671875
* 0.9372308850288391 0.02878643572330475 0.3475191593170166 -798.3690185546875 0.0816793143749237 0.9507418274879456 -0.2990294098854065 23.610280990600586 -0.33900952339172363 0.3086453974246979 0.8887124061584473 -2320.64111328125
* 0.9134259819984436 0.002863701432943344 0.4069947898387909 -799.9512329101563 0.07634451985359192 0.9810212850570679 -0.17823821306228638 37.27112579345703 -0.3997814655303955 0.19388000667095184 0.8958708047866821 -2311.631591796875
* 0.8894149661064148 -0.04420263692736626 0.45495840907096863 -794.8361206054688 0.06565461307764053 0.9973468780517578 -0.03144556283950806 45.8305778503418 -0.4523618519306183 0.05783918499946594 0.8899564743041992 -2288.761962890625
* 0.863754391670227 -0.015719816088676453 0.5036677718162537 -790.5177612304688 0.076039157807827 0.9921348094940186 -0.09943169355392456 51.585838317871094 -0.49814373254776 0.12418387830257416 0.8581551909446716 -2269.414306640625
* 0.9389968514442444 0.07229310274124146 0.33624184131622314 -809.2714233398438 0.06329603493213654 0.9246364235877991 -0.375554621219635 62.69123840332031 -0.33805209398269653 0.3739280104637146 0.8636537194252014 -2312.52783203125
* 0.9565517902374268 0.0745595172047615 0.2818678617477417 -814.3802490234375 0.03483404591679573 0.9306036233901978 -0.3643674850463867 82.316162109375 -0.2894750237464905 0.3583555817604065 0.8875722885131836 -2323.50244140625
* 0.9463675022125244 0.06960716098546982 0.3155047297477722 -819.841552734375 0.05898869410157204 0.9228819012641907 -0.38053855299949646 106.65787506103516 -0.31766247749328613 0.37874117493629456 0.8692783117294312 -2355.743896484375
* 0.9203686714172363 0.06828127801418304 0.3850441873073578 -852.800048828125 0.0718894898891449 0.9383153915405273 -0.3382253646850586 142.58993530273438 -0.3843879699707031 0.3389733135700226 0.8586862087249756 -2491.910888671875
#
* 0.8200591802597046 0.08210740983486176 0.5663174390792847 -785.5311279296875 0.13493716716766357 0.9340425729751587 -0.33066797256469727 202.15316772460938 -0.556108832359314 0.34740912914276123 0.7550098299980164 -2382.284912109375
* 0.8882936239242554 0.0012410450726747513 0.45922431349754333 -752.02978515625 0.08060654997825623 0.9840725064277649 -0.15839383006095886 206.82928466796875 -0.4520830512046814 0.17752213776111603 0.8741262555122375 -2294.1796875
* 0.8615211248397827 0.009374398738145828 0.5075898170471191 -764.789306640625 0.09119576215744019 0.9807306528091431 -0.17272919416427612 217.22137451171875 -0.4994095265865326 0.19490690529346466 0.8441511988639832 -2318.812744140625
* 0.8943697214126587 0.042283669114112854 0.44527390599250793 -785.6962280273438 0.07154078781604767 0.9692195653915405 -0.2355422079563141 233.5515594482422 -0.44150179624557495 0.24232953786849976 0.8639110922813416 -2355.96435546875
* 0.8599990606307983 0.03487949073314667 0.5090569853782654 -776.44384765625 0.08758716285228729 0.9727908968925476 -0.2144554704427719 240.3568878173828 -0.5026668906211853 0.22882933914661407 0.8336383104324341 -2297.76953125
* 0.850346565246582 0.03153171017765999 0.5252336263656616 -782.1116333007813 0.10618515312671661 0.9674134254455566 -0.22982749342918396 250.19418334960938 -0.515350341796875 0.2510174512863159 0.81938636302948 -2292.489990234375
* 0.8536795377731323 0.07089686393737793 0.5159056782722473 -796.108642578125 0.1037820354104042 0.9476976990699768 -0.30179959535598755 264.77789306640625 -0.5103039741516113 0.31100213527679443 0.8017838001251221 -2310.058349609375
* 0.8936941623687744 0.04711349308490753 0.4461444914340973 -813.8467407226563 0.09180643409490585 0.9542670845985413 -0.2844828963279724 282.4324035644531 -0.43912214040756226 0.2950167655944824 0.8486027717590332 -2335.133544921875
* 0.8953062295913696 0.023916544392704964 0.4447568655014038 -813.9524536132813 0.09173489362001419 0.967286229133606 -0.2364881932735443 297.4745788574219 -0.43584108352661133 0.2523411214351654 0.863919198513031 -2310.8349609375
* 0.9149932861328125 0.0036761611700057983 0.40339505672454834 -817.014892578125 0.05981876701116562 0.9876912236213684 -0.1444724202156067 310.33807373046875 -0.39893022179603577 0.15612614154815674 0.9035868048667908 -2296.462158203125
* 0.9482085108757019 0.04982379823923111 0.3136432468891144 -826.5288696289063 0.058099087327718735 0.9438149333000183 -0.3253035545349121 324.05584716796875 -0.312193900346756 0.3264981508255005 0.8921456336975098 -2302.48291015625
* 0.8137480020523071 0.04930094629526138 0.5790832042694092 -799.8297119140625 0.12051123380661011 0.9604561924934387 -0.2509691119194031 325.212646484375 -0.5685489177703857 0.27382707595825195 0.7757323384284973 -2212.376953125
* 0.8504766821861267 0.015451842918992043 0.5257415175437927 -806.0177612304688 0.09797092527151108 0.9774447679519653 -0.18705032765865326 330.7878723144531 -0.5167574286460876 0.21039776504039764 0.8298699855804443 -2216.58251953125
* 0.837692379951477 -0.006180662661790848 0.5460647940635681 -807.5098266601563 0.08623284846544266 0.9888997077941895 -0.1209368109703064 330.4613342285156 -0.5392386317253113 0.14819982647895813 0.8290042877197266 -2212.136962890625
* 0.8359936475753784 0.02808866649866104 0.5479773879051208 -808.3135375976563 0.08932347595691681 0.9784219861030579 -0.18626901507377625 332.8027648925781 -0.5413687229156494 0.2044757604598999 0.8155361413955688 -2208.66943359375
* 0.8310132622718811 0.013824643567204475 0.5560390949249268 -807.9655151367188 0.08542408794164658 0.9846745729446411 -0.15199673175811768 335.44329833984375 -0.5496020913124084 0.17361633479595184 0.8171808123588562 -2205.861083984375
* 0.8339753746986389 0.07229726016521454 0.5470025539398193 -809.8911743164063 0.1271691471338272 0.9395456314086914 -0.31790947914123535 337.3031921386719 -0.5369091033935547 0.3345130980014801 0.7744800448417664 -2211.458740234375
* 0.843553900718689 0.017599426209926605 0.5367129445075989 -799.9662475585938 0.09682654589414597 0.9781193137168884 -0.184097558259964 336.110595703125 -0.5281935930252075 0.20707258582115173 0.8234818577766418 -2188.8876953125
* 0.80012047290802 0.04867381602525711 0.5978225469589233 -793.1350708007813 0.12376203387975693 0.9618846774101257 -0.24381469190120697 334.2782897949219 -0.5868974924087524 0.2688838541507721 0.7637032866477966 -2182.122314453125
* 0.7882463932037354 0.06088680028915405 0.612302303314209 -779.8630981445313 0.13296198844909668 0.9547597169876099 -0.2659696638584137 326.46868896484375 -0.6007922291755676 0.2908802628517151 0.7445986866950989 -2161.03759765625
* 0.8186624050140381 0.03139396384358406 0.573375940322876 -789.1885375976563 0.10838888585567474 0.9721322655677795 -0.20783531665802002 328.4888610839844 -0.563910961151123 0.23210552334785461 0.7925410866737366 -2196.854736328125
* 0.8332347273826599 0.0018129870295524597 0.5528746247291565 -791.2902221679688 0.08571974188089371 0.9874923825263977 -0.13227185606956482 330.315185546875 -0.5461822748184204 0.15741002559661865 0.822737455368042 -2211.276611328125
* 0.8199387788772583 0.04213116690516472 0.5708581805229187 -786.15576171875 0.12757974863052368 0.9587827920913696 -0.25385814905166626 325.9388427734375 -0.5580168962478638 0.2807936668395996 0.780872642993927 -2197.18310546875
* 0.7792545557022095 0.06008155271410942 0.6237837672233582 -774.4104614257813 0.12641078233718872 0.9598893523216248 -0.2502351403236389 320.2384948730469 -0.6137940883636475 0.27366605401039124 0.7405090928077698 -2157.16015625
* 0.8329299092292786 0.023354364559054375 0.552843451499939 -794.685546875 0.1148475781083107 0.9700821042060852 -0.21385878324508667 330.12939453125 -0.5412870049476624 0.2414332628250122 0.8054243922233582 -2208.027099609375
* 0.8035534620285034 0.05960988625884056 0.5922010540962219 -782.9191284179688 0.13778546452522278 0.9493491053581238 -0.2823760509490967 326.5992736816406 -0.5790342092514038 0.30832013487815857 0.7547504305839539 -2174.84619140625
* 0.8342288732528687 0.038526762276887894 0.5500286817550659 -790.9752807617188 0.11642754822969437 0.9627862572669983 -0.24386925995349884 331.9542236328125 -0.538944661617279 0.2672954499721527 0.7988004088401794 -2199.074462890625
* 0.8453064560890198 -0.012700669467449188 0.5340873599052429 -800.5572509765625 0.08517971634864807 0.9901434183120728 -0.11110973358154297 338.7249450683594 -0.5273937582969666 0.1392175257205963 0.8381315469741821 -2227.219970703125
* 0.8335010409355164 0.03899674490094185 0.5510978698730469 -786.8095703125 0.14320789277553558 0.9482005834579468 -0.2835348844528198 335.7532958984375 -0.533602774143219 0.3150665760040283 0.7848511338233948 -2195.759765625
* 0.8425720930099487 -0.007078712806105614 0.5384939908981323 -790.4877319335938 0.0956464633345604 0.9859991669654846 -0.13653680682182312 342.9036560058594 -0.5299723744392395 0.1663513332605362 0.8315328359603882 -2215.578125
* 0.8454419374465942 0.02046305313706398 0.5336316823959351 -792.090087890625 0.0977100059390068 0.9764933586120605 -0.19208939373493195 351.75146484375 -0.5250029563903809 0.21435055136680603 0.8236601948738098 -2230.148193359375
* 0.8275142908096313 0.08350750803947449 0.5551578402519226 -778.945556640625 0.14638781547546387 0.9226190447807312 -0.3568326234817505 354.3989562988281 -0.5419932007789612 0.37638017535209656 0.7513798475265503 -2202.675048828125
* 0.8544047474861145 0.01976066082715988 0.5191875696182251 -787.1021118164063 0.09956485778093338 0.9745562672615051 -0.20077790319919586 363.701904296875 -0.5099288821220398 0.22304798662662506 0.8307902812957764 -2232.085693359375
* 0.8034742474555969 0.06093277037143707 0.5921739935874939 -763.127685546875 0.15081188082695007 0.9415007829666138 -0.30135831236839294 358.8000183105469 -0.575893759727478 0.3312619626522064 0.7473969459533691 -2171.78857421875
* 0.841260552406311 0.02649332582950592 0.539937436580658 -778.2907104492188 0.10996516793966293 0.9695571660995483 -0.21874941885471344 370.3778381347656 -0.5292829275131226 0.2432110607624054 0.8128334879875183 -2219.126220703125
* 0.8165063858032227 0.04073433578014374 0.5758572816848755 -762.2944946289063 0.12109836935997009 0.9632581472396851 -0.23969507217407227 363.07647705078125 -0.5644549131393433 0.2652621269226074 0.7816757559776306 -2176.9775390625
* 0.840825617313385 0.014370106160640717 0.5410723090171814 -773.7018432617188 0.09389971941709518 0.9806375503540039 -0.17180700600147247 367.14556884765625 -0.5330488681793213 0.19507360458374023 0.823283314704895 -2215.2919921875
* 0.8285817503929138 0.020099293440580368 0.5594656467437744 -767.009765625 0.11728794127702713 0.9709698557853699 -0.20843689143657684 368.7109375 -0.5474036931991577 0.23813632130622864 0.8022658228874207 -2208.552978515625
* 0.8336130380630493 0.030154788866639137 0.5514829158782959 -764.1857299804688 0.11176076531410217 0.9686703681945801 -0.2217477560043335 375.9345397949219 -0.5408803820610046 0.24629801511764526 0.8042237758636475 -2213.634033203125
* 0.8395326137542725 0.04663877561688423 0.5412607192993164 -761.7211303710938 0.11412785202264786 0.9589694142341614 -0.25949424505233765 383.534912109375 -0.5311433672904968 0.2794426679611206 0.7998679876327515 -2220.721435546875
* 0.8413689732551575 0.058014921844005585 0.5372949242591858 -760.6392822265625 0.120248943567276 0.9492387771606445 -0.29063844680786133 394.3623962402344 -0.5268720388412476 0.3089625835418701 0.7917943596839905 -2229.07666015625
* 0.8613128066062927 0.0233103446662426 0.5074940323829651 -756.9388427734375 0.09788522124290466 0.9726433753967285 -0.2106374353170395 405.4444885253906 -0.49850383400917053 0.23091137409210205 0.8355622291564941 -2226.73193359375
* 0.8265659213066101 0.03108023665845394 0.5619396567344666 -745.1049194335938 0.11934056133031845 0.966117262840271 -0.22882309556007385 405.9071960449219 -0.5500022768974304 0.2560124695301056 0.794950008392334 -2200.78759765625
* 0.7947365045547485 0.053337495774030685 0.6045679450035095 -734.0258178710938 0.139932781457901 0.9532210230827332 -0.26790517568588257 403.8644104003906 -0.5905741453170776 0.297330766916275 0.7502046227455139 -2174.784912109375
* 0.8579599857330322 0.0023454129695892334 0.5136659145355225 -751.1098022460938 0.10428747534751892 0.9783916473388672 -0.17848952114582062 418.3681335449219 -0.5029698610305786 0.20651325583457947 0.8392639756202698 -2231.798583984375
* 0.8393751382827759 0.05101063475012779 0.5411106944084167 -737.9761352539063 0.12899114191532135 0.9484847784042358 -0.28934845328330994 414.2454528808594 -0.5279865860939026 0.31248950958251953 0.7896650433540344 -2196.931640625
* 0.8512036204338074 0.03268332779407501 0.523772656917572 -744.3068237304688 0.11079254746437073 0.9644047021865845 -0.2400694042444229 418.1863098144531 -0.5129616856575012 0.2621915638446808 0.8173838257789612 -2214.05908203125
* 0.8404078483581543 0.03485281765460968 0.5407897233963013 -740.968505859375 0.1191474124789238 0.9616600871086121 -0.24697911739349365 418.6883239746094 -0.528653085231781 0.2718113362789154 0.8041361570358276 -2199.319580078125
* 0.8452222347259521 0.05167391151189804 0.531867265701294 -744.091796875 0.12917539477348328 0.9460800886154175 -0.2970372140407562 424.8972473144531 -0.5185288786888123 0.31958645582199097 0.7930843830108643 -2206.00244140625
* 0.8604485988616943 0.019762588664889336 0.509108304977417 -747.5557250976563 0.10801675170660019 0.9694874286651611 -0.22002629935741425 430.37109375 -0.49790745973587036 0.2441248595714569 0.8321549296379089 -2214.486572265625
* 0.8226540684700012 0.057683371007442474 0.5655673742294312 -748.1423950195313 0.11561128497123718 0.9571098685264587 -0.26563090085983276 436.430908203125 -0.5566229224205017 0.2837253510951996 0.78080815076828 -2215.57666015625
* 0.8479403257369995 0.034655243158340454 0.528913676738739 -750.2259521484375 0.10794775187969208 0.9656890630722046 -0.23617130517959595 443.78997802734375 -0.5189370512962341 0.2571674883365631 0.8152053356170654 -2222.265625
* 0.842887818813324 0.07270046323537827 0.5331118702888489 -745.2955932617188 0.1352318674325943 0.9304473996162415 -0.340536504983902 446.98907470703125 -0.520781934261322 0.3589530289173126 0.7745512127876282 -2203.738525390625
* 0.8032718896865845 0.05267414450645447 0.5932394862174988 -737.93896484375 0.15274637937545776 0.9445810914039612 -0.29055163264274597 447.93621826171875 -0.5756667852401733 0.32382750511169434 0.7508222460746765 -2175.00048828125
* 0.8041334748268127 0.06830690056085587 0.590471625328064 -742.3858032226563 0.14872168004512787 0.93869948387146 -0.3109828531742096 450.6501770019531 -0.5755162835121155 0.33771052956581116 0.74479740858078 -2171.06396484375
* 0.8084259629249573 0.04310794919729233 0.5869774222373962 -745.8950805664063 0.1345563381910324 0.9573955535888672 -0.2554868459701538 450.206298828125 -0.5729784369468689 0.28534001111984253 0.7682885527610779 -2160.4814453125
* 0.828332245349884 0.05928307771682739 0.5570499300956726 -759.2650756835938 0.14257311820983887 0.9393740892410278 -0.3118242919445038 454.9777526855469 -0.541759192943573 0.33753666281700134 0.7697769403457642 -2177.889892578125
* 0.8026829957962036 0.05037844926118851 0.5942351818084717 -758.245361328125 0.13982225954532623 0.9527872204780579 -0.269502192735672 454.1254577636719 -0.5797537565231323 0.2992301285266876 0.7578506469726563 -2152.4951171875
* 0.8446839451789856 0.034043408930301666 0.5341380834579468 -775.4061889648438 0.11049772799015045 0.9654151797294617 -0.23611214756965637 465.4355163574219 -0.5236902832984924 0.2582745850086212 0.8118087649345398 -2179.422607421875
* 0.8129645586013794 0.09167752414941788 0.5750107169151306 -767.4594116210938 0.13784679770469666 0.929198145866394 -0.34289097785949707 462.84185791015625 -0.5657299757003784 0.35784822702407837 0.7428896427154541 -2137.972412109375
* 0.7995532751083374 0.08158215880393982 0.5949894189834595 -767.595947265625 0.15861321985721588 0.9269096255302429 -0.3400965631008148 466.99237060546875 -0.5792481899261475 0.366125226020813 0.7282957434654236 -2123.144775390625
* 0.8341581225395203 0.038811370730400085 0.5501157641410828 -777.752197265625 0.12011492252349854 0.960819661617279 -0.24976631999015808 475.1676940917969 -0.5382459759712219 0.2742367684841156 0.7969167232513428 -2134.38916015625
* 0.8345498442649841 0.03285422921180725 0.5499096512794495 -782.14892578125 0.11393469572067261 0.9663740396499634 -0.23048965632915497 478.23785400390625 -0.5389798283576965 0.2548219859600067 0.8028433322906494 -2124.654541015625
* 0.8874938488006592 0.06613509356975555 0.45599815249443054 -798.32958984375 0.09428106248378754 0.9426961541175842 -0.32003194093704224 488.70123291015625 -0.4510125517845154 0.32684004306793213 0.8305144309997559 -2135.475341796875
* 0.8361883163452148 0.08077190071344376 0.5424191355705261 -800.0535278320313 0.13655047118663788 0.9273249506950378 -0.3484363257884979 491.169677734375 -0.5311357378959656 0.36525261402130127 0.7645105123519897 -2109.56103515625
* 0.847346305847168 0.033838607370853424 0.5299176573753357 -797.4410400390625 0.11040648818016052 0.9649621248245239 -0.2379998117685318 487.31103515625 -0.5193910002708435 0.2599881887435913 0.8140209913253784 -2082.062744140625
* 0.8735016584396362 0.043742284178733826 0.48480403423309326 -799.8925170898438 0.11238279938697815 0.9509709477424622 -0.2881143093109131 489.247314453125 -0.47362199425697327 0.30597013235092163 0.8258665800094604 -2083.3583984375
* 0.8113041520118713 0.016782362014055252 0.5843436121940613 -788.2525634765625 0.10431533306837082 0.9794074892997742 -0.17281439900398254 481.19390869140625 -0.5751999616622925 0.2009691447019577 0.7929360270500183 -2055.360595703125
* 0.8420484662055969 0.08224186301231384 0.5330519080162048 -777.7681884765625 0.13305820524692535 0.9261372685432434 -0.3529176712036133 476.5345764160156 -0.5226957201957703 0.3679277300834656 0.7690315246582031 -2043.3785400390625
* 0.8232266902923584 0.066485196352005 0.5637651085853577 -769.7936401367188 0.10335703939199448 0.9589974880218506 -0.2638689875602722 478.4649658203125 -0.5581806302070618 0.275310218334198 0.7827067375183105 -2045.9091796875
* 0.8402846455574036 0.08871489018201828 0.5347943305969238 -762.0889282226563 0.09070118516683578 0.9496459364891052 -0.2998858690261841 477.1479187011719 -0.5344533920288086 0.3003169298171997 0.7900382876396179 -2038.0107421875
* 0.8223372101783752 0.05166194215416908 0.5666095018386841 -764.7278442382813 0.11797770857810974 0.9587745070457458 -0.25849249958992004 481.20294189453125 -0.5565958023071289 0.2792316675186157 0.7824460864067078 -2057.95458984375
* 0.8309740424156189 0.04598572477698326 0.5543655753135681 -761.3228149414063 0.10983941704034805 0.9634236097335815 -0.24440942704677582 484.9105224609375 -0.5453166365623474 0.26380378007888794 0.7956308722496033 -2062.769775390625
* 0.8592474460601807 0.0608399398624897 0.5078839063644409 -767.5621337890625 0.10538598895072937 0.9505876302719116 -0.2919979393482208 496.6123352050781 -0.5005379915237427 0.30424150824546814 0.8104875087738037 -2091.43212890625
* 0.8404039740562439 0.09611266851425171 0.5333265662193298 -764.2708129882813 0.11885868012905121 0.9275432825088501 -0.35429075360298157 497.4139099121094 -0.5287244915962219 0.36096516251564026 0.7682093977928162 -2083.24853515625
* 0.8357135653495789 0.0899537056684494 0.5417054891586304 -757.0235595703125 0.10726858675479889 0.9407879710197449 -0.32155460119247437 491.7016296386719 -0.5385424494743347 0.3266589045524597 0.7766963243484497 -2055.216796875
* 0.8218651413917542 0.0881841778755188 0.5627743005752563 -758.2844848632813 0.11128491908311844 0.9440943598747253 -0.310302197933197 490.55389404296875 -0.5586653351783752 0.3174772262573242 0.7662195563316345 -2051.46875
* 0.812969982624054 0.08247450739145279 0.5763952136039734 -756.3975830078125 0.13304072618484497 0.9374626278877258 -0.3216363191604614 484.4970703125 -0.5668704509735107 0.33798861503601074 0.7512741088867188 -2043.429443359375
* 0.8082704544067383 0.08319278806447983 0.5828649401664734 -761.3681030273438 0.12232770770788193 0.9446746110916138 -0.30432218313217163 480.3016052246094 -0.5759280920028687 0.31709712743759155 0.7534902095794678 -2055.285888671875
#
* 0.7427909970283508 0.1174764484167099 0.6591361165046692 -767.2693481445313 0.12545007467269897 0.9426279664039612 -0.30937620997428894 433.9400329589844 -0.6576653122901917 0.3124927878379822 0.6854386925697327 -1974.951416015625
* 0.835861086845398 0.08073186874389648 0.5429716110229492 -815.41796875 0.08863469213247299 0.9562975168228149 -0.2786356806755066 431.0384216308594 -0.5417377948760986 0.2810290455818176 0.7921770811080933 -2037.4849853515625
* 0.7895879745483398 0.07747991383075714 0.6087259650230408 -827.2408447265625 0.09236039966344833 0.9656893014907837 -0.2427191585302353 417.28741455078125 -0.6066466569900513 0.247872456908226 0.7553415298461914 -2033.51611328125
* 0.7509711980819702 0.03516305238008499 0.6593977808952332 -830.2426147460938 0.08974885940551758 0.9838789105415344 -0.15468096733093262 404.7220153808594 -0.6542074084281921 0.17534321546554565 0.7357099652290344 -2023.283935546875
* 0.783475935459137 0.07335241138935089 0.6170774102210999 -838.0836791992188 0.08867992460727692 0.9696470499038696 -0.22785767912864685 400.368896484375 -0.6150619983673096 0.23324555158615112 0.7531912326812744 -2046.3709716796875
* 0.7705429792404175 0.07033491879701614 0.6334952712059021 -832.3966064453125 0.09454936534166336 0.9702829718589783 -0.22273315489292145 394.1893310546875 -0.630336344242096 0.23152418434619904 0.7409955263137817 -2048.3017578125
* 0.7968695759773254 0.07949522137641907 0.5988982915878296 -826.031982421875 0.11021463572978973 0.9555407762527466 -0.27348360419273376 392.19384765625 -0.5940130352973938 0.28394031524658203 0.7526805996894836 -2061.003662109375
* 0.8116697072982788 0.0687294453382492 0.5800588130950928 -831.2046508789063 0.07962709665298462 0.9707627892494202 -0.2264462560415268 398.4790954589844 -0.57866370677948 0.22999010980129242 0.7824669480323792 -2101.712890625
* 0.7887701988220215 0.0358591303229332 0.613641083240509 -819.084716796875 0.08929748833179474 0.981020987033844 -0.17211206257343292 396.5028381347656 -0.6081672310829163 0.19055557250976563 0.7705990076065063 -2088.72900390625
* 0.7742658853530884 0.10428531467914581 0.6242088079452515 -800.3846435546875 0.10612381249666214 0.9509669542312622 -0.2905137538909912 389.69696044921875 -0.6238989233970642 0.2911805212497711 0.725234866142273 -2045.22412109375
#
* 0.7438816428184509 0.06995071470737457 0.6646482944488525 -812.7422485351563 0.10775165259838104 0.9689368605613708 -0.22259822487831116 389.8253173828125 -0.6595695614814758 0.23721855878829956 0.7132266163825989 -2050.113037109375
* 0.7710761427879333 0.05386323481798172 0.6344688534736633 -823.441162109375 0.10906055569648743 0.9705135226249695 -0.2149612456560135 389.48699951171875 -0.6273359060287476 0.23496197164058685 0.7424551248550415 -2070.1201171875
* 0.7694624662399292 0.023041244596242905 0.6382843255996704 -818.6657104492188 0.09417308121919632 0.9843289256095886 -0.14908725023269653 380.4149169921875 -0.6317139267921448 0.17484191060066223 0.7552250027656555 -2060.19580078125
* 0.787754237651825 0.08969533443450928 0.6094328761100769 -825.271240234375 0.09850526601076126 0.9582597613334656 -0.268391489982605 375.353759765625 -0.6080656051635742 0.2714732885360718 0.7460264563560486 -2088.057861328125
* 0.7589374780654907 0.04295211285352707 0.6497533917427063 -807.5120239257813 0.1147226095199585 0.9733888506889343 -0.19837312400341034 356.46148681640625 -0.6409798264503479 0.22510926425457 0.7338035702705383 -2054.684814453125
* 0.751285970211029 0.05081075429916382 0.658025860786438 -802.852294921875 0.09947387129068375 0.9769189357757568 -0.18903294205665588 337.19720458984375 -0.6524394750595093 0.20748938620090485 0.7288812398910522 -2052.575439453125
* 0.7197546362876892 -0.004899708554148674 0.694218635559082 -790.0247802734375 0.07965383678674698 0.993951678276062 -0.07559341937303543 310.56585693359375 -0.6896461248397827 0.10972216725349426 0.7157835364341736 -2023.9298095703125
* 0.6754733920097351 0.008804023265838623 0.7373387813568115 -775.6337280273438 0.048229869455099106 0.9972583055496216 -0.05611409619450569 272.9474792480469 -0.7358080744743347 0.07348183542490005 0.6731891632080078 -1990.7178955078125
* 0.7500734925270081 -0.0062211183831095695 0.6613330841064453 -807.4741821289063 0.07775897532701492 0.993847131729126 -0.07886997610330582 245.6172637939453 -0.6567703485488892 0.11059911549091339 0.7459338307380676 -2085.001953125
* 0.8117989897727966 0.007044494152069092 0.5839033126831055 -828.6310424804688 0.07189304381608963 0.9911105036735535 -0.11193942278623581 238.1261444091797 -0.5794991254806519 0.13286693394184113 0.804067075252533 -2159.65625
* 0.7765663266181946 0.02151639759540558 0.6296762824058533 -812.6780395507813 0.10125430673360825 0.982158899307251 -0.15846310555934906 231.82647705078125 -0.6218487024307251 0.1868300437927246 0.7605232000350952 -2143.79052734375
* 0.7559387683868408 0.0016403179615736008 0.6546483039855957 -798.6132202148438 0.09138619899749756 0.9899376630783081 -0.1080326959490776 227.1745147705078 -0.6482350826263428 0.14150789380073547 0.7481734752655029 -2133.2890625
* 0.7954986691474915 0.006938140839338303 0.6059243083000183 -805.871826171875 0.07910431176424026 0.9901847839355469 -0.1152200847864151 230.33367919921875 -0.6007739305496216 0.1396046131849289 0.787132740020752 -2178.15283203125
* 0.802866518497467 -0.003110611578449607 0.5961595177650452 -792.9557495117188 0.08179992437362671 0.9910997152328491 -0.10502009093761444 228.86578369140625 -0.5905243754386902 0.13309897482395172 0.7959662675857544 -2166.5478515625
* 0.820697546005249 0.014975860714912415 0.5711756944656372 -803.6300659179688 0.09794768691062927 0.9811654090881348 -0.1664924919605255 228.81846618652344 -0.5629087090492249 0.1926007717847824 0.803763210773468 -2211.0166015625
* 0.804451584815979 -0.0026656165719032288 0.5940210223197937 -789.4188232421875 0.08119010925292969 0.9910953640937805 -0.10553311556577682 224.02394104003906 -0.5884477496147156 0.13314099609851837 0.7974956035614014 -2180.443603515625
* 0.8051180243492126 0.006380223669111729 0.5930891036987305 -794.5709228515625 0.07972878962755203 0.9896986484527588 -0.11890767514705658 226.3759765625 -0.5877357125282288 0.14303694665431976 0.7963062524795532 -2200.522216796875
* 0.8043105602264404 -0.02104724943637848 0.5938451290130615 -789.4581298828125 0.06969168037176132 0.9958144426345825 -0.059126295149326324 226.6565399169922 -0.5901128053665161 0.08895847946405411 0.8024024963378906 -2197.14013671875
* 0.8049116134643555 0.0762312039732933 0.5884865522384644 -787.4766235351563 0.09592922031879425 0.9619455933570862 -0.2558462619781494 230.9530792236328 -0.5855928659439087 0.26240110397338867 0.7669569849967957 -2203.316650390625
* 0.8083449602127075 0.026158202439546585 0.5881364345550537 -784.0384521484375 0.08151800185441971 0.9844104051589966 -0.15585218369960785 236.4646759033203 -0.5830421447753906 0.17394155263900757 0.7936009764671326 -2204.482666015625
* 0.8255278468132019 0.02984316274523735 0.5635809898376465 -783.75048828125 0.09382765740156174 0.9774398803710938 -0.18922656774520874 240.8639373779297 -0.5565112829208374 0.2091064304113388 0.8040933012962341 -2212.793701171875
* 0.8266685009002686 -0.00380614772439003 0.5626856088638306 -783.63525390625 0.06971456110477448 0.9929620623588562 -0.09573503583669662 243.78721618652344 -0.5583591461181641 0.11838464438915253 0.8211068511009216 -2221.133056640625
* 0.843502938747406 0.06029776483774185 0.5337390303611755 -790.856689453125 0.07236257940530777 0.9718559384346008 -0.22418451309204102 248.34765625 -0.5322335362434387 0.22773785889148712 0.8153890371322632 -2248.380859375
* 0.7764303684234619 0.07347245514392853 0.6259137988090515 -768.2306518554688 0.1031913161277771 0.9649472832679749 -0.2413034737110138 241.5841522216797 -0.6216999292373657 0.2519587278366089 0.7416215538978577 -2192.477783203125
* 0.791469931602478 0.044178180396556854 0.6096178889274597 -767.0796508789063 0.0969540998339653 0.9756758809089661 -0.19661018252372742 241.68235778808594 -0.6034725904464722 0.21473103761672974 0.767924427986145 -2197.3916015625
* 0.8232409954071045 0.07917669415473938 0.562152624130249 -774.7810668945313 0.07727410644292831 0.9653733372688293 -0.24916280806064606 245.98641967773438 -0.5624129772186279 0.24857540428638458 0.7886053323745728 -2227.340087890625
* 0.798607349395752 0.010854959487915039 0.6017630100250244 -769.28759765625 0.09290291368961334 0.9856261014938354 -0.14110058546066284 247.0739288330078 -0.5946422815322876 0.16860508918762207 0.7861102223396301 -2217.45947265625
* 0.8096564412117004 0.00901834573596716 0.5868436098098755 -767.329833984375 0.08135153353214264 0.9885014891624451 -0.1274593025445938 250.5653533935547 -0.5812428593635559 0.15095461905002594 0.7996036410331726 -2221.3115234375
* 0.8391292691230774 -0.0015977658331394196 0.5439392924308777 -778.3748779296875 0.0611654669046402 0.993927001953125 -0.09147140383720398 257.5831604003906 -0.540488064289093 0.1100427657365799 0.8341221213340759 -2272.081298828125
* 0.8079649806022644 -0.002494468819350004 0.5892341136932373 -769.978515625 0.06954655051231384 0.9934018850326538 -0.09118682891130447 257.8817443847656 -0.5851165056228638 0.11467105150222778 0.8027986288070679 -2274.738037109375
* 0.788158118724823 0.00493488647043705 0.615461528301239 -754.23681640625 0.0646943747997284 0.9937611222267151 -0.090843565762043 256.72698974609375 -0.6120675206184387 0.11143209040164948 0.7829129099845886 -2262.637939453125
* 0.8023422360420227 0.03133797273039818 0.5960497260093689 -748.10888671875 0.07325533777475357 0.9858959317207336 -0.15047240257263184 256.3354797363281 -0.5923560261726379 0.16440971195697784 0.7887205481529236 -2279.0966796875
* 0.8301401138305664 0.04668184369802475 0.5556065440177917 -733.4462280273438 0.06340042501688004 0.9821165204048157 -0.17727550864219666 250.5637969970703 -0.553943932056427 0.18240448832511902 0.8123244643211365 -2264.533203125
* 0.8725298047065735 0.005135923624038696 0.4885445535182953 -730.1626586914063 0.05875765532255173 0.9915793538093567 -0.11539922654628754 255.12030029296875 -0.48502206802368164 0.12941093742847443 0.8648715019226074 -2277.0771484375
* 0.8359311819076538 0.08467662334442139 0.5422724485397339 -721.8860473632813 0.0699649229645729 0.9635168313980103 -0.2583394944667816 260.1965026855469 -0.54436194896698 0.2539084851741791 0.7994979023933411 -2267.48095703125
* 0.8546792268753052 0.02434285543859005 0.5185955166816711 -717.1541748046875 0.04607779160141945 0.9913966655731201 -0.1225084438920021 261.4517517089844 -0.5171147584915161 0.128617063164711 0.8461951017379761 -2254.459228515625
* 0.8133341670036316 0.07747076451778412 0.5766249299049377 -725.33203125 0.06626458466053009 0.9723038077354431 -0.22412759065628052 258.7337951660156 -0.5780156850814819 0.22051523625850677 0.7856634259223938 -2258.7109375
* 0.8897665739059448 0.12785834074020386 0.43815335631370544 -793.2928466796875 0.007595282047986984 0.9556702375411987 -0.29433906078338623 256.7137756347656 -0.45636364817619324 0.26523497700691223 0.8493401408195496 -2419.126708984375
#
#
#
#
#
* 0.7638829946517944 0.025960460305213928 0.6448331475257874 -825.5662841796875 -0.012541508302092552 0.9995994567871094 -0.0253874734044075 15.59036636352539 -0.645233154296875 0.011306583881378174 0.7639015913009644 -2309.45458984375
