#
#
#
#
#
#
#
#
#
#
#
#
#
#
#
#
#
#
#
#
#
#
#
#
#
#
#
#
#
#
#
#
#
#
#
#
#
#
#
#
#
#
#
#
#
#
#
#
#
#
#
#
#
#
#
#
#
#
#
#
#
#
#
#
#
#
#
#
#
#
#
#
#
#
#
#
#
#
#
#
#
#
#
#
#
#
#
#
#
#
#
#
#
#
#
#
#
#
#
#
#
#
#
#
#
#
#
#
#
#
#
#
#
#
#
#
#
#
#
#
#
#
#
#
#
#
#
#
#
#
#
#
#
#
#
#
#
#
#
#
#
#
#
#
#
#
#
#
#
#
#
#
#
#
#
#
#
#
#
#
#
#
#
#
#
#
*1 0.7084487676620483 0.3412954807281494 -0.617859959602356 343.3594970703125
*1 0.7084487676620483 0.3412954807281494 -0.617859959602356 343.3594970703125
*2 -0.2661239504814148 0.9398589730262756 0.2136247754096985 19.747024536132813
*1 0.7084487676620483 0.3412954807281494 -0.617859959602356 343.3594970703125
*2 -0.2661239504814148 0.9398589730262756 0.2136247754096985 19.747024536132813
*3 0.6537079811096191 0.013220861554145813 0.7566806077957153 -1226.3873291015625
*1 0.8586310148239136 0.17337793111801147 -0.48252055048942566 329.5492858886719
*1 0.8586310148239136 0.17337793111801147 -0.48252055048942566 329.5492858886719
*2 -0.34674400091171265 0.8892430663108826 -0.29800665378570557 27.17348289489746
*1 0.8586310148239136 0.17337793111801147 -0.48252055048942566 329.5492858886719
*2 -0.34674400091171265 0.8892430663108826 -0.29800665378570557 27.17348289489746
*3 0.37749505043029785 0.42333173751831055 0.8236276507377625 -1191.221923828125
*1 0.8289173245429993 0.27190831303596497 -0.48897355794906616 345.8180847167969
*1 0.8289173245429993 0.27190831303596497 -0.48897355794906616 345.8180847167969
*2 -0.34463614225387573 0.9364415407180786 -0.06399717926979065 45.050437927246094
*1 0.8289173245429993 0.27190831303596497 -0.48897355794906616 345.8180847167969
*2 -0.34463614225387573 0.9364415407180786 -0.06399717926979065 45.050437927246094
*3 0.4405803084373474 0.22170981764793396 0.8699473142623901 -1260.574951171875
*1 0.7882339954376221 0.2677435278892517 -0.5541964769363403 338.5635986328125
*1 0.7882339954376221 0.2677435278892517 -0.5541964769363403 338.5635986328125
*2 -0.3459829092025757 0.9372894167900085 -0.039709076285362244 61.76393127441406
*1 0.7882339954376221 0.2677435278892517 -0.5541964769363403 338.5635986328125
*2 -0.3459829092025757 0.9372894167900085 -0.039709076285362244 61.76393127441406
*3 0.5088977217674255 0.22318579256534576 0.8314359784126282 -1256.398681640625
*1 0.8515127301216125 0.19201816618442535 -0.48804548382759094 320.2536315917969
*1 0.8515127301216125 0.19201816618442535 -0.48804548382759094 320.2536315917969
*2 -0.36871767044067383 0.8805775046348572 -0.29736003279685974 74.21791076660156
*1 0.8515127301216125 0.19201816618442535 -0.48804548382759094 320.2536315917969
*2 -0.36871767044067383 0.8805775046348572 -0.29736003279685974 74.21791076660156
*3 0.3727448284626007 0.4333015978336334 0.820600688457489 -1204.25634765625
*1 0.7771029472351074 0.2123469114303589 -0.5925816893577576 325.98516845703125
*1 0.7771029472351074 0.2123469114303589 -0.5925816893577576 325.98516845703125
*2 -0.37087151408195496 0.9148702621459961 -0.15893128514289856 83.92523193359375
*1 0.7771029472351074 0.2123469114303589 -0.5925816893577576 325.98516845703125
*2 -0.37087151408195496 0.9148702621459961 -0.15893128514289856 83.92523193359375
*3 0.5084700584411621 0.34342145919799805 0.7896799445152283 -1196.4638671875
*1 0.7732820510864258 0.2438877522945404 -0.5853947401046753 327.4601745605469
*1 0.7732820510864258 0.2438877522945404 -0.5853947401046753 327.4601745605469
*2 -0.3654116988182068 0.9256157279014587 -0.09747995436191559 83.66371154785156
*1 0.7732820510864258 0.2438877522945404 -0.5853947401046753 327.4601745605469
*2 -0.3654116988182068 0.9256157279014587 -0.09747995436191559 83.66371154785156
*3 0.5181605219841003 0.28943389654159546 0.8048678636550903 -1166.4752197265625
*1 0.7644051313400269 0.2389776110649109 -0.5989222526550293 332.7210388183594
*1 0.7644051313400269 0.2389776110649109 -0.5989222526550293 332.7210388183594
*2 -0.3711034655570984 0.9224098920822144 -0.10599445551633835 81.80426025390625
*1 0.7644051313400269 0.2389776110649109 -0.5989222526550293 332.7210388183594
*2 -0.3711034655570984 0.9224098920822144 -0.10599445551633835 81.80426025390625
*3 0.527204692363739 0.30342933535575867 0.7937635183334351 -1162.454833984375
*1 0.7703912854194641 0.24175429344177246 -0.5900724530220032 337.5186767578125
*1 0.7703912854194641 0.24175429344177246 -0.5900724530220032 337.5186767578125
*2 -0.3722229301929474 0.9216331839561462 -0.10878811776638031 80.49486541748047
*1 0.7703912854194641 0.24175429344177246 -0.5900724530220032 337.5186767578125
*2 -0.3722229301929474 0.9216331839561462 -0.10878811776638031 80.49486541748047
*3 0.517613410949707 0.3035926818847656 0.7999891042709351 -1155.9539794921875
*1 0.7999365925788879 0.21985749900341034 -0.5584778189659119 343.3349609375
*1 0.7999365925788879 0.21985749900341034 -0.5584778189659119 343.3349609375
*2 -0.3663230240345001 0.9156895279884338 -0.16465884447097778 79.1903076171875
*1 0.7999365925788879 0.21985749900341034 -0.5584778189659119 343.3349609375
*2 -0.3663230240345001 0.9156895279884338 -0.16465884447097778 79.1903076171875
*3 0.47527456283569336 0.3364441394805908 0.8130154609680176 -1159.4007568359375
*1 0.7956361174583435 0.23195627331733704 -0.5597257018089294 343.9400329589844
*1 0.7956361174583435 0.23195627331733704 -0.5597257018089294 343.9400329589844
*2 -0.37203797698020935 0.9159533381462097 -0.14969831705093384 77.43244171142578
*1 0.7956361174583435 0.23195627331733704 -0.5597257018089294 343.9400329589844
*2 -0.37203797698020935 0.9159533381462097 -0.14969831705093384 77.43244171142578
*3 0.4780420958995819 0.3274894952774048 0.8150466680526733 -1151.954345703125
*1 0.7775513529777527 0.20100344717502594 -0.5959404110908508 347.00482177734375
*1 0.7775513529777527 0.20100344717502594 -0.5959404110908508 347.00482177734375
*2 -0.3852652907371521 0.9009319543838501 -0.19921016693115234 79.65827941894531
*1 0.7775513529777527 0.20100344717502594 -0.5959404110908508 347.00482177734375
*2 -0.3852652907371521 0.9009319543838501 -0.19921016693115234 79.65827941894531
*3 0.49694085121154785 0.3846355378627777 0.7779331803321838 -1149.0654296875
#
#
#
#
#
#
#
#
#
#
#
#
#
#
#
#
#
#
#
#
#
#
#
#
#
#
#
#
#
#
#
#
#
#
#
#
#
#
#
#
#
#
#
#
#
#
#
#
#
#
#
#
#
#
#
#
#
#
#
#
#
#
#
#
#
#
#
#
#
#
#
#
#
#
#
#
#
#
#
#
#
#
#
#
#
#
#
#
#
#
#
#
#
*1 0.8368971943855286 0.16591906547546387 -0.5216261744499207 253.5877685546875
*1 0.8368971943855286 0.16591906547546387 -0.5216261744499207 253.5877685546875
*2 -0.3235097825527191 0.9186051487922668 -0.22690406441688538 43.32530212402344
*1 0.8368971943855286 0.16591906547546387 -0.5216261744499207 253.5877685546875
*2 -0.3235097825527191 0.9186051487922668 -0.22690406441688538 43.32530212402344
*3 0.44152384996414185 0.35865849256515503 0.8224496841430664 -1194.4619140625
*1 0.8282233476638794 0.210720032453537 -0.5192911028862 251.985595703125
*1 0.8282233476638794 0.210720032453537 -0.5192911028862 251.985595703125
*2 -0.30104485154151917 0.9488381147384644 -0.09517191350460052 41.314937591552734
*1 0.8282233476638794 0.210720032453537 -0.5192911028862 251.985595703125
*2 -0.30104485154151917 0.9488381147384644 -0.09517191350460052 41.314937591552734
*3 0.47267189621925354 0.23516592383384705 0.8492826223373413 -1182.9591064453125
*1 0.8137340545654297 0.19282016158103943 -0.5483405590057373 249.81402587890625
*1 0.8137340545654297 0.19282016158103943 -0.5483405590057373 249.81402587890625
*2 -0.30865126848220825 0.9427024126052856 -0.12659431993961334 39.72371292114258
*1 0.8137340545654297 0.19282016158103943 -0.5483405590057373 249.81402587890625
*2 -0.30865126848220825 0.9427024126052856 -0.12659431993961334 39.72371292114258
*3 0.4925152063369751 0.27227240800857544 0.8266191482543945 -1177.5477294921875
*1 0.8322111964225769 0.21618859469890594 -0.5105948448181152 249.41078186035156
*1 0.8322111964225769 0.21618859469890594 -0.5105948448181152 249.41078186035156
*2 -0.3138730227947235 0.9427704811096191 -0.1124594658613205 36.52107238769531
*1 0.8322111964225769 0.21618859469890594 -0.5105948448181152 249.41078186035156
*2 -0.3138730227947235 0.9427704811096191 -0.1124594658613205 36.52107238769531
*3 0.4570644795894623 0.2538643777370453 0.852436363697052 -1182.348876953125
*1 0.8285828232765198 0.2095509022474289 -0.519190788269043 246.8608856201172
*1 0.8285828232765198 0.2095509022474289 -0.519190788269043 246.8608856201172
*2 -0.3115980625152588 0.9430058598518372 -0.1167314201593399 30.177976608276367
*1 0.8285828232765198 0.2095509022474289 -0.519190788269043 246.8608856201172
*2 -0.3115980625152588 0.9430058598518372 -0.1167314201593399 30.177976608276367
*3 0.46514201164245605 0.25851285457611084 0.8466503620147705 -1177.5992431640625
*1 0.8143478035926819 0.21591244637966156 -0.538739025592804 245.25759887695313
*1 0.8143478035926819 0.21591244637966156 -0.538739025592804 245.25759887695313
*2 -0.3172409236431122 0.9428637623786926 -0.10171384364366531 28.196853637695313
*1 0.8143478035926819 0.21591244637966156 -0.538739025592804 245.25759887695313
*2 -0.3172409236431122 0.9428637623786926 -0.10171384364366531 28.196853637695313
*3 0.48599931597709656 0.2537528872489929 0.8363115191459656 -1173.3837890625
*1 0.7928211688995361 0.21196603775024414 -0.5714238882064819 241.78285217285156
*1 0.7928211688995361 0.21196603775024414 -0.5714238882064819 241.78285217285156
*2 -0.33209994435310364 0.9363825917243958 -0.11347682774066925 28.885467529296875
*1 0.7928211688995361 0.21196603775024414 -0.5714238882064819 241.78285217285156
*2 -0.33209994435310364 0.9363825917243958 -0.11347682774066925 28.885467529296875
*3 0.5110209584236145 0.27974897623062134 0.8127736449241638 -1154.680419921875
*1 0.8075778484344482 0.22658120095729828 -0.5445172786712646 247.5518798828125
*1 0.8075778484344482 0.22658120095729828 -0.5445172786712646 247.5518798828125
*2 -0.32889989018440247 0.9393627643585205 -0.09696507453918457 29.133867263793945
*1 0.8075778484344482 0.22658120095729828 -0.5445172786712646 247.5518798828125
*2 -0.32889989018440247 0.9393627643585205 -0.09696507453918457 29.133867263793945
*3 0.4895317554473877 0.2574109733104706 0.8331273794174194 -1170.9923095703125
*1 0.8205127716064453 0.21300674974918365 -0.5304781198501587 258.4750061035156
*1 0.8205127716064453 0.21300674974918365 -0.5304781198501587 258.4750061035156
*2 -0.3315087854862213 0.9332845211029053 -0.13806426525115967 32.18027114868164
*1 0.8205127716064453 0.21300674974918365 -0.5304781198501587 258.4750061035156
*2 -0.3315087854862213 0.9332845211029053 -0.13806426525115967 32.18027114868164
*3 0.46568137407302856 0.28915393352508545 0.8363813757896423 -1195.4041748046875
*1 0.8635081052780151 0.19676896929740906 -0.46438756585121155 279.2977600097656
*1 0.8635081052780151 0.19676896929740906 -0.46438756585121155 279.2977600097656
*2 -0.3346783220767975 0.912340521812439 -0.2358071357011795 41.70594787597656
*1 0.8635081052780151 0.19676896929740906 -0.46438756585121155 279.2977600097656
*2 -0.3346783220767975 0.912340521812439 -0.2358071357011795 41.70594787597656
*3 0.3772831857204437 0.3590538501739502 0.8536630868911743 -1242.3145751953125
*1 0.8281377553939819 0.19241878390312195 -0.5264817476272583 294.88690185546875
*1 0.8281377553939819 0.19241878390312195 -0.5264817476272583 294.88690185546875
*2 -0.3447723388671875 0.9153822064399719 -0.20781542360782623 53.44894027709961
*1 0.8281377553939819 0.19241878390312195 -0.5264817476272583 294.88690185546875
*2 -0.3447723388671875 0.9153822064399719 -0.20781542360782623 53.44894027709961
*3 0.4419473111629486 0.35362812876701355 0.8243984580039978 -1243.77783203125
*1 0.7543436884880066 0.2299945056438446 -0.6148887276649475 304.74755859375
*1 0.7543436884880066 0.2299945056438446 -0.6148887276649475 304.74755859375
*2 -0.33559802174568176 0.9400734901428223 -0.060130078345537186 60.09794235229492
*1 0.7543436884880066 0.2299945056438446 -0.6148887276649475 304.74755859375
*2 -0.33559802174568176 0.9400734901428223 -0.060130078345537186 60.09794235229492
*3 0.5642136931419373 0.25172653794288635 0.7863204479217529 -1209.077392578125
*1 0.7336022257804871 0.21824641525745392 -0.6435964107513428 317.41619873046875
*1 0.7336022257804871 0.21824641525745392 -0.6435964107513428 317.41619873046875
*2 -0.3502659797668457 0.9329615831375122 -0.08292325586080551 62.45171356201172
*1 0.7336022257804871 0.21824641525745392 -0.6435964107513428 317.41619873046875
*2 -0.3502659797668457 0.9329615831375122 -0.08292325586080551 62.45171356201172
*3 0.5823554992675781 0.28627482056617737 0.7608626484870911 -1187.7010498046875
*1 0.7728989124298096 0.21536509692668915 -0.5968794822692871 333.9449462890625
*1 0.7728989124298096 0.21536509692668915 -0.5968794822692871 333.9449462890625
*2 -0.35306087136268616 0.927527666091919 -0.12255746126174927 65.8187255859375
*1 0.7728989124298096 0.21536509692668915 -0.5968794822692871 333.9449462890625
*2 -0.35306087136268616 0.927527666091919 -0.12255746126174927 65.8187255859375
*3 0.5272302627563477 0.3054715096950531 0.792917788028717 -1189.6278076171875
*1 0.788017988204956 0.2215624302625656 -0.5744194388389587 339.9639892578125
*1 0.788017988204956 0.2215624302625656 -0.5744194388389587 339.9639892578125
*2 -0.3631756901741028 0.9206447601318359 -0.1431662142276764 68.96880340576172
*1 0.788017988204956 0.2215624302625656 -0.5744194388389587 339.9639892578125
*2 -0.3631756901741028 0.9206447601318359 -0.1431662142276764 68.96880340576172
*3 0.4971184730529785 0.32144492864608765 0.805946409702301 -1167.8896484375
*1 0.7874990701675415 0.22182731330394745 -0.5750285387039185 344.8746337890625
*1 0.7874990701675415 0.22182731330394745 -0.5750285387039185 344.8746337890625
*2 -0.36968672275543213 0.9164988398551941 -0.15277890861034393 71.55824279785156
*1 0.7874990701675415 0.22182731330394745 -0.5750285387039185 344.8746337890625
*2 -0.36968672275543213 0.9164988398551941 -0.15277890861034393 71.55824279785156
*3 0.4931248724460602 0.3329057991504669 0.8037442564964294 -1154.6142578125
#
#
#
#
#
*1 0.7741833925247192 0.2640817165374756 -0.5752419829368591 338.50555419921875
*1 0.7741833925247192 0.2640817165374756 -0.5752419829368591 338.50555419921875
*2 -0.3719402849674225 0.9251501560211182 -0.0758611336350441 70.43983459472656
*1 0.7741833925247192 0.2640817165374756 -0.5752419829368591 338.50555419921875
*2 -0.3719402849674225 0.9251501560211182 -0.0758611336350441 70.43983459472656
*3 0.5121538043022156 0.27268704771995544 0.8144576549530029 -1160.3218994140625
*1 0.7563009858131409 0.27205121517181396 -0.5949784517288208 329.96954345703125
*1 0.7563009858131409 0.27205121517181396 -0.5949784517288208 329.96954345703125
*2 -0.3673000633716583 0.9291502833366394 -0.0420464351773262 73.13027954101563
*1 0.7563009858131409 0.27205121517181396 -0.5949784517288208 329.96954345703125
*2 -0.3673000633716583 0.9291502833366394 -0.0420464351773262 73.13027954101563
*3 0.5413876175880432 0.25033634901046753 0.8026406764984131 -1156.01953125
*1 0.7730332016944885 0.2591862082481384 -0.5790030360221863 323.3507385253906
*1 0.7730332016944885 0.2591862082481384 -0.5790030360221863 323.3507385253906
*2 -0.3793184459209442 0.9204353094100952 -0.09441301971673965 74.17747497558594
*1 0.7730332016944885 0.2591862082481384 -0.5790030360221863 323.3507385253906
*2 -0.3793184459209442 0.9204353094100952 -0.09441301971673965 74.17747497558594
*3 0.5084663033485413 0.2926119267940521 0.8098401427268982 -1154.4716796875
*1 0.8004137873649597 0.26089340448379517 -0.5396987795829773 321.013916015625
*1 0.8004137873649597 0.26089340448379517 -0.5396987795829773 321.013916015625
*2 -0.38483744859695435 0.9139307737350464 -0.12895062565803528 74.52627563476563
*1 0.8004137873649597 0.26089340448379517 -0.5396987795829773 321.013916015625
*2 -0.38483744859695435 0.9139307737350464 -0.12895062565803528 74.52627563476563
*3 0.45960694551467896 0.3109111487865448 0.8319233655929565 -1163.840087890625
*1 0.7791883945465088 0.21322643756866455 -0.5894083380699158 323.9080505371094
*1 0.7791883945465088 0.21322643756866455 -0.5894083380699158 323.9080505371094
*2 -0.39180707931518555 0.8996832966804504 -0.19249661266803741 62.384864807128906
*1 0.7791883945465088 0.21322643756866455 -0.5894083380699158 323.9080505371094
*2 -0.39180707931518555 0.8996832966804504 -0.19249661266803741 62.384864807128906
*3 0.4892374277114868 0.3809264302253723 0.784565269947052 -1176.5556640625
*1 0.8215960264205933 0.19972415268421173 -0.5339405536651611 321.9286804199219
*1 0.8215960264205933 0.19972415268421173 -0.5339405536651611 321.9286804199219
*2 -0.4026084542274475 0.8663827180862427 -0.2954407036304474 42.656856536865234
*1 0.8215960264205933 0.19972415268421173 -0.5339405536651611 321.9286804199219
*2 -0.4026084542274475 0.8663827180862427 -0.2954407036304474 42.656856536865234
*3 0.40359222888946533 0.45770275592803955 0.7922261357307434 -1171.409423828125
*1 0.8265635371208191 0.24529929459095 -0.5065799951553345 318.0437316894531
*1 0.8265635371208191 0.24529929459095 -0.5065799951553345 318.0437316894531
*2 -0.4025237262248993 0.8867089152336121 -0.22741959989070892 24.53224754333496
*1 0.8265635371208191 0.24529929459095 -0.5065799951553345 318.0437316894531
*2 -0.4025237262248993 0.8867089152336121 -0.22741959989070892 24.53224754333496
*3 0.39340510964393616 0.39188820123672485 0.8316590785980225 -1174.72119140625
*1 0.7945061326026917 0.23074689507484436 -0.5617099404335022 312.9926452636719
*1 0.7945061326026917 0.23074689507484436 -0.5617099404335022 312.9926452636719
*2 -0.4044303297996521 0.8910639882087708 -0.20600681006908417 10.945690155029297
*1 0.7945061326026917 0.23074689507484436 -0.5617099404335022 312.9926452636719
*2 -0.4044303297996521 0.8910639882087708 -0.20600681006908417 10.945690155029297
*3 0.4529859721660614 0.39084720611572266 0.8012757897377014 -1171.70166015625
#
#
*1 0.7870843410491943 0.22888070344924927 -0.5728119611740112 308.22802734375
*1 0.7870843410491943 0.22888070344924927 -0.5728119611740112 308.22802734375
*2 -0.327330619096756 0.9420556426048279 -0.07336155325174332 -82.0427474975586
*1 0.7870843410491943 0.22888070344924927 -0.5728119611740112 308.22802734375
*2 -0.327330619096756 0.9420556426048279 -0.07336155325174332 -82.0427474975586
*3 0.5228307843208313 0.24524499475955963 0.8163974285125732 -1200.9769287109375
*1 0.7981802225112915 0.23326288163661957 -0.5554264187812805 300.1608581542969
*1 0.7981802225112915 0.23326288163661957 -0.5554264187812805 300.1608581542969
*2 -0.30143555998802185 0.9529135823249817 -0.032991744577884674 -85.27825164794922
*1 0.7981802225112915 0.23326288163661957 -0.5554264187812805 300.1608581542969
*2 -0.30143555998802185 0.9529135823249817 -0.032991744577884674 -85.27825164794922
*3 0.5215787887573242 0.19376292824745178 0.8309112191200256 -1162.4329833984375
*1 0.7549451589584351 0.25897589325904846 -0.6024874448776245 294.1236877441406
*1 0.7549451589584351 0.25897589325904846 -0.6024874448776245 294.1236877441406
*2 -0.2855357229709625 0.9568710327148438 0.053509436547756195 -85.41686248779297
*1 0.7549451589584351 0.25897589325904846 -0.6024874448776245 294.1236877441406
*2 -0.2855357229709625 0.9568710327148438 0.053509436547756195 -85.41686248779297
*3 0.5903617143630981 0.1316392421722412 0.796332836151123 -1180.788818359375
*1 0.800833523273468 0.24332748353481293 -0.5472286939620972 285.1358642578125
*1 0.800833523273468 0.24332748353481293 -0.5472286939620972 285.1358642578125
*2 -0.2848348617553711 0.9585287570953369 0.009369242936372757 -84.13786315917969
*1 0.800833523273468 0.24332748353481293 -0.5472286939620972 285.1358642578125
*2 -0.2848348617553711 0.9585287570953369 0.009369242936372757 -84.13786315917969
*3 0.5268154740333557 0.14837084710597992 0.8369309306144714 -1180.4437255859375
*1 0.7210046648979187 0.2596364915370941 -0.6424506902694702 279.63897705078125
*1 0.7210046648979187 0.2596364915370941 -0.6424506902694702 279.63897705078125
*2 -0.2716832756996155 0.9588343501091003 0.08258912712335587 -77.9002914428711
*1 0.7210046648979187 0.2596364915370941 -0.6424506902694702 279.63897705078125
*2 -0.2716832756996155 0.9588343501091003 0.08258912712335587 -77.9002914428711
*3 0.6374481916427612 0.1150001734495163 0.7618638277053833 -1198.0069580078125
*1 0.7538022994995117 0.2448456883430481 -0.6097822785377502 266.4219055175781
*1 0.7538022994995117 0.2448456883430481 -0.6097822785377502 266.4219055175781
*2 -0.2688189148902893 0.9616833329200745 0.05382855236530304 -75.50923919677734
*1 0.7538022994995117 0.2448456883430481 -0.6097822785377502 266.4219055175781
*2 -0.2688189148902893 0.9616833329200745 0.05382855236530304 -75.50923919677734
*3 0.5995984077453613 0.1233491376042366 0.7907391786575317 -1200.0384521484375
*1 0.8239933252334595 0.1966865509748459 -0.5313673615455627 250.99203491210938
*1 0.8239933252334595 0.1966865509748459 -0.5313673615455627 250.99203491210938
*2 -0.28718915581703186 0.9533997774124146 -0.09245023131370544 -78.08473205566406
*1 0.8239933252334595 0.1966865509748459 -0.5313673615455627 250.99203491210938
*2 -0.28718915581703186 0.9533997774124146 -0.09245023131370544 -78.08473205566406
*3 0.48842301964759827 0.2287856489419937 0.8420819044113159 -1163.27978515625
*1 0.7599875330924988 0.2495584487915039 -0.6001178622245789 248.20791625976563
*1 0.7599875330924988 0.2495584487915039 -0.6001178622245789 248.20791625976563
*2 -0.25457054376602173 0.9638664126396179 0.07842887938022614 -79.06019592285156
*1 0.7599875330924988 0.2495584487915039 -0.6001178622245789 248.20791625976563
*2 -0.25457054376602173 0.9638664126396179 0.07842887938022614 -79.06019592285156
*3 0.5980075001716614 0.09317152947187424 0.7960577011108398 -1179.7318115234375
*1 0.733273446559906 0.2546750009059906 -0.6304384469985962 237.04779052734375
*1 0.733273446559906 0.2546750009059906 -0.6304384469985962 237.04779052734375
*2 -0.24259285628795624 0.9641715288162231 0.10732129961252213 -77.49532318115234
*1 0.733273446559906 0.2546750009059906 -0.6304384469985962 237.04779052734375
*2 -0.24259285628795624 0.9641715288162231 0.10732129961252213 -77.49532318115234
*3 0.6351843476295471 0.07424812763929367 0.7687846422195435 -1189.559814453125
*1 0.7731139063835144 0.23110084235668182 -0.5906685590744019 223.34913635253906
*1 0.7731139063835144 0.23110084235668182 -0.5906685590744019 223.34913635253906
*2 -0.24721814692020416 0.9674004912376404 0.05491282045841217 -76.9587631225586
*1 0.7731139063835144 0.23110084235668182 -0.5906685590744019 223.34913635253906
*2 -0.24721814692020416 0.9674004912376404 0.05491282045841217 -76.9587631225586
*3 0.5841048955917358 0.10357427597045898 0.8050439357757568 -1182.7681884765625
*1 0.8238716125488281 0.21791422367095947 -0.5232123136520386 218.13153076171875
*1 0.8238716125488281 0.21791422367095947 -0.5232123136520386 218.13153076171875
*2 -0.2722708582878113 0.9618066549301147 -0.02815082296729088 -78.44453430175781
*1 0.8238716125488281 0.21791422367095947 -0.5232123136520386 218.13153076171875
*2 -0.2722708582878113 0.9618066549301147 -0.02815082296729088 -78.44453430175781
*3 0.49709585309028625 0.1656523495912552 0.8517376184463501 -1173.0234375
*1 0.8136504888534546 0.22236484289169312 -0.5371488332748413 218.15391540527344
*1 0.8136504888534546 0.22236484289169312 -0.5371488332748413 218.15391540527344
*2 -0.26448819041252136 0.9643857479095459 -0.0014137960970401764 -77.52435302734375
*1 0.8136504888534546 0.22236484289169312 -0.5371488332748413 218.15391540527344
*2 -0.26448819041252136 0.9643857479095459 -0.0014137960970401764 -77.52435302734375
*3 0.5177056193351746 0.14322404563426971 0.8434866666793823 -1183.2000732421875
*1 0.8291975855827332 0.21707384288311005 -0.5150848627090454 214.05703735351563
*1 0.8291975855827332 0.21707384288311005 -0.5150848627090454 214.05703735351563
*2 -0.2856769263744354 0.9566428661346436 -0.05673712491989136 -72.45030975341797
*1 0.8291975855827332 0.21707384288311005 -0.5150848627090454 214.05703735351563
*2 -0.2856769263744354 0.9566428661346436 -0.05673712491989136 -72.45030975341797
*3 0.480437308549881 0.1941983848810196 0.8552596569061279 -1186.748046875
*1 0.8601634502410889 0.1987842321395874 -0.4696868658065796 219.41421508789063
*1 0.8601634502410889 0.1987842321395874 -0.4696868658065796 219.41421508789063
*2 -0.28455981612205505 0.9513013362884521 -0.11852195858955383 -66.93312072753906
*1 0.8601634502410889 0.1987842321395874 -0.4696868658065796 219.41421508789063
*2 -0.28455981612205505 0.9513013362884521 -0.11852195858955383 -66.93312072753906
*3 0.4232545495033264 0.23560655117034912 0.8748412728309631 -1204.8472900390625
*1 0.7474233508110046 0.2340174913406372 -0.621768593788147 211.44735717773438
*1 0.7474233508110046 0.2340174913406372 -0.621768593788147 211.44735717773438
*2 -0.25455155968666077 0.9653560519218445 0.05733396112918854 -58.747230529785156
*1 0.7474233508110046 0.2340174913406372 -0.621768593788147 211.44735717773438
*2 -0.25455155968666077 0.9653560519218445 0.05733396112918854 -58.747230529785156
*3 0.6136466860771179 0.11542356759309769 0.7810999155044556 -1194.0972900390625
*1 0.8637398481369019 0.21580150723457336 -0.45539551973342896 211.258544921875
*1 0.8637398481369019 0.21580150723457336 -0.45539551973342896 211.258544921875
*2 -0.28267180919647217 0.9555894732475281 -0.08331485092639923 -51.95737838745117
*1 0.8637398481369019 0.21580150723457336 -0.45539551973342896 211.258544921875
*2 -0.28267180919647217 0.9555894732475281 -0.08331485092639923 -51.95737838745117
*3 0.41719287633895874 0.20069408416748047 0.8863824605941772 -1234.2872314453125
*1 0.8320667743682861 0.2121615707874298 -0.5124979019165039 201.29978942871094
*1 0.8320667743682861 0.2121615707874298 -0.5124979019165039 201.29978942871094
*2 -0.285807341337204 0.9558455348014832 -0.06833403557538986 -41.390323638916016
*1 0.8320667743682861 0.2121615707874298 -0.5124979019165039 201.29978942871094
*2 -0.285807341337204 0.9558455348014832 -0.06833403557538986 -41.390323638916016
*3 0.47537219524383545 0.2033383846282959 0.8559653162956238 -1198.156005859375
*1 0.8454450368881226 0.20560671389102936 -0.4928997755050659 201.13018798828125
*1 0.8454450368881226 0.20560671389102936 -0.4928997755050659 201.13018798828125
*2 -0.28113946318626404 0.9560307860374451 -0.08343607187271118 -33.09330368041992
*1 0.8454450368881226 0.20560671389102936 -0.4928997755050659 201.13018798828125
*2 -0.28113946318626404 0.9560307860374451 -0.08343607187271118 -33.09330368041992
*3 0.4540736675262451 0.20911844074726105 0.8660764694213867 -1209.3985595703125
*1 0.8536469340324402 0.22440418601036072 -0.4700331687927246 199.23187255859375
*1 0.8536469340324402 0.22440418601036072 -0.4700331687927246 199.23187255859375
*2 -0.2913137376308441 0.9537806510925293 -0.07371967285871506 -24.23233413696289
*1 0.8536469340324402 0.22440418601036072 -0.4700331687927246 199.23187255859375
*2 -0.2913137376308441 0.9537806510925293 -0.07371967285871506 -24.23233413696289
*3 0.4317668080329895 0.19986195862293243 0.8795650005340576 -1212.818603515625
*1 0.8319410085678101 0.22612355649471283 -0.5066989660263062 192.24600219726563
*1 0.8319410085678101 0.22612355649471283 -0.5066989660263062 192.24600219726563
*2 -0.29673993587493896 0.9529444575309753 -0.061951763927936554 -17.181468963623047
*1 0.8319410085678101 0.22612355649471283 -0.5066989660263062 192.24600219726563
*2 -0.29673993587493896 0.9529444575309753 -0.061951763927936554 -17.181468963623047
*3 0.4688485562801361 0.20190228521823883 0.8598944544792175 -1184.120361328125
*1 0.8324224948883057 0.2191934734582901 -0.5089483857154846 189.9864501953125
*1 0.8324224948883057 0.2191934734582901 -0.5089483857154846 189.9864501953125
*2 -0.28855475783348083 0.9555526375770569 -0.06042371317744255 -14.136469841003418
*1 0.8324224948883057 0.2191934734582901 -0.5089483857154846 189.9864501953125
*2 -0.28855475783348083 0.9555526375770569 -0.06042371317744255 -14.136469841003418
*3 0.4730839133262634 0.19716179370880127 0.8586738705635071 -1178.569580078125
*1 0.8311820030212402 0.2210133969783783 -0.5101871490478516 191.8522186279297
*1 0.8311820030212402 0.2210133969783783 -0.5101871490478516 191.8522186279297
*2 -0.2877480089664459 0.9561465382575989 -0.05459515377879143 -10.963056564331055
*1 0.8311820030212402 0.2210133969783783 -0.5101871490478516 191.8522186279297
*2 -0.2877480089664459 0.9561465382575989 -0.05459515377879143 -10.963056564331055
*3 0.47574880719184875 0.1921880841255188 0.8583290576934814 -1181.1185302734375
#
#
#
#
#
#
*1 0.8107000589370728 0.21502211689949036 -0.5445458889007568 206.76889038085938
*1 0.8107000589370728 0.21502211689949036 -0.5445458889007568 206.76889038085938
*2 -0.3104667365550995 0.9464573860168457 -0.0884864404797554 -40.03563690185547
*1 0.8107000589370728 0.21502211689949036 -0.5445458889007568 206.76889038085938
*2 -0.3104667365550995 0.9464573860168457 -0.0884864404797554 -40.03563690185547
*3 0.496362566947937 0.24079810082912445 0.8340504765510559 -1154.080322265625
*1 0.8131697177886963 0.22307264804840088 -0.537580668926239 206.99107360839844
*1 0.8131697177886963 0.22307264804840088 -0.537580668926239 206.99107360839844
*2 -0.2999905049800873 0.9521360993385315 -0.05868229642510414 -45.183868408203125
*1 0.8131697177886963 0.22307264804840088 -0.537580668926239 206.99107360839844
*2 -0.2999905049800873 0.9521360993385315 -0.05868229642510414 -45.183868408203125
*3 0.4987591505050659 0.20898649096488953 0.8411681056022644 -1147.5865478515625
*1 0.811400830745697 0.21298375725746155 -0.5443032383918762 207.6189422607422
*1 0.811400830745697 0.21298375725746155 -0.5443032383918762 207.6189422607422
*2 -0.2967943847179413 0.9523900151252747 -0.06976696103811264 -47.502281188964844
*1 0.811400830745697 0.21298375725746155 -0.5443032383918762 207.6189422607422
*2 -0.2967943847179413 0.9523900151252747 -0.06976696103811264 -47.502281188964844
*3 0.5035293102264404 0.21815383434295654 0.835982620716095 -1145.168701171875
*1 0.8148430585861206 0.2153802365064621 -0.5381835699081421 209.8134002685547
*1 0.8148430585861206 0.2153802365064621 -0.5381835699081421 209.8134002685547
*2 -0.2897542119026184 0.9554421901702881 -0.05633692443370819 -48.62165451049805
*1 0.8148430585861206 0.2153802365064621 -0.5381835699081421 209.8134002685547
*2 -0.2897542119026184 0.9554421901702881 -0.05633692443370819 -48.62165451049805
*3 0.5020689964294434 0.2018454223871231 0.840942919254303 -1147.9931640625
*1 0.8177506327629089 0.20287513732910156 -0.5386323928833008 212.78033447265625
*1 0.8177506327629089 0.20287513732910156 -0.5386323928833008 212.78033447265625
*2 -0.2814966142177582 0.9572330713272095 -0.06682484596967697 -48.42181396484375
*1 0.8177506327629089 0.20287513732910156 -0.5386323928833008 212.78033447265625
*2 -0.2814966142177582 0.9572330713272095 -0.06682484596967697 -48.42181396484375
*3 0.5020392537117004 0.20626801252365112 0.8398868441581726 -1148.786376953125
*1 0.8174247145652771 0.20806212723255157 -0.5371464490890503 217.8692626953125
*1 0.8174247145652771 0.20806212723255157 -0.5371464490890503 217.8692626953125
*2 -0.27744460105895996 0.9594095349311829 -0.050585851073265076 -47.79008102416992
*1 0.8174247145652771 0.20806212723255157 -0.5371464490890503 217.8692626953125
*2 -0.27744460105895996 0.9594095349311829 -0.050585851073265076 -47.79008102416992
*3 0.5048180222511292 0.19037722051143646 0.8419709801673889 -1155.6865234375
*1 0.8076871633529663 0.2034590095281601 -0.5533941984176636 220.7394561767578
*1 0.8076871633529663 0.2034590095281601 -0.5533941984176636 220.7394561767578
*2 -0.2735057473182678 0.9607728123664856 -0.04594904184341431 -47.3553352355957
*1 0.8076871633529663 0.2034590095281601 -0.5533941984176636 220.7394561767578
*2 -0.2735057473182678 0.9607728123664856 -0.04594904184341431 -47.3553352355957
*3 0.5223369598388672 0.18846766650676727 0.8316513299942017 -1146.4088134765625
*1 0.7992847561836243 0.18846948444843292 -0.5706332921981812 224.2466583251953
*1 0.7992847561836243 0.18846948444843292 -0.5706332921981812 224.2466583251953
*2 -0.2785137891769409 0.9575902819633484 -0.0738372728228569 -50.411869049072266
*1 0.7992847561836243 0.18846948444843292 -0.5706332921981812 224.2466583251953
*2 -0.2785137891769409 0.9575902819633484 -0.0738372728228569 -50.411869049072266
*3 0.5325165390968323 0.21794499456882477 0.8178789615631104 -1140.7933349609375
*1 0.79339998960495 0.19196085631847382 -0.5776389837265015 228.3682861328125
*1 0.79339998960495 0.19196085631847382 -0.5776389837265015 228.3682861328125
*2 -0.2800997197628021 0.9576674699783325 -0.06646911054849625 -53.69782257080078
*1 0.79339998960495 0.19196085631847382 -0.5776389837265015 228.3682861328125
*2 -0.2800997197628021 0.9576674699783325 -0.06646911054849625 -53.69782257080078
*3 0.5404263734817505 0.21453185379505157 0.8135817646980286 -1138.52734375
*1 0.8121241927146912 0.19577284157276154 -0.5496604442596436 232.49832153320313
*1 0.8121241927146912 0.19577284157276154 -0.5496604442596436 232.49832153320313
*2 -0.27859652042388916 0.9578193426132202 -0.0704774409532547 -58.32209777832031
*1 0.8121241927146912 0.19577284157276154 -0.5496604442596436 232.49832153320313
*2 -0.27859652042388916 0.9578193426132202 -0.0704774409532547 -58.32209777832031
*3 0.5126776099205017 0.21036866307258606 0.8324100971221924 -1143.8133544921875
*1 0.8212291598320007 0.20546771585941315 -0.5323203802108765 234.5594024658203
*1 0.8212291598320007 0.20546771585941315 -0.5323203802108765 234.5594024658203
*2 -0.2825969159603119 0.9569236040115356 -0.06661143153905869 -64.3464584350586
*1 0.8212291598320007 0.20546771585941315 -0.5323203802108765 234.5594024658203
*2 -0.2825969159603119 0.9569236040115356 -0.06661143153905869 -64.3464584350586
*3 0.49570325016975403 0.2051340937614441 0.8439183831214905 -1147.327880859375
*1 0.8260451555252075 0.21409058570861816 -0.5213577747344971 234.62953186035156
*1 0.8260451555252075 0.21409058570861816 -0.5213577747344971 234.62953186035156
*2 -0.2834262251853943 0.957362174987793 -0.05592956766486168 -67.87458038330078
*1 0.8260451555252075 0.21409058570861816 -0.5213577747344971 234.62953186035156
*2 -0.2834262251853943 0.957362174987793 -0.05592956766486168 -67.87458038330078
*3 0.4871539771556854 0.19396555423736572 0.8515035510063171 -1142.9520263671875
*1 0.8215038776397705 0.20625115931034088 -0.5315929651260376 234.44468688964844
*1 0.8215038776397705 0.20625115931034088 -0.5315929651260376 234.44468688964844
*2 -0.2856333553791046 0.955735981464386 -0.0705915316939354 -68.60852813720703
*1 0.8215038776397705 0.20625115931034088 -0.5315929651260376 234.44468688964844
*2 -0.2856333553791046 0.955735981464386 -0.0705915316939354 -68.60852813720703
*3 0.49350273609161377 0.2098306566476822 0.8440533876419067 -1140.1727294921875
*1 0.8294433355331421 0.22553469240665436 -0.5110353231430054 235.09915161132813
*1 0.8294433355331421 0.22553469240665436 -0.5110353231430054 235.09915161132813
*2 -0.2861059308052063 0.9572824239730835 -0.04188942909240723 -68.80116271972656
*1 0.8294433355331421 0.22553469240665436 -0.5110353231430054 235.09915161132813
*2 -0.2861059308052063 0.9572824239730835 -0.04188942909240723 -68.80116271972656
*3 0.4797573387622833 0.18095389008522034 0.8585385680198669 -1149.24169921875
*1 0.8116227388381958 0.23244844377040863 -0.5359435081481934 232.69561767578125
*1 0.8116227388381958 0.23244844377040863 -0.5359435081481934 232.69561767578125
*2 -0.2833121120929718 0.9589383602142334 -0.013131193816661835 -66.74566650390625
*1 0.8116227388381958 0.23244844377040863 -0.5359435081481934 232.69561767578125
*2 -0.2833121120929718 0.9589383602142334 -0.013131193816661835 -66.74566650390625
*3 0.5108842849731445 0.16249564290046692 0.8441517949104309 -1152.072021484375
*1 0.797473669052124 0.2384037971496582 -0.554254949092865 227.96287536621094
*1 0.797473669052124 0.2384037971496582 -0.554254949092865 227.96287536621094
*2 -0.2749185860157013 0.9613008499145508 0.017931602895259857 -63.898433685302734
*1 0.797473669052124 0.2384037971496582 -0.554254949092865 227.96287536621094
*2 -0.2749185860157013 0.9613008499145508 0.017931602895259857 -63.898433685302734
*3 0.5370804667472839 0.13807377219200134 0.832153856754303 -1154.3870849609375
*1 0.762615442276001 0.24312575161457062 -0.5994219183921814 221.21336364746094
*1 0.762615442276001 0.24312575161457062 -0.5994219183921814 221.21336364746094
*2 -0.2666509747505188 0.962437093257904 0.05111978203058243 -61.38896179199219
*1 0.762615442276001 0.24312575161457062 -0.5994219183921814 221.21336364746094
*2 -0.2666509747505188 0.962437093257904 0.05111978203058243 -61.38896179199219
*3 0.5893341898918152 0.12085048109292984 0.7987992763519287 -1160.4951171875
*1 0.762230634689331 0.24806882441043854 -0.5978840589523315 214.0517120361328
*1 0.762230634689331 0.24806882441043854 -0.5978840589523315 214.0517120361328
*2 -0.2647794485092163 0.9623323082923889 0.06172233074903488 -56.951168060302734
*1 0.762230634689331 0.24806882441043854 -0.5978840589523315 214.0517120361328
*2 -0.2647794485092163 0.9623323082923889 0.06172233074903488 -56.951168060302734
*3 0.5906742811203003 0.1112595647573471 0.7992028594017029 -1172.5572509765625
*1 0.7635977864265442 0.23987025022506714 -0.5994828939437866 202.2610626220703
*1 0.7635977864265442 0.23987025022506714 -0.5994828939437866 202.2610626220703
*2 -0.27611231803894043 0.9605712294578552 0.032652877271175385 -51.09101867675781
*1 0.7635977864265442 0.23987025022506714 -0.5994828939437866 202.2610626220703
*2 -0.27611231803894043 0.9605712294578552 0.032652877271175385 -51.09101867675781
*3 0.5836781859397888 0.14058975875377655 0.7997214198112488 -1163.839111328125
*1 0.785526692867279 0.23652446269989014 -0.5718419551849365 193.44561767578125
*1 0.785526692867279 0.23652446269989014 -0.5718419551849365 193.44561767578125
*2 -0.2729755640029907 0.9617509245872498 0.022819608449935913 -47.46314239501953
*1 0.785526692867279 0.23652446269989014 -0.5718419551849365 193.44561767578125
*2 -0.2729755640029907 0.9617509245872498 0.022819608449935913 -47.46314239501953
*3 0.5553666353225708 0.13817226886749268 0.8200466632843018 -1158.9678955078125
*1 0.7934823632240295 0.22722013294696808 -0.5645847320556641 186.95697021484375
*1 0.7934823632240295 0.22722013294696808 -0.5645847320556641 186.95697021484375
*2 -0.2767719626426697 0.9609336853027344 -0.002247719094157219 -45.06901931762695
*1 0.7934823632240295 0.22722013294696808 -0.5645847320556641 186.95697021484375
*2 -0.2767719626426697 0.9609336853027344 -0.002247719094157219 -45.06901931762695
*3 0.5420174598693848 0.15804356336593628 0.8253723382949829 -1162.7923583984375
*1 0.8088216781616211 0.23302307724952698 -0.5399137735366821 183.08338928222656
*1 0.8088216781616211 0.23302307724952698 -0.5399137735366821 183.08338928222656
*2 -0.2772192358970642 0.960807204246521 -6.102991756051779E-4 -41.337867736816406
*1 0.8088216781616211 0.23302307724952698 -0.5399137735366821 183.08338928222656
*2 -0.2772192358970642 0.960807204246521 -6.102991756051779E-4 -41.337867736816406
*3 0.5186105370521545 0.15016691386699677 0.8417204022407532 -1176.176513671875
*1 0.7936528325080872 0.2219635546207428 -0.5664331912994385 175.3554229736328
*1 0.7936528325080872 0.2219635546207428 -0.5664331912994385 175.3554229736328
*2 -0.2669541537761688 0.9637032151222229 0.0036001012194901705 -36.52419662475586
*1 0.7936528325080872 0.2219635546207428 -0.5664331912994385 175.3554229736328
*2 -0.2669541537761688 0.9637032151222229 0.0036001012194901705 -36.52419662475586
*3 0.5466722249984741 0.14835329353809357 0.824100136756897 -1167.940185546875
*1 0.7975998520851135 0.23710255324840546 -0.5546314716339111 169.0821075439453
*1 0.7975998520851135 0.23710255324840546 -0.5546314716339111 169.0821075439453
*2 -0.26027876138687134 0.9647805690765381 0.038142040371894836 -34.41025161743164
*1 0.7975998520851135 0.23710255324840546 -0.5546314716339111 169.0821075439453
