#
#
#
#
#
#
#
#
#
#
#
#
#
#
#
#
#
#
#
#
#
#
#
#
#
#
#
#
#
#
#
#
#
#
#
#
#
#
#
#
#
#
#
#
#
#
#
#
#
#
#
#
#
#
#
#
#
#
#
#
#
#
#
#
#
#
#
#
#
#
#
#
#
#
#
#
#
#
#
#
#
#
#
#
#
#
#
#
#
#
#
#
#
#
#
#
#
#
#
#
#
#
#
#
#
#
#
#
#
#
#
#
#
#
#
#
#
#
#
#
#
#
#
#
#
#
#
#
#
#
#
#
#
#
#
#
#
#
#
#
#
#
#
#
#
#
#
#
#
#
#
#
#
#
#
#
#
#
#
#
#
#
#
#
#
#
#
#
#
#
#
#
#
#
#
#
#
#
#
#
#
#
#
#
#
#
#
#
#
#
#
#
#
#
#
#
#
#
#
#
#
#
#
#
#
#
#
#
#
#
#
#
#
#
#
#
#
#
#
#
#
#
#
#
#
#
#
#
#
#
#
#
#
#
#
#
#
#
#
#
#
#
#
#
#
#
#
#
#
#
#
#
#
#
#
#
#
#
#
#
#
#
#
#
#
#
#
#
#
#
#
#
#
#
#
#
#
#
#
#
#
#
#
#
#
#
#
#
#
#
#
#
#
#
#
#
#
#
#
#
#
#
#
#
#
#
#
#
#
#
#
#
#
#
#
#
#
#
#
#
#
#
#
#
#
#
#
#
#
#
#
#
#
#
#
#
#
#
#
#
#
#
#
#
#
#
#
#
#
#
#
#
#
#
#
#
#
#
#
#
#
#
#
#
#
#
#
#
#
#
#
#
#
#
#
#
#
#
#
#
#
#
#
#
#
#
#
#
#
#
#
#
#
#
#
* 0.9945383667945862 0.026100721210241318 -0.10105347633361816 -263.8363037109375 -0.0352277010679245 0.9953599572181702 -0.08954411745071411 144.65472412109375 0.09824629873037338 0.09261562675237656 0.9908432364463806 -587.4660034179688
* 0.9935775399208069 0.03413604572415352 -0.10787937045097351 -244.0530242919922 -0.047501225024461746 0.9911709427833557 -0.12379159033298492 152.42691040039063 0.10270001739263535 0.12812161445617676 0.986426830291748 -587.5343627929688
* 0.9859678745269775 0.028309114277362823 -0.1645156890153885 -224.0484619140625 -0.04667440801858902 0.9929654002189636 -0.1088198572397232 161.67860412597656 0.16027668118476868 0.11497225612401962 0.9803534746170044 -592.1954956054688
#
#
#
#
#
#
#
#
#
#
* 0.9962445497512817 0.026508938521146774 -0.08243537694215775 -159.60252380371094 -0.0296198558062315 0.9988653063774109 -0.037253499031066895 153.97509765625 0.08135677874088287 0.03955557197332382 0.9958997964859009 -569.3255615234375
* 0.9940938949584961 0.03473315015435219 -0.10282289981842041 -168.0316162109375 -0.04118441045284271 0.9972426295280457 -0.06170809641480446 153.38259887695313 0.10039857029914856 0.0655786395072937 0.9927836656570435 -569.5840454101563
* 0.9926487803459167 0.032782986760139465 -0.11651236563920975 -181.69432067871094 -0.03758635371923447 0.998505711555481 -0.03962894156575203 148.60140991210938 0.11504164338111877 0.043717194348573685 0.9923981428146362 -574.8839721679688
* 0.9924599528312683 0.04371554031968117 -0.11451447010040283 -191.10862731933594 -0.050996072590351105 0.9967829585075378 -0.06180744990706444 142.21730041503906 0.11144667118787766 0.06718156486749649 0.9914969205856323 -566.8554077148438
* 0.9977636933326721 0.02141217701137066 -0.06332755088806152 -200.49530029296875 -0.023329947143793106 0.9992653131484985 -0.03035782463848591 145.72506713867188 0.06263353675603867 0.03176765888929367 0.9975308775901794 -568.9974365234375
* 0.998958170413971 0.014309016987681389 -0.04334690794348717 -203.0773162841797 -0.015859346836805344 0.9992027282714844 -0.03659742325544357 146.90374755859375 0.042791202664375305 0.03724705055356026 0.998389482498169 -568.2650146484375
* 0.9940817952156067 0.026922406628727913 -0.10525177419185638 -197.8290557861328 -0.0354970246553421 0.9960914254188538 -0.08086284250020981 146.5716552734375 0.10266595333814621 0.08412077277898788 0.9911525845527649 -572.5961303710938
* 0.9885334968566895 0.033891480416059494 -0.14715389907360077 -183.57235717773438 -0.044561006128787994 0.9965419769287109 -0.07011012732982635 148.98110961914063 0.14427150785923004 0.07586392015218735 0.9866257905960083 -573.8601684570313
* 0.9956724047660828 0.02884864993393421 -0.08835002034902573 -170.70982360839844 -0.036072988063097 0.9959961175918579 -0.08177627623081207 152.63226318359375 0.08563973009586334 0.08460979163646698 0.9927271008491516 -576.0272216796875
* 0.9978018999099731 0.02301367186009884 -0.06215555965900421 -162.2758026123047 -0.026061126962304115 0.9984399676322937 -0.04934801533818245 152.12857055664063 0.06092548370361328 0.05085970088839531 0.9968457221984863 -571.0089721679688
* 0.9994351863861084 0.02459900453686714 -0.022926175966858864 -160.8257293701172 -0.024776525795459747 0.9996480941772461 -0.009307284839451313 147.30079650878906 0.022691700607538223 0.00987034011632204 0.9996938109397888 -571.0759887695313
* 0.9982873201370239 0.023074237629771233 -0.05377161502838135 -162.80462646484375 -0.024339446797966957 0.9994195699691772 -0.023769164457917213 138.66729736328125 0.05319451540708542 0.02503751963376999 0.9982702136039734 -569.2288208007813
* 0.9984711408615112 0.01982264034450054 -0.051612526178359985 -163.93182373046875 -0.020820677280426025 0.9995880126953125 -0.01967679150402546 132.7341766357422 0.05120377987623215 0.020721595734357834 0.9984731674194336 -567.6720581054688
* 0.9999396800994873 0.011023974046111107 6.391643546521664E-4 -166.69790649414063 -0.010980469174683094 0.9999319911003113 -0.0034848430659621954 127.04344940185547 -6.750131724402308E-4 0.0034778558183461428 0.9999937415122986 -577.6363525390625
* 0.9991604685783386 0.017633790150284767 -0.03699713572859764 -165.26885986328125 -0.01865665800869465 0.9994146823883057 -0.028616368770599365 113.71898651123047 0.03647343069314957 0.029282869771122932 0.9989054799079895 -571.9850463867188
* 0.9973071217536926 0.02091023698449135 -0.07030368596315384 -162.6192626953125 -0.021048445254564285 0.999775230884552 -0.00181191333103925 107.81956481933594 0.07025257498025894 0.0032870725262910128 0.997523844242096 -563.7876586914063
* 0.9966652989387512 0.022981058806180954 -0.07830439507961273 -161.397216796875 -0.024897467344999313 0.9993975162506104 -0.02411576174199581 108.03340148925781 0.07770559936761856 0.02598520554602146 0.9966377019882202 -564.2638549804688
* 0.9963644742965698 0.026584209874272346 -0.08094752579927444 -159.91152954101563 -0.029531152918934822 0.9989158511161804 -0.03594356030225754 106.16229248046875 0.07990681380033493 0.03820366412401199 0.9960700273513794 -564.0302124023438
* 0.997722327709198 0.02074258215725422 -0.06419701129198074 -158.5365447998047 -0.02093038335442543 0.999775230884552 -0.0028962576761841774 106.8701171875 0.06412506848573685 0.0042335824109613895 0.9979329705238342 -564.9541625976563
* 0.9978300333023071 0.023602180182933807 -0.061478111892938614 -158.58798217773438 -0.025127684697508812 0.9993742108345032 -0.024836262688040733 111.41110229492188 0.060856014490127563 0.026327451691031456 0.9977993965148926 -568.1974487304688
* 0.996346116065979 0.028536181896924973 -0.08050738275051117 -157.5792236328125 -0.030723130330443382 0.9991731643676758 -0.026574337854981422 112.95846557617188 0.07968506962060928 0.02895095944404602 0.9963997602462769 -564.311767578125
* 0.9963704943656921 0.02711988054215908 -0.08069512993097305 -158.3721160888672 -0.03028729185461998 0.9987861514091492 -0.03880712017416954 113.7906494140625 0.07954732328653336 0.04111059755086899 0.9959831833839417 -565.6098022460938
* 0.9975775480270386 0.028832485899329185 -0.06331697851419449 -159.14059448242188 -0.03048122674226761 0.9991985559463501 -0.02588842436671257 118.08641052246094 0.06252238154411316 0.0277559757232666 0.9976577758789063 -569.0042114257813
* 0.9971323609352112 0.022874552756547928 -0.07214604318141937 -158.35052490234375 -0.022725297138094902 0.999737560749054 0.002318054437637329 121.15995788574219 0.07218271493911743 -6.716288626194E-4 0.997391402721405 -565.896240234375
* 0.9978020787239075 0.02687201276421547 -0.06058310717344284 -161.10499572753906 -0.02781050279736519 0.9994933009147644 -0.015386153012514114 124.43932342529297 0.060141537338495255 0.01703745126724243 0.9980446696281433 -567.1102905273438
* 0.9977743625640869 0.02606225199997425 -0.06138884648680687 -164.081298828125 -0.027038272470235825 0.9995080828666687 -0.015797927975654602 127.4292221069336 0.06094951182603836 0.0174228698015213 0.9979890584945679 -566.778076171875
* 0.9970172047615051 0.032543379813432693 -0.0699944719672203 -165.4936981201172 -0.03334592655301094 0.9993826746940613 -0.010919813998043537 128.13272094726563 0.06959850341081619 0.013221547938883305 0.9974877834320068 -564.1767578125
* 0.9971631765365601 0.025624021887779236 -0.07078592479228973 -166.0388946533203 -0.02778525836765766 0.9991528987884521 -0.030306458473205566 127.77090454101563 0.06995199620723724 0.0321875661611557 0.9970313310623169 -564.1220092773438
* 0.9968411922454834 0.02655606158077717 -0.07485987991094589 -165.6625518798828 -0.027773665264248848 0.9994875192642212 -0.015824628993868828 127.61947631835938 0.07440388202667236 0.01785404048860073 0.9970687031745911 -562.94140625
* 0.9972429275512695 0.034326259046792984 -0.06580282002687454 -166.95098876953125 -0.03676968812942505 0.9986398220062256 -0.03692687302827835 129.79681396484375 0.06444834917783737 0.039244912564754486 0.9971494078636169 -566.6917724609375
* 0.997222900390625 0.031516995280981064 -0.0674898698925972 -168.03842163085938 -0.0335228405892849 0.999003529548645 -0.029416019096970558 129.71102905273438 0.06649812310934067 0.031597066670656204 0.9972865581512451 -564.732421875
* 0.9975078105926514 0.032167673110961914 -0.06281094998121262 -170.90187072753906 -0.03426482155919075 0.9988575577735901 -0.033268701285123825 129.6444854736328 0.06167161092162132 0.03533828631043434 0.9974711537361145 -566.361083984375
* 0.9972838759422302 0.03178871423006058 -0.06645409762859344 -172.9600067138672 -0.034136056900024414 0.9987984895706177 -0.035121507942676544 130.24578857421875 0.0652604028582573 0.03729488328099251 0.9971714615821838 -565.9558715820313
* 0.9963128566741943 0.03993314877152443 -0.07594678550958633 -173.53659057617188 -0.04319753870368004 0.9981653690338135 -0.0423920564353466 129.76287841796875 0.07411724328994751 0.04551676660776138 0.9962105751037598 -566.3508911132813
* 0.9976990818977356 0.03554573282599449 -0.05774897709488869 -173.2986602783203 -0.039271894842386246 0.9970801472663879 -0.06546871364116669 129.9771728515625 0.05525585263967514 0.06758630275726318 0.9961824417114258 -567.5391845703125
* 0.996238648891449 0.030663739889860153 -0.08105779439210892 -173.04481506347656 -0.031188061460852623 0.9994957447052002 -0.0057197390124201775 130.34854125976563 0.08084418624639511 0.008226525969803333 0.9966931343078613 -564.5357666015625
* 0.9973189830780029 0.03090081177651882 -0.06634849309921265 -174.94004821777344 -0.03185649961233139 0.9993927478790283 -0.014019818976521492 130.60110473632813 0.06587761640548706 0.01609613560140133 0.9976983070373535 -564.5654907226563
* 0.997827410697937 0.039217621088027954 -0.05295807123184204 -177.5546112060547 -0.04234756901860237 0.99728924036026 -0.06014993041753769 130.1823272705078 0.050458215177059174 0.062262214720249176 0.996783971786499 -569.5079956054688
* 0.9974106550216675 0.027378669008612633 -0.06651642918586731 -175.55218505859375 -0.028977086767554283 0.9992950558662415 -0.023811891674995422 127.87080383300781 0.06582025438547134 0.025677941739559174 0.9975014925003052 -564.71728515625
* 0.9967882633209229 0.03158021718263626 -0.0736064612865448 -173.8337860107422 -0.03213866800069809 0.9994577765464783 -0.0069770170375704765 127.17817687988281 0.07334887236356735 0.009320467710494995 0.9972633123397827 -563.2366333007813
* 0.9972177743911743 0.02977028116583824 -0.0683562159538269 -173.73243713378906 -0.030569132417440414 0.9994677305221558 -0.011276842094957829 127.75691986083984 0.06798677891492844 0.01333529781550169 0.9975976347923279 -564.6925048828125
* 0.9981678128242493 0.03604935109615326 -0.04861587658524513 -175.08302307128906 -0.037236981093883514 0.9990020394325256 -0.024612464010715485 129.39639282226563 0.0476827435195446 0.026377949863672256 0.998514711856842 -566.1348266601563
* 0.9981369376182556 0.030187804251909256 -0.05304174870252609 -175.55941772460938 -0.031048346310853958 0.9993842840194702 -0.016259916126728058 130.3895721435547 0.052520882338285446 0.017876727506518364 0.9984602928161621 -565.5419311523438
* 0.997739851474762 0.03000621683895588 -0.060140252113342285 -175.72438049316406 -0.03171258419752121 0.9990944266319275 -0.028317831456661224 131.27877807617188 0.05923872068524361 0.030161287635564804 0.9977886080741882 -565.5473022460938
* 0.998202383518219 0.02671181596815586 -0.05367105454206467 -174.84811401367188 -0.02751377783715725 0.9995070099830627 -0.015033169649541378 131.5612030029297 0.0532456710934639 0.01648307591676712 0.9984459280967712 -564.4461059570313
* 0.9978538155555725 0.028575778007507324 -0.058934424072504044 -174.5856170654297 -0.02895795926451683 0.9995591044425964 -0.006343005690723658 133.64736938476563 0.05872984603047371 0.008036242797970772 0.9982420802116394 -566.7837524414063
* 0.9971639513969421 0.03572072833776474 -0.0662575289607048 -173.98675537109375 -0.037124451249837875 0.9990947246551514 -0.020706208422780037 134.89207458496094 0.06546056270599365 0.02310752496123314 0.9975880980491638 -565.6292114257813
* 0.9976592659950256 0.03390824794769287 -0.059397824108600616 -174.51351928710938 -0.035501863807439804 0.9990118145942688 -0.026688197627663612 137.08001708984375 0.058436837047338486 0.028734732419252396 0.9978780150413513 -566.3369750976563
* 0.9972901940345764 0.03029780648648739 -0.06705428659915924 -174.75469970703125 -0.031800683587789536 0.9992488622665405 -0.02208126150071621 136.7380828857422 0.06633758544921875 0.024154063314199448 0.9975053668022156 -563.81494140625
* 0.998413622379303 0.02856031432747841 -0.0485435426235199 -175.9248504638672 -0.029739275574684143 0.9992533922195435 -0.024602729827165604 137.34994506835938 0.047807302325963974 0.026007622480392456 0.9985184669494629 -566.256103515625
* 0.9981582164764404 0.027796264737844467 -0.05393887311220169 -175.6599578857422 -0.029764866456389427 0.9988769292831421 -0.036822691559791565 137.26010131835938 0.05285743996500969 0.03836064040660858 0.9978654980659485 -565.9185791015625
* 0.9979879260063171 0.037660546600818634 -0.05102595314383507 -175.2292022705078 -0.03914741799235344 0.998802661895752 -0.02928651124238968 136.2021942138672 0.04986457899212837 0.031225424259901047 0.9982682466506958 -566.4442749023438
* 0.9976991415023804 0.03580322116613388 -0.05758817866444588 -175.101806640625 -0.037363599985837936 0.9989359378814697 -0.026979021728038788 135.63536071777344 0.056563638150691986 0.029068950563669205 0.9979763031005859 -566.05419921875
* 0.9974392056465149 0.037538785487413406 -0.060890160501003265 -175.45872497558594 -0.03983747959136963 0.9984938502311707 -0.03768076002597809 135.7826385498047 0.059386640787124634 0.04001029580831528 0.9974334836006165 -565.3693237304688
* 0.9975488185882568 0.03219001740217209 -0.062144674360752106 -175.91334533691406 -0.0340278297662735 0.9989861845970154 -0.02941855415701866 136.88209533691406 0.061137378215789795 0.031461384147405624 0.9976339936256409 -566.0812377929688
* 0.9980430006980896 0.030989672988653183 -0.05432778224349022 -174.41168212890625 -0.03204236924648285 0.9992969632148743 -0.0193816889077425 137.24020385742188 0.053691647946834564 0.021084820851683617 0.9983355402946472 -564.5364379882813
* 0.9958400726318359 0.03472103551030159 -0.08425356447696686 -173.25900268554688 -0.03716178983449936 0.9989133477210999 -0.028071114793419838 138.1028289794922 0.08319006860256195 0.03108564391732216 0.9960494041442871 -564.5283813476563
* 0.9972538948059082 0.0400875061750412 -0.06228462606668472 -172.94004821777344 -0.0426405631005764 0.9982515573501587 -0.04089668393135071 138.82374572753906 0.060538969933986664 0.0434405542910099 0.9972207546234131 -566.671875
* 0.9974926710128784 0.03581804037094116 -0.06105003133416176 -172.8623504638672 -0.038247279822826385 0.9984742403030396 -0.039789989590644836 139.29330444335938 0.05953437462449074 0.04202553629875183 0.9973418712615967 -567.0491943359375
* 0.9971680641174316 0.0354638546705246 -0.06633210927248001 -172.6105499267578 -0.03757304698228836 0.9987970590591431 -0.031457334756851196 139.86900329589844 0.06513940542936325 0.03386085107922554 0.9973021745681763 -565.5140991210938
* 0.9976776838302612 0.029813533648848534 -0.061256106942892075 -173.60543823242188 -0.031101027503609657 0.9992971420288086 -0.020853491500020027 141.05995178222656 0.06059401482343674 0.022710461169481277 0.9979047179222107 -566.7755126953125
* 0.9967286586761475 0.035508930683135986 -0.0726160928606987 -173.6068572998047 -0.038195427507162094 0.998600959777832 -0.03652636706829071 141.62350463867188 0.07122017443180084 0.039180777966976166 0.9966914653778076 -566.5223388671875
* 0.9984124302864075 0.0347176268696785 -0.044377684593200684 -172.90843200683594 -0.036668576300144196 0.9983169436454773 -0.044895466417074203 142.53721618652344 0.042746979743242264 0.046451762318611145 0.9980061054229736 -568.0800170898438
* 0.9978973269462585 0.035363346338272095 -0.054336849600076675 -171.5009307861328 -0.03878742828965187 0.9971876740455627 -0.06410342454910278 144.29502868652344 0.051919788122177124 0.06607655435800552 0.9964635372161865 -571.281005859375
* 0.9970352053642273 0.0339907668530941 -0.06904760003089905 -165.3311767578125 -0.03811962902545929 0.9974684715270996 -0.060003552585840225 142.05325317382813 0.0668359100818634 0.06245804205536842 0.9958078861236572 -568.9317626953125
* 0.9965261816978455 0.03671230375766754 -0.07476523518562317 -159.4708251953125 -0.042122699320316315 0.9964627027511597 -0.07269583642482758 139.97055053710938 0.07183460891246796 0.07559296488761902 0.9945485591888428 -570.2242431640625
* 0.995617687702179 0.03342699259519577 -0.08735083043575287 -152.48976135253906 -0.03732612356543541 0.9983381032943726 -0.043872274458408356 137.56678771972656 0.08574184030294418 0.046940792351961136 0.9952117204666138 -567.3948364257813
* 0.9973555207252502 0.032419633120298386 -0.06506354361772537 -147.07058715820313 -0.03612471744418144 0.9977043867111206 -0.05725371837615967 133.9307403564453 0.0630607083439827 0.059453025460243225 0.9962379932403564 -568.7261962890625
* 0.9960438013076782 0.03375174105167389 -0.0822184681892395 -142.4932098388672 -0.03614187240600586 0.9989454746246338 -0.028264610096812248 129.00343322753906 0.08118046820163727 0.031124606728553772 0.9962140917778015 -567.3145141601563
* 0.9973400235176086 0.034050557762384415 -0.06446553021669388 -139.21409606933594 -0.0370224267244339 0.9982474446296692 -0.04613616690039635 126.23995208740234 0.06278425455093384 0.04840042069554329 0.9968535900115967 -567.166259765625
* 0.9976732730865479 0.03190303221344948 -0.06027064099907875 -137.1619110107422 -0.03341931477189064 0.9991269707679749 -0.025012269616127014 126.9511947631836 0.05942272022366524 0.02696855366230011 0.9978693127632141 -567.6049194335938
* 0.9985237121582031 0.027219850569963455 -0.04703085497021675 -136.42755126953125 -0.028031805530190468 0.9994510412216187 -0.01757626049220562 131.6851806640625 0.046529266983270645 0.018868930637836456 0.99873948097229 -570.4277954101563
* 0.9980220198631287 0.02725842036306858 -0.05666957423090935 -134.9011993408203 -0.02848673425614834 0.999356746673584 -0.021715402603149414 135.39646911621094 0.05604385957121849 0.02328704111278057 0.9981575012207031 -567.1763916015625
* 0.9968340992927551 0.03345201164484024 -0.0721459835767746 -133.35691833496094 -0.03701404482126236 0.998101532459259 -0.049198176711797714 137.83462524414063 0.07036590576171875 0.05171314999461174 0.9961807131767273 -569.2376098632813
* 0.9960521459579468 0.029683060944080353 -0.08367438614368439 -128.2273406982422 -0.03338472545146942 0.9984856843948364 -0.04369236156344414 139.22962951660156 0.08225344121456146 0.046313609927892685 0.9955355525016785 -570.70849609375
* 0.9953421950340271 0.03452794998884201 -0.09002416580915451 -120.5867919921875 -0.04091484844684601 0.9966663122177124 -0.07056476920843124 142.55455017089844 0.08729028701782227 0.07391975075006485 0.9934374094009399 -573.0822143554688
* 0.9955060482025146 0.04193442314863205 -0.08492296934127808 -111.74903106689453 -0.04629982262849808 0.9976437091827393 -0.05060190334916115 142.54502868652344 0.0826035737991333 0.054306741803884506 0.9951025247573853 -568.5780029296875
* 0.9964002370834351 0.03336086496710777 -0.07795059680938721 -107.541015625 -0.03447125852108002 0.999313473701477 -0.0134742371737957 145.14073181152344 0.077450230717659 0.016113057732582092 0.996866762638092 -566.8866577148438
* 0.9976526498794556 0.030986476689577103 -0.06108838692307472 -105.73796844482422 -0.032390519976615906 0.9992135763168335 -0.02281096763908863 147.35594177246094 0.060336172580718994 0.02473635971546173 0.9978722929954529 -565.3712768554688
* 0.9973529577255249 0.03789239004254341 -0.062079764902591705 -105.19148254394531 -0.04000553488731384 0.9986250996589661 -0.03383474424481392 145.4628143310547 0.06071500852704048 0.03622899577021599 0.997498095035553 -567.346923828125
* 0.9958555698394775 0.03503198176622391 -0.08394639194011688 -105.16343688964844 -0.0360654853284359 0.9992839097976685 -0.01131963636726141 144.02413940429688 0.08349242061376572 0.014300545677542686 0.9964064359664917 -564.6993408203125
* 0.9970858693122864 0.037301983684301376 -0.06656455993652344 -108.0230712890625 -0.03832205757498741 0.9991553425788879 -0.014738195575773716 147.3011016845703 0.06596124917268753 0.01724640652537346 0.997673749923706 -566.852783203125
* 0.9970545768737793 0.04056912288069725 -0.06510615348815918 -110.8213119506836 -0.043234843760728836 0.9982333183288574 -0.0407208651304245 150.52101135253906 0.06334179639816284 0.04341607540845871 0.9970477223396301 -567.7269287109375
* 0.9948283433914185 0.04601162672042847 -0.09056481719017029 -110.17156982421875 -0.047929272055625916 0.9986575841903687 -0.019573580473661423 148.69070434570313 0.08954531699419022 0.023813355714082718 0.9956986904144287 -561.7288818359375
* 0.9972609281539917 0.038077495992183685 -0.06342903524637222 -110.92072296142578 -0.03979511559009552 0.9988497495651245 -0.026700016111135483 150.18382263183594 0.0623420812189579 0.029151322320103645 0.997629702091217 -564.600341796875
#
#
#
* 0.9977765679359436 0.03690516948699951 -0.055402785539627075 -113.73552703857422 -0.03942296281456947 0.9986953735351563 -0.03271125257015228 150.33551025390625 0.05419030413031578 0.03485545143485069 0.9979188442230225 -560.5968627929688
* 0.9979603290557861 0.04046986624598503 -0.049262624233961105 -112.68846893310547 -0.044000666588544846 0.997323751449585 -0.05853043496608734 147.7298583984375 0.04682900384068489 0.060611478984355927 0.9970590472221375 -563.9249267578125
* 0.9981211423873901 0.03408902883529663 -0.05080823227763176 -110.6490249633789 -0.03629980981349945 0.998904824256897 -0.029796741902828217 142.67987060546875 0.04980400949716568 0.03161770850419998 0.9982551336288452 -560.2655639648438
* 0.9983296990394592 0.03910508006811142 -0.04240036755800247 -110.98955535888672 -0.04127158597111702 0.9985390901565552 -0.035111203789711 142.91400146484375 0.04103245958685875 0.036835405975580215 0.9984752535820007 -561.8590698242188
* 0.9987528920173645 0.03878803923726082 -0.031262774020433426 -111.6136474609375 -0.04072218015789986 0.9983369708061218 -0.0410035140812397 145.58750915527344 0.029687510803341866 0.04225832223892212 0.9986621737480164 -563.7646484375
* 0.9969909191131592 0.03896976634860039 -0.06692946702241898 -110.66552734375 -0.04187249019742012 0.998607337474823 -0.032348085194826126 146.0192108154297 0.06564246863126755 0.03508617356419563 0.9972227215766907 -560.2355346679688
* 0.9966080784797668 0.0434608981013298 -0.0698036178946495 -107.4742660522461 -0.04666546732187271 0.998299777507782 -0.03515876457095146 147.07806396484375 0.0682234987616539 0.03833014518022537 0.9969300627708435 -559.5243530273438
* 0.9973543882369995 0.044660910964012146 -0.057259269058704376 -102.45616912841797 -0.048953525722026825 0.9967832565307617 -0.06358430534601212 148.00912475585938 0.054301995784044266 0.0662522166967392 0.9963207840919495 -564.0971069335938
* 0.9968295097351074 0.04088909178972244 -0.0681760162115097 -95.91905975341797 -0.045268990099430084 0.9975304007530212 -0.05385103076696396 146.1307830810547 0.06587239354848862 0.05679946020245552 0.9962067008018494 -563.958984375
* 0.9976844787597656 0.03600839152932167 -0.05760248750448227 -90.746826171875 -0.04027695208787918 0.9972303509712219 -0.06265391409397125 146.7269744873047 0.05525382235646248 0.06486140191555023 0.9963599443435669 -563.5364990234375
* 0.9979247450828552 0.04225480556488037 -0.048474572598934174 -88.44031524658203 -0.044859930872917175 0.9982146620750427 -0.03963876888155937 147.58758544921875 0.046779945492744446 0.04176418483257294 0.9980282783508301 -560.4885864257813
* 0.9977490901947021 0.04020123556256294 -0.05356982722878456 -90.00431060791016 -0.04357851669192314 0.9977837800979614 -0.05044455826282501 147.64134216308594 0.05149000510573387 0.05269840359687805 0.9972787499427795 -560.9967651367188
* 0.9984713792800903 0.03601967170834541 -0.04179247468709946 -93.1646957397461 -0.03840488940477371 0.9984252452850342 -0.041090331971645355 149.551025390625 0.0403137132525444 0.04266523942351341 0.9982723593711853 -562.5556640625
* 0.9970569610595703 0.03834505006670952 -0.06630319356918335 -94.31035614013672 -0.04128728434443474 0.99860018491745 -0.033308010548353195 150.6799774169922 0.06499996036291122 0.035980358719825745 0.997232973575592 -560.4511108398438
* 0.9965380430221558 0.04188230261206627 -0.07174187898635864 -94.32421875 -0.04527060687541962 0.9983067512512207 -0.03675013780593872 149.95175170898438 0.0701477974653244 0.039903830736875534 0.9967347383499146 -560.0964965820313
#
#
#
#
#
#
* 0.9983386993408203 0.03719089925289154 -0.044005610048770905 -86.61857604980469 -0.039009809494018555 0.9983880519866943 -0.0412241630256176 149.63174438476563 0.04240153357386589 0.04287232831120491 0.9981802701950073 -561.7507934570313
* 0.9965465664863586 0.04710792750120163 -0.06837770342826843 -89.8087158203125 -0.04922026768326759 0.9983509182929993 -0.029543407261371613 149.9573516845703 0.06687323749065399 0.03280697017908096 0.9972218871116638 -561.3399047851563
* 0.9969263672828674 0.04675301909446716 -0.06286308914422989 -94.04483032226563 -0.050083864480257034 0.9973642826080322 -0.05249816179275513 150.89796447753906 0.06024298444390297 0.05548524856567383 0.9966403841972351 -562.5877685546875
* 0.9971226453781128 0.04600667208433151 -0.06024579703807831 -95.64868927001953 -0.04846644774079323 0.9980225563049316 -0.0400252528488636 145.55955505371094 0.05828526243567467 0.042830005288124084 0.9973807334899902 -560.7007446289063
* 0.996941089630127 0.04220753163099289 -0.06577719748020172 -95.17378234863281 -0.044017426669597626 0.9986842274665833 -0.026313789188861847 142.92510986328125 0.064580038189888 0.0291286651045084 0.9974872469902039 -559.6487426757813
* 0.9966182708740234 0.049359165132045746 -0.06569205224514008 -94.50411987304688 -0.050763752311468124 0.9985127449035645 -0.019886527210474014 143.90809631347656 0.06461278349161148 0.02315407246351242 0.9976416826248169 -559.7544555664063
* 0.996030867099762 0.04861144721508026 -0.07455858588218689 -93.82565307617188 -0.050679102540016174 0.9983741044998169 -0.02609497494995594 143.9687957763672 0.07316885888576508 0.029769985005259514 0.9968750476837158 -558.907958984375
* 0.9966863989830017 0.05035188049077988 -0.06387852877378464 -94.57768249511719 -0.05287547409534454 0.9978606700897217 -0.038451094180345535 146.8441619873047 0.06180580332875252 0.041701313108205795 0.997216522693634 -561.921630859375
* 0.9971844553947449 0.05199352651834488 -0.054031770676374435 -94.36405181884766 -0.05434088781476021 0.9975994825363159 -0.04292415454983711 149.03321838378906 0.05167030543088913 0.04573946073651314 0.9976161122322083 -561.6782836914063
* 0.9956657290458679 0.05254758521914482 -0.07673473656177521 -91.17645263671875 -0.0552564412355423 0.9979062676429749 -0.03361528739333153 148.2305908203125 0.07480768859386444 0.03770970180630684 0.996484637260437 -559.75927734375
* 0.9970553517341614 0.049318574368953705 -0.058719173073768616 -86.62057495117188 -0.052132368087768555 0.9975150227546692 -0.047393325716257095 146.8808135986328 0.0562358982861042 0.05031495541334152 0.9971488118171692 -562.9139404296875
* 0.9978490471839905 0.04088086262345314 -0.05124160274863243 -82.32200622558594 -0.04378735274076462 0.997416615486145 -0.0569458082318306 142.72117614746094 0.04878125712275505 0.059067074209451675 0.9970613718032837 -563.14990234375
* 0.9978556036949158 0.039815403521060944 -0.05194802209734917 -80.40254211425781 -0.042488228529691696 0.9977735877037048 -0.05140605941414833 139.5647735595703 0.04978562891483307 0.053503021597862244 0.9973257780075073 -560.5827026367188
* 0.9980298280715942 0.047898270189762115 -0.0405193492770195 -81.16804504394531 -0.049738455563783646 0.9977162480354309 -0.04569852724671364 142.56150817871094 0.03823793679475784 0.0476238876581192 0.9981331825256348 -563.5879516601563
* 0.9985266923904419 0.04623647406697273 -0.028394585475325584 -81.59346771240234 -0.04690084606409073 0.998630166053772 -0.02319801226258278 148.3592987060547 0.02728309854865074 0.02449558489024639 0.9993276000022888 -563.9952392578125
#
#
#
#
#
#
#
#
#
#
#
#
#
#
#
#
#
#
#
#
#
#
#
#
#
#
#
#
#
#
#
#
#
#
#
#
#
#
#
#
#
#
#
#
#
#
#
#
#
#
#
#
#
#
#
#
#
#
#
#
#
#
#
#
#
#
#
#
#
#
#
#
#
#
#
#
#
#
#
#
#
#
#
#
#
#
#
#
#
#
#
#
#
#
#
#
#
#
#
#
#
#
#
#
#
#
#
#
#
#
#
#
#
#
#
#
#
#
#
#
#
#
#
#
#
#
#
#
#
#
#
#
#
#
#
#
#
#
#
#
#
#
#
#
#
#
#
#
#
#
#
#
#
#
#
#
#
#
#
#
#
#
#
#
#
#
#
#
#
* 0.9976428151130676 0.03620683774352074 -0.058288656175136566 -173.18179321289063 -0.03690408542752266 0.9992601275444031 -0.010836017318069935 149.41946411132813 0.05785331130027771 0.012961799278855324 0.9982409477233887 -562.8574829101563
* 0.9994320869445801 0.03348930925130844 -0.003685176372528076 -178.9891357421875 -0.033558234572410583 0.9992601871490479 -0.01878286898136139 139.574951171875 0.0030535352416336536 0.01889609917998314 0.9998167753219604 -571.5228881835938
* 0.9975605010986328 0.03606685996055603 -0.05976525694131851 -173.31385803222656 -0.03740775212645531 0.9990713596343994 -0.021379148587584496 126.54255676269531 0.05893880873918533 0.023562900722026825 0.997983455657959 -561.0462036132813
* 0.9964536428451538 0.0400911346077919 -0.07397548854351044 -166.83995056152344 -0.04213294759392738 0.9987690448760986 -0.02617524564266205 122.52320098876953 0.07283516228199005 0.02919946238398552 0.9969164133071899 -558.2725830078125
* 0.9995349049568176 0.025121178478002548 -0.017277833074331284 -165.79295349121094 -0.024880308657884598 0.9995877742767334 0.014324053190648556 117.71443176269531 0.017630670219659805 -0.01388729177415371 0.9997480511665344 -568.6018676757813
* 0.9977185130119324 0.039393555372953415 -0.05482243001461029 -161.12969970703125 -0.041076917201280594 0.9987106919288635 -0.029824091121554375 103.29408264160156 0.0535769946873188 0.03200821205973625 0.9980506300926208 -565.17138671875
* 0.9939496517181396 0.04634931683540344 -0.09957675635814667 -152.8099822998047 -0.050237026065588 0.9980576038360596 -0.036839887499809265 96.54646301269531 0.09767598658800125 0.04161966219544411 0.9943477511405945 -556.554931640625
* 0.995378315448761 0.04422074183821678 -0.08524204045534134 -146.7073974609375 -0.04798169434070587 0.9979425668716431 -0.04252348467707634 96.27320861816406 0.08318639546632767 0.0464172400534153 0.9954525828361511 -558.4962768554688
* 0.9952797293663025 0.04087419807910919 -0.08801768720149994 -141.6699676513672 -0.043212614953517914 0.9987587928771973 -0.02476530894637108 91.80938720703125 0.08689633756875992 0.028452100232243538 0.9958111047744751 -555.7025146484375
* 0.9949723482131958 0.04132881015539169 -0.0912223532795906 -138.5833282470703 -0.041653648018836975 0.9991307258605957 -0.0016000811010599136 87.68330383300781 0.09107708930969238 0.005391985177993774 0.9958293437957764 -555.1735229492188
* 0.9995378255844116 0.030381467193365097 -7.421905174851418E-4 -140.83108520507813 -0.030371466651558876 0.9994157552719116 0.01567099429666996 79.31768035888672 0.0012179850600659847 -0.015641018748283386 0.9998770356178284 -567.5242309570313
* 0.9959304928779602 0.03997423127293587 -0.08077230304479599 -137.45884704589844 -0.04167105630040169 0.9989436864852905 -0.019364692270755768 67.39474487304688 0.07991305738687515 0.02265196293592453 0.9965444803237915 -556.9491577148438
* 0.9949147701263428 0.044039200991392136 -0.09058020263910294 -134.28770446777344 -0.04741719365119934 0.9982468485832214 -0.035424526780843735 63.853519439697266 0.08886151760816574 0.039539650082588196 0.9952589273452759 -553.8976440429688
* 0.9959479570388794 0.03962540999054909 -0.08072890341281891 -133.82884216308594 -0.039909977465867996 0.9992015957832336 -0.0018475544638931751 59.85654830932617 0.08059141784906387 0.005062155891209841 0.9967343807220459 -554.6636962890625
* 0.9972192645072937 0.0353938527405262 -0.06557885557413101 -137.58619689941406 -0.035667143762111664 0.9993594884872437 -0.0029193435329943895 50.96543884277344 0.06543370336294174 0.005250435322523117 0.9978431463241577 -560.4869995117188
* 0.9935461282730103 0.0389057993888855 -0.10654544085264206 -138.52438354492188 -0.03837216645479202 0.9992382526397705 0.0071047949604690075 42.39784240722656 0.10674089193344116 -0.002970364410430193 0.9942824244499207 -552.5396118164063
* 0.9926996231079102 0.03549577295780182 -0.11526983976364136 -141.51661682128906 -0.03534989804029465 0.9993693828582764 0.0033563224133104086 40.1356315612793 0.1153164729475975 7.431712001562119E-4 0.9933285117149353 -550.6915283203125
* 0.9924022555351257 0.039085280150175095 -0.11666037887334824 -146.54986572265625 -0.03897072374820709 0.9992348551750183 0.003309268271550536 41.08787155151367 0.11670064926147461 0.0012624341761693358 0.9931663274765015 -553.8121948242188
* 0.9725144505500793 0.048327211290597916 -0.22777096927165985 -160.2197265625 -0.04626936838030815 0.9988253116607666 0.01439221017062664 43.90286636352539 0.22819915413856506 -0.003457588143646717 0.9736083149909973 -554.6097412109375
* 0.970988929271698 0.04685062915086746 -0.2344888299703598 -183.93115234375 -0.042360685765743256 0.9988098740577698 0.024173500016331673 42.498714447021484 0.23534254729747772 -0.013538870960474014 0.9718181490898132 -554.5761108398438
* 0.9936477541923523 0.036280594766139984 -0.10652380436658859 -198.96128845214844 -0.0350574366748333 0.9992956519126892 0.013383010402321815 39.636661529541016 0.10693453252315521 -0.00956332590430975 0.9942200183868408 -553.5726318359375
* 0.9969517588615417 0.030798671767115593 -0.07168170064687729 -202.22044372558594 -0.030276088044047356 0.9995058178901672 0.008439558558166027 40.338314056396484 0.07190641015768051 -0.006243376526981592 0.9973918199539185 -554.235107421875
* 0.9956810474395752 0.038314566016197205 -0.08456288278102875 -205.85458374023438 -0.038846202194690704 0.9992345571517944 -0.0045868162997066975 38.64360427856445 0.08432262390851974 0.007852170616388321 0.9964075684547424 -556.746826171875
* 0.9849126935005188 0.046045299619436264 -0.16681285202503204 -218.23802185058594 -0.04363488405942917 0.9988831281661987 0.018119972199201584 33.20305633544922 0.1674610823392868 -0.010567523539066315 0.9858220219612122 -555.1976318359375
* 0.9879087805747986 0.050426777452230453 -0.14660504460334778 -238.20970153808594 -0.05094894394278526 0.9987010955810547 2.2999124485068023E-4 33.335838317871094 0.14642640948295593 0.007242369465529919 0.9891951084136963 -559.0619506835938
* 0.997829020023346 0.041128091514110565 -0.05143257975578308 -249.0155487060547 -0.04094906523823738 0.9991503357887268 0.0046339454129338264 37.60392761230469 0.05157963186502457 -0.0025175600312650204 0.9986657500267029 -558.236328125
* 0.9944612979888916 0.04448326677083969 -0.09522406756877899 -243.63938903808594 -0.04528574272990227 0.9989544749259949 -0.006225360091775656 40.93291473388672 0.09484777599573135 0.010503387078642845 0.9954363703727722 -557.433349609375
* 0.9949677586555481 0.04227815568447113 -0.09083698689937592 -230.46009826660156 -0.04243388772010803 0.9990990161895752 2.7581723406910896E-4 39.63101577758789 0.0907670110464096 0.0035803429782390594 0.9958657026290894 -555.221923828125
* 0.9974445700645447 0.042227648198604584 -0.05762549862265587 -225.71575927734375 -0.04245176538825035 0.9990949630737305 -0.0025773057714104652 40.64361572265625 0.057464707642793655 0.005017230752855539 0.9983348846435547 -557.6541748046875
* 0.9973763227462769 0.04128316789865494 -0.059461478143930435 -223.93966674804688 -0.04224476218223572 0.9989957213401794 -0.014915188774466515 44.51112365722656 0.058786213397979736 0.017388204112648964 0.998119056224823 -558.6664428710938
* 0.9782751202583313 0.04879004508256912 -0.20148591697216034 -210.81532287597656 -0.05933188274502754 0.9971504211425781 -0.04658658429980278 44.99486541748047 0.19863907992839813 0.057529278099536896 0.9783826470375061 -555.661865234375
* 0.9616585373878479 0.035585418343544006 -0.2719292938709259 -185.64015197753906 -0.04893769696354866 0.9978988170623779 -0.0424572192132473 39.920555114746094 0.26984742283821106 0.05413718894124031 0.9613798260688782 -557.7183837890625
* 0.9780312776565552 0.03859228268265724 -0.2048524022102356 -161.33880615234375 -0.045287180691957474 0.9985794425010681 -0.02806641347706318 37.24166488647461 0.2034785896539688 0.03672724962234497 0.9783901572227478 -555.7308959960938
* 0.9951000809669495 0.037018511444330215 -0.09167693555355072 -149.74208068847656 -0.03844277933239937 0.9991658926010132 -0.013759576715528965 39.56922912597656 0.09109140932559967 0.017216693609952927 0.9956935048103333 -554.6317138671875
* 0.9944854974746704 0.03833118453621864 -0.09761512279510498 -150.0616455078125 -0.03725944831967354 0.9992230534553528 0.012833808548748493 42.310359954833984 0.09803150594234467 -0.009125737473368645 0.9951412677764893 -553.8994750976563
* 0.9950295090675354 0.043528962880373 -0.08955880254507065 -155.29180908203125 -0.043637003749608994 0.9990469217300415 8.121095597743988E-4 45.136112213134766 0.08950909972190857 0.0031002266332507133 0.995980978012085 -555.0748291015625
* 0.9962222576141357 0.03832423686981201 -0.07792112231254578 -157.34007263183594 -0.03909234702587128 0.9992010593414307 -0.008286302909255028 48.52872848510742 0.07754159718751907 0.011301339603960514 0.9969248175621033 -555.7803955078125
* 0.9970172643661499 0.03542184457182884 -0.06856343150138855 -156.83456420898438 -0.035949185490608215 0.9993330240249634 -0.006393955554813147 53.06814193725586 0.06829150766134262 0.008839904330670834 0.9976259469985962 -556.5146484375
* 0.996304988861084 0.041814181953668594 -0.07501332461833954 -158.12060546875 -0.042499128729104996 0.9990683197975159 -0.00748568307608366 57.530433654785156 0.0746307298541069 0.010646224021911621 0.9971541166305542 -557.5134887695313
* 0.9955809116363525 0.03710292652249336 -0.0862627625465393 -161.7755584716797 -0.03613651916384697 0.9992647171020508 0.012800333090126514 61.622535705566406 0.08667457848787308 -0.009626333601772785 0.9961898326873779 -555.8795776367188
* 0.9951981902122498 0.04868478327989578 -0.08490992337465286 -166.37123107910156 -0.052013155072927475 0.9979466795921326 -0.03737137094140053 63.496986389160156 0.08291646838188171 0.041608572006225586 0.9956870675086975 -554.795654296875
* 0.9956658482551575 0.042491767555475235 -0.08272382616996765 -169.2626953125 -0.04425878822803497 0.9988280534744263 -0.019578605890274048 64.56576538085938 0.08179524540901184 0.023155219852924347 0.9963797330856323 -554.0523681640625
* 0.9946376085281372 0.04343939200043678 -0.09385277330875397 -170.30308532714844 -0.04380793496966362 0.9990381598472595 -0.001811356982216239 64.5620346069336 0.0936841145157814 0.005913352593779564 0.9955840706825256 -552.2332763671875
