#
#
#
#
#
#
#
#
#
#
#
#
#
#
#
#
#
#
#
#
#
#
#
#
#
#
#
#
#
#
#
#
#
#
#
#
#
#
#
#
#
#
#
#
#
#
#
#
#
#
#
#
#
#
#
#
#
#
#
#
#
#
#
#
#
#
#
#
#
#
#
#
#
#
#
#
#
#
#
#
#
#
#
#
#
#
#
#
#
#
#
#
#
#
#
#
#
#
#
#
#
#
#
#
#
#
#
#
#
#
#
#
#
#
#
#
#
#
#
#
#
#
#
#
#
#
#
#
#
#
#
#
#
#
#
#
#
#
#
#
#
#
#
#
#
#
#
#
#
#
#
#
#
#
#
#
#
#
#
#
#
#
#
#
#
#
#
#
#
#
#
#
#
#
#
#
#
#
#
#
#
#
#
#
#
#
#
#
#
#
#
#
#
#
#
#
#
#
#
#
#
#
#
#
#
#
#
#
#
#
#
#
#
#
#
#
#
#
#
#
#
#
#
#
#
#
#
#
#
#
#
#
#
#
#
#
#
#
#
#
#
#
#
#
#
#
#
#
#
#
#
#
#
#
#
#
#
#
#
#
#
#
#
#
#
#
#
#
#
#
#
#
#
#
#
#
#
#
#
#
#
#
#
#
#
#
#
#
#
#
#
#
#
#
#
#
#
#
#
#
#
#
#
#
#
#
#
#
#
#
#
#
#
#
#
#
#
#
#
#
#
#
#
#
#
#
#
#
#
#
#
#
#
#
#
#
#
#
#
#
#
#
#
#
#
#
#
#
#
#
#
#
#
#
#
#
#
#
#
#
#
#
#
#
#
#
#
#
#
#
#
#
#
#
#
#
#
#
#
#
#
#
#
#
#
#
#
#
#
#
#
#
#
#
#
#
#
#
#
#
#
#
#
#
#
#
#
#
#
#
#
#
#
#
#
#
#
#
#
#
#
#
#
#
#
#
#
#
#
#
#
#
#
#
#
#
#
#
#
#
#
#
#
#
#
#
#
#
#
#
#
#
#
#
#
#
#
#
#
#
#
#
#
#
#
#
#
#
#
#
#
#
#
#
#
#
#
#
#
#
#
#
#
#
#
#
#
#
#
#
#
#
#
#
#
#
#
#
#
#
#
#
#
#
#
#
#
#
#
#
#
#
#
#
#
#
#
#
#
#
#
#
#
#
#
#
#
#
#
#
#
#
#
#
#
#
#
#
#
#
#
#
#
#
#
#
#
#
#
#
#
#
#
#
#
#
#
#
#
#
#
#
#
#
#
#
#
#
#
#
#
#
#
#
#
#
#
#
#
#
#
#
#
#
#
#
#
#
#
#
#
#
#
#
#
#
#
#
#
#
#
#
#
#
#
#
#
#
#
#
#
#
#
#
#
#
#
#
#
#
#
#
#
#
#
#
#
#
#
#
#
#
#
#
#
#
#
#
#
#
#
#
#
#
#
#
#
#
#
#
#
#
#
#
#
#
#
#
#
#
#
#
#
#
#
#
#
#
#
#
#
#
#
#
#
#
#
#
#
#
#
#
#
#
#
#
#
#
#
#
#
#
#
#
#
#
#
#
#
#
#
#
#
#
#
#
#
#
#
#
#
#
#
#
#
#
#
#
#
#
#
#
#
#
#
#
#
#
#
#
#
#
#
#
#
#
#
#
#
#
#
#
#
#
#
#
#
#
#
#
#
#
#
#
#
#
#
#
#
#
#
#
#
#
#
#
#
#
#
#
#
#
#
#
#
#
#
#
#
#
#
#
#
#
#
#
#
#
#
#
#
#
#
#
#
#
#
#
#
#
#
#
#
#
#
#
#
#
#
#
#
#
#
#
#
#
#
#
#
#
#
#
#
#
#
#
#
#
#
#
#
#
#
#
#
#
#
#
#
#
#
#
#
#
#
#
#
#
#
#
#
#
#
#
#
#
#
#
#
#
#
#
#
#
#
#
#
#
#
#
#
#
#
#
#
#
#
#
#
#
#
#
#
#
#
#
#
#
#
#
#
#
#
#
#
#
#
#
#
#
#
#
#
#
#
#
#
#
#
#
#
#
#
#
#
#
#
#
#
#
#
#
#
#
#
#
#
#
#
#
#
#
#
#
#
#
#
#
#
#
#
#
#
#
#
#
#
#
#
#
#
#
#
#
#
#
#
#
#
#
#
#
#
#
#
#
#
#
#
#
#
#
#
#
#
#
#
#
#
* 0.999555766582489 -0.007019171956926584 -0.028964299708604813 -115.40738677978516 0.006980130914598703 0.9999744296073914 -0.0015585590153932571 75.04425048828125 0.02897465042769909 0.001355641637928784 0.9995793104171753 -342.8805236816406
* 0.9998934268951416 -0.009180023334920406 -0.011355639435350895 -117.80816650390625 0.009069196879863739 0.9999083876609802 -0.010050228796899319 66.39572143554688 0.011446998454630375 0.009946110658347607 0.9998851418495178 -342.1263427734375
* 0.9996461272239685 -0.005541705992072821 -0.026018628850579262 -115.54217529296875 0.004614159464836121 0.9993521571159363 -0.035695988684892654 59.730281829833984 0.026199741289019585 0.03556324169039726 0.9990242123603821 -339.76690673828125
* 0.9982805252075195 -0.007306927349418402 -0.05815865844488144 -111.42230224609375 0.005054551642388105 0.9992330074310303 -0.03883538395166397 53.89788818359375 0.05839797481894493 0.03847458213567734 0.9975519776344299 -344.2668762207031
* 0.9990841746330261 -0.00969670806080103 -0.04167566075921059 -103.6037826538086 0.008499951101839542 0.9995471835136414 -0.028872961178421974 45.54259490966797 0.04193691536784172 0.028492208570241928 0.9987142086029053 -347.8473815917969
* 0.9998312592506409 -0.011978582479059696 0.013932563364505768 -96.26791381835938 0.012359019368886948 0.9995507001876831 -0.027315877377986908 34.36067199707031 -0.013598937541246414 0.0274833831936121 0.999530017375946 -355.4810485839844
* 0.9996180534362793 -0.010225686244666576 -0.025675000622868538 -85.8031005859375 0.009615440852940083 0.999668300151825 -0.02390173450112343 19.89995002746582 0.025911061093211174 0.02364565245807171 0.9993847608566284 -353.5911865234375
* 0.9973639249801636 -0.009062680415809155 -0.07199398428201675 -74.49657440185547 0.008191711269319057 0.9998894929885864 -0.012427853420376778 8.330157279968262 0.07209882140159607 0.011805265210568905 0.9973278045654297 -346.80059814453125
* 0.9974894523620605 -0.004531953018158674 -0.07066960632801056 -65.23277282714844 0.002624472603201866 0.9996293187141418 -0.02710592746734619 -1.2491275072097778 0.07076641172170639 0.026852330192923546 0.9971316456794739 -343.65411376953125
* 0.9924195408821106 -0.007395958993583918 -0.12267361581325531 -57.53563690185547 0.008290452882647514 0.99994295835495 0.0067565953359007835 -7.725658893585205 0.12261681258678436 -0.007722466718405485 0.9924242496490479 -337.784912109375
* 0.9916583299636841 -0.008155792951583862 -0.1286364048719406 -50.74907302856445 0.007566554471850395 0.9999585151672363 -0.005093577317893505 -10.085667610168457 0.1286727637052536 0.004077685996890068 0.9916788339614868 -336.96612548828125
* 0.9935939908027649 -0.006801953073590994 -0.11280372738838196 -44.388484954833984 0.006492520682513714 0.9999741315841675 -0.003138619940727949 -11.61011028289795 0.11282230913639069 0.0023860654328018427 0.9936124682426453 -337.1982116699219
* 0.9975876212120056 -0.004321663174778223 -0.06928431987762451 -40.43415832519531 0.004576608072966337 0.9999836087226868 0.0034750194754451513 -13.924112319946289 0.06926833838224411 -0.003783796913921833 0.9975908994674683 -337.385498046875
* 0.9977524280548096 -8.553488296456635E-4 -0.06700301170349121 -40.0700569152832 0.0016737753758206964 0.9999253749847412 0.012111722491681576 -15.254855155944824 0.06698781251907349 -0.012196718715131283 0.9976792335510254 -336.44561767578125
* 0.9990448355674744 -8.85742949321866E-4 -0.0436866395175457 -40.423194885253906 0.001420283573679626 0.9999254941940308 0.012132850475609303 -16.530595779418945 0.04367280751466751 -0.012183381244540215 0.9989715218544006 -337.8218994140625
* 0.9969872236251831 -2.730916312430054E-4 -0.07756451517343521 -39.29875946044922 0.0013564247637987137 0.9999030232429504 0.013873232528567314 -15.631176948547363 0.07755336910486221 -0.013936718925833702 0.9968907237052917 -337.8927917480469
* 0.9949002861976624 0.0010986553970724344 -0.10085633397102356 -37.699649810791016 -7.912061992101371E-4 0.9999951720237732 0.0030566323548555374 -15.220786094665527 0.10085936635732651 -0.0029613212682306767 0.9948962330818176 -336.607666015625
* 0.9971190094947815 0.004149292130023241 -0.07573694735765457 -36.54180908203125 -0.00482471426948905 0.9999498724937439 -0.008779607713222504 -15.004316329956055 0.07569688558578491 0.009119645692408085 0.9970890879631042 -337.0227966308594
* 0.9991673231124878 0.002278322586789727 -0.040732406079769135 -36.56623077392578 -0.0019650778267532587 0.9999688267707825 0.0076493811793625355 -14.077893257141113 0.040748730301856995 -0.007563050836324692 0.9991406798362732 -338.75970458984375
* 0.997437596321106 0.0066436538472771645 -0.07122998684644699 -37.052650451660156 -0.007049804553389549 0.9999600052833557 -0.005497969686985016 -13.665534019470215 0.07119078934192657 0.005985956639051437 0.9974446892738342 -337.68328857421875
* 0.9965618848800659 0.0033759865909814835 -0.08278050273656845 -37.060787200927734 -0.00377256260253489 0.9999819397926331 -0.00467419158667326 -13.293954849243164 0.08276340365409851 0.0049703181721270084 0.9965566992759705 -337.28143310546875
* 0.9969680905342102 0.005083047319203615 -0.07764308154582977 -37.446319580078125 -0.005008272361010313 0.9999868273735046 0.0011153911473229527 -11.347920417785645 0.07764789462089539 -7.232431089505553E-4 0.9969803690910339 -338.4870910644531
* 0.9984620213508606 0.006990385707467794 -0.054993193596601486 -37.92230987548828 -0.007214093580842018 0.9999662637710571 -0.003930683247745037 -9.824074745178223 0.05496402084827423 0.004321268759667873 0.9984787106513977 -338.7734375
* 0.9980756640434265 0.005447214003652334 -0.061762504279613495 -38.80562973022461 -0.00535541633144021 0.9999843835830688 0.00159849738702178 -9.790985107421875 0.06177041307091713 -0.0012647482799366117 0.9980893135070801 -338.62939453125
* 0.9980470538139343 0.0052124494686722755 -0.062243275344371796 -40.69049835205078 -0.004750159569084644 0.9999603629112244 0.0075201429426670074 -8.933829307556152 0.06228017434477806 -0.007209882140159607 0.9980323314666748 -339.1018981933594
* 0.9964809417724609 0.006402137223631144 -0.08357086032629013 -42.42484664916992 -0.0060071637853980064 0.9999697208404541 0.004937523510307074 -8.63841724395752 0.08360010385513306 -0.004418215248733759 0.9964892268180847 -338.2169189453125
* 0.9977140426635742 0.004601735156029463 -0.06741500645875931 -42.80768585205078 -0.003914734348654747 0.999939501285553 0.010270575992763042 -10.29030990600586 0.06745836138725281 -0.009983276017010212 0.9976716637611389 -338.9047546386719
* 0.9980014562606812 0.007278491277247667 -0.06276515126228333 -43.03123092651367 -0.007245545741170645 0.9999734163284302 7.002141792327166E-4 -11.679056167602539 0.06276875734329224 -2.44134571403265E-4 0.9980276226997375 -338.9163818359375
* 0.9961486458778381 0.008775659836828709 -0.08723581582307816 -43.375667572021484 -0.007453098893165588 0.9998528957366943 0.015437418594956398 -13.301925659179688 0.08735863119363785 -0.014727876521646976 0.9960675835609436 -338.5220947265625
* 0.996873140335083 0.007428580429404974 -0.07866353541612625 -43.48041534423828 -0.006948481313884258 0.9999556541442871 0.006333633325994015 -15.475187301635742 0.07870727777481079 -0.0057673281989991665 0.9968805909156799 -338.3894348144531
* 0.9978248476982117 0.008119028992950916 -0.06541210412979126 -44.31112289428711 -0.007178638130426407 0.9998681545257568 0.014548813924193382 -16.19908332824707 0.06552176922559738 -0.014047691598534584 0.9977517127990723 -339.9551696777344
* 0.9977585077285767 0.007992984727025032 -0.06643284857273102 -44.48984909057617 -0.007287880871444941 0.9999149441719055 0.010800112038850784 -16.29528045654297 0.06651370227336884 -0.010291839018464088 0.9977318644523621 -339.47869873046875
* 0.9976876378059387 0.007370028179138899 -0.06755927950143814 -45.10780334472656 -0.007917526178061962 0.9999373555183411 -0.007888379506766796 -16.245834350585938 0.06749708950519562 0.008404950611293316 0.9976835250854492 -339.7707824707031
* 0.9971522092819214 0.007934732362627983 -0.07499156892299652 -46.14863204956055 -0.007814578711986542 0.9999675750732422 0.001852124696597457 -15.120674133300781 0.07500401139259338 -0.0012609134428203106 0.9971818327903748 -339.1347961425781
* 0.9980776906013489 0.007168327923864126 -0.061552830040454865 -48.08089065551758 -0.006450923625379801 0.9999094009399414 0.011793762445449829 -13.351675033569336 0.061631977558135986 -0.011374109424650669 0.9980335235595703 -340.6476745605469
* 0.9999616742134094 -0.0013617827789857984 -0.008611285127699375 -51.05955123901367 0.001385633833706379 0.9999959468841553 0.002392488531768322 -9.862168312072754 0.008608170785009861 -0.002404422964900732 0.9999594688415527 -344.23443603515625
* 0.9889615178108215 0.023072030395269394 0.1463620513677597 -54.11623764038086 0.006239502690732479 0.9804452061653137 -0.19669222831726074 -1.493712306022644 -0.14803782105445862 0.19543418288230896 0.9694786667823792 -353.8692626953125
#
#
#
#
#
#
#
#
#
#
#
#
#
#
#
#
#
#
#
#
#
#
#
#
#
#
#
#
#
#
#
#
#
#
#
#
#
#
#
#
#
#
#
#
#
#
#
#
#
#
#
#
#
#
#
#
#
#
#
#
#
#
#
#
#
#
#
#
#
#
#
#
#
#
#
#
#
#
#
#
#
#
#
#
#
#
#
#
#
#
#
#
#
#
#
#
#
#
#
#
#
#
#
#
#
#
#
#
#
#
#
#
#
#
#
#
#
#
#
#
#
#
#
#
#
#
#
#
#
#
#
#
#
#
#
#
#
#
#
#
#
#
#
#
#
#
#
#
#
#
#
#
#
#
#
#
#
#
#
#
#
#
#
#
#
#
#
#
#
#
#
#
#
#
#
#
#
#
#
#
#
#
#
#
#
#
#
#
#
#
#
#
#
#
#
#
#
#
#
#
#
#
#
#
#
#
#
#
#
#
#
#
#
#
#
#
#
#
#
#
#
#
#
#
#
#
#
#
#
#
#
#
#
#
#
#
#
#
#
#
#
#
#
#
#
#
#
#
#
#
#
#
#
#
#
#
#
#
#
#
#
#
#
#
* 0.8888351321220398 0.2081800103187561 0.4082026183605194 79.57721710205078 -0.21412420272827148 0.9762943387031555 -0.03167964518070221 -21.175647735595703 -0.40512019395828247 -0.05924858897924423 0.9123417139053345 -352.1936950683594
* 0.8683309555053711 0.1983829140663147 0.4545786380767822 63.8282585144043 -0.2019810676574707 0.9785228371620178 -0.04123292863368988 -15.64520263671875 -0.452994704246521 -0.05601298063993454 0.8897519111633301 -351.77850341796875
* 0.8447393774986267 0.19491761922836304 0.4984160363674164 45.72802734375 -0.1945677250623703 0.9794422388076782 -0.0532875657081604 -10.22586441040039 -0.4985557496547699 -0.05196211114525795 0.8652989268302917 -351.7344665527344
* 0.829224705696106 0.18428467214107513 0.5276567935943604 27.029727935791016 -0.1852327287197113 0.9813380837440491 -0.051650721579790115 -4.4711833000183105 -0.5273274779319763 -0.054909806698560715 0.8478860259056091 -351.911865234375
* 0.8250465989112854 0.17944952845573425 0.5358095169067383 9.403700828552246 -0.1769212931394577 0.982593834400177 -0.05667218193411827 1.0232993364334106 -0.5366523265838623 -0.048039522022008896 0.8424348831176758 -351.3596496582031
* 0.8238589763641357 0.1738232523202896 0.53947913646698 -6.342793941497803 -0.17745748162269592 0.9830657243728638 -0.045761872082948685 3.6900713443756104 -0.5382972359657288 -0.05803386867046356 0.8407543897628784 -351.06439208984375
* 0.8236255645751953 0.17034292221069336 0.5409436821937561 -19.188556671142578 -0.18242517113685608 0.9827098846435547 -0.03171412646770477 4.474545478820801 -0.5369922518730164 -0.07256174087524414 0.8404605984687805 -350.6652526855469
* 0.839984118938446 0.1748581826686859 0.5136603713035583 -29.262582778930664 -0.18150755763053894 0.9826679229736328 -0.03771352395415306 6.573040962219238 -0.5113511681556702 -0.06155502051115036 0.8571643233299255 -351.69146728515625
* 0.8473723530769348 0.16381843388080597 0.5050930976867676 -35.43067169189453 -0.1865459680557251 0.9824315309524536 -0.005690697114914656 9.100168228149414 -0.4971507787704468 -0.08940153568983078 0.863045871257782 -350.7133483886719
* 0.8524655699729919 0.16315118968486786 0.4966684579849243 -38.60954284667969 -0.18472136557102203 0.9827756285667419 -0.005799137055873871 10.099041938781738 -0.4890589118003845 -0.08680229634046555 0.8679208159446716 -350.1105651855469
* 0.8492357134819031 0.16399914026260376 0.5018948912620544 -39.233768463134766 -0.19203849136829376 0.9813799262046814 0.0042490712366998196 9.923843383789063 -0.4918518364429474 -0.09999219328165054 0.8649179935455322 -349.5169982910156
* 0.8472707271575928 0.16142915189266205 0.50603187084198 -38.303016662597656 -0.19019153714179993 0.9817346930503845 0.005247153807431459 8.503840446472168 -0.495941162109375 -0.10068933665752411 0.8624985218048096 -348.0975036621094
* 0.8536019921302795 0.157181516289711 0.4966416358947754 -37.63544845581055 -0.19316929578781128 0.9809306859970093 0.02154005691409111 4.694705486297607 -0.4837845265865326 -0.1143231987953186 0.8676879405975342 -349.33062744140625
* 0.8521527647972107 0.1531299501657486 0.5003819465637207 -37.62691879272461 -0.1948116272687912 0.9803286790847778 0.03174338489770889 0.5643133521080017 -0.48567718267440796 -0.12453114986419678 0.865222156047821 -349.7890625
* 0.8418228626251221 0.14976926147937775 0.5185543894767761 -39.675621032714844 -0.19562503695487976 0.9800735116004944 0.034497760236263275 -1.757373332977295 -0.5030539631843567 -0.1304839700460434 0.8543477654457092 -348.9930114746094
* 0.8334771990776062 0.14864926040172577 0.5321788787841797 -43.64002990722656 -0.19302387535572052 0.9807866215705872 0.028336528688669205 -2.0082948207855225 -0.5177410244941711 -0.12634187936782837 0.8461569547653198 -349.9147033691406
* 0.8259785175323486 0.14266905188560486 0.5453442335128784 -47.67304229736328 -0.19180849194526672 0.9808485507965088 0.03389639034867287 -1.4501861333847046 -0.5300634503364563 -0.13260012865066528 0.8375259041786194 -350.2350158691406
* 0.8133653998374939 0.1379714012145996 0.5651512742042542 -51.814815521240234 -0.18759086728096008 0.9817818999290466 0.03028266131877899 -1.2318897247314453 -0.5506764054298401 -0.13064885139465332 0.8244306445121765 -349.81768798828125
* 0.8017807602882385 0.13855282962322235 0.5813311338424683 -56.6497917175293 -0.18949675559997559 0.9815002083778381 0.027415450662374496 -1.9884116649627686 -0.5667775273323059 -0.1321423351764679 0.8132041692733765 -350.6299133300781
* 0.7907592058181763 0.13099582493305206 0.5979423522949219 -61.86387252807617 -0.18771226704120636 0.9816654324531555 0.033169183880090714 -2.463106393814087 -0.5826336145401001 -0.13847070932388306 0.8008514046669006 -351.01470947265625
* 0.777657687664032 0.12787987291812897 0.6155408024787903 -67.20455932617188 -0.18611633777618408 0.9820369482040405 0.031101414933800697 -2.101670265197754 -0.6005057692527771 -0.13874918222427368 0.7874900102615356 -350.65545654296875
* 0.7711451053619385 0.12284715473651886 0.6246911883354187 -71.87208557128906 -0.18475231528282166 0.9821665287017822 0.03490777686238289 -1.687218189239502 -0.6092616319656372 -0.1423327922821045 0.7800900936126709 -351.1015930175781
* 0.7643925547599792 0.11483282595872879 0.6344389319419861 -75.03584289550781 -0.18474368751049042 0.9817632436752319 0.04487460479140282 -1.3121548891067505 -0.6177148222923279 -0.15151111781597137 0.7716680765151978 -350.51129150390625
* 0.7717012166976929 0.11887696385383606 0.6247725486755371 -77.39762115478516 -0.1834639608860016 0.9822258353233337 0.039706382900476456 0.6765481233596802 -0.6089466214179993 -0.1452654004096985 0.7797953486442566 -352.6233825683594
* 0.7725699543952942 0.11636851727962494 0.6241710782051086 -76.28024291992188 -0.17806175351142883 0.9833229780197144 0.03705620393157005 4.234896183013916 -0.6094486117362976 -0.13977019488811493 0.7804074287414551 -352.22369384765625
* 0.7813833951950073 0.12522321939468384 0.6113548278808594 -73.49230194091797 -0.17449438571929932 0.984427809715271 0.021371889859437943 7.4415435791015625 -0.5991573929786682 -0.12337828427553177 0.7910671830177307 -352.5370788574219
* 0.7925044298171997 0.1326345056295395 0.5952649116516113 -70.71895599365234 -0.17291377484798431 0.9848799705505371 0.010747978463768959 10.919873237609863 -0.5848377346992493 -0.11144797503948212 0.8034569621086121 -352.53228759765625
* 0.8367359042167664 0.13855649530887604 0.5297833681106567 -71.8039779663086 -0.16385287046432495 0.9864861369132996 7.731724763289094E-4 18.101028442382813 -0.5225155353546143 -0.08745412528514862 0.8481320738792419 -363.7276916503906
* 0.8232460618019104 0.13729068636894226 0.5508288741111755 -70.10910034179688 -0.14166852831840515 0.989301860332489 -0.03485983610153198 27.213077545166016 -0.5497205853462219 -0.04933754727244377 0.833889365196228 -358.2866516113281
* 0.8107643723487854 0.1461523026227951 0.5668298602104187 -71.30482482910156 -0.12420446425676346 0.9892330765724182 -0.07742372155189514 33.9907112121582 -0.5720413327217102 -0.007631082087755203 0.8201883435249329 -356.58758544921875
* 0.7945038676261902 0.1492973417043686 0.5886164903640747 -74.58142852783203 -0.1072617694735527 0.9885683059692383 -0.10597509890794754 40.04257583618164 -0.5977082848548889 0.021060902625322342 0.8014360070228577 -356.0566101074219
* 0.7853681445121765 0.15364141762256622 0.5996553897857666 -78.9526596069336 -0.09826933592557907 0.9873693585395813 -0.12429001182317734 45.44987869262695 -0.6111763119697571 0.038685016334056854 0.7905476093292236 -355.38037109375
* 0.7715066075325012 0.1580897569656372 0.6162632703781128 -82.5488510131836 -0.09094282984733582 0.9860920310020447 -0.1391223669052124 49.26980209350586 -0.6296849846839905 0.05128847807645798 0.7751547694206238 -353.81817626953125
* 0.7603114247322083 0.15678896009922028 0.6303481459617615 -86.46839141845703 -0.08228357136249542 0.9858610033988953 -0.14598117768764496 49.81119155883789 -0.6443226933479309 0.059123292565345764 0.7624638676643372 -352.6466979980469
* 0.7509521245956421 0.15924890339374542 0.6408631801605225 -91.54315185546875 -0.08337946236133575 0.9855847954750061 -0.14721913635730743 47.63959884643555 -0.6550680994987488 0.05711917206645012 0.7534064650535583 -353.4449157714844
* 0.7368168830871582 0.14697211980819702 0.6599204540252686 -96.05498504638672 -0.07843086868524551 0.9880768656730652 -0.13249856233596802 46.52805709838867 -0.6715242862701416 0.04586849361658096 0.7395602464675903 -352.6310119628906
* 0.7311841249465942 0.1469058245420456 0.6661707162857056 -101.96951293945313 -0.06732723861932755 0.9873098134994507 -0.14383836090564728 48.74423599243164 -0.678846001625061 0.06032035872340202 0.7317975759506226 -355.7610778808594
* 0.7161151766777039 0.14057046175003052 0.6836767196655273 -107.01688385009766 -0.0470166951417923 0.9869996905326843 -0.15370075404644012 51.93285369873047 -0.6963931322097778 0.07792268693447113 0.7134162187576294 -354.74810791015625
* 0.6996833086013794 0.13700537383556366 0.7011899948120117 -113.01299285888672 -0.028151318430900574 0.9859652519226074 -0.1645680069923401 52.40371322631836 -0.7138946652412415 0.09540552645921707 0.6937220096588135 -354.9718017578125
* 0.7069530487060547 0.12405787408351898 0.6962912082672119 -120.33242797851563 -0.01797396130859852 0.987328827381134 -0.15767407417297363 53.43987274169922 -0.707028329372406 0.098952516913414 0.7002266049385071 -358.1924133300781
* 0.7570282816886902 0.12427186965942383 0.6414507031440735 -127.41651916503906 -0.008282099850475788 0.9834906458854675 -0.1807752400636673 61.92939758300781 -0.6533253192901611 0.13153888285160065 0.7455612421035767 -367.6721496582031
* 0.7411268353462219 0.13712608814239502 0.6572076678276062 -127.8374252319336 0.0060729701071977615 0.9775077700614929 -0.21081720292568207 68.44391632080078 -0.6713334321975708 0.1602330207824707 0.7236261367797852 -363.7384033203125
* 0.7336963415145874 0.14553308486938477 0.6637047529220581 -128.35862731933594 0.01882154680788517 0.9720636010169983 -0.23396655917167664 74.12542724609375 -0.6792123317718506 0.18415196239948273 0.7104620933532715 -362.5491027832031
#
#
#
#
#
#
#
#
#
#
#
#
#
#
#
#
#
#
#
#
#
#
#
#
#
#
#
#
#
#
#
#
#
#
#
#
#
#
#
#
#
#
#
#
#
#
#
#
#
#
#
#
#
#
#
#
#
#
#
#
#
#
#
#
#
#
#
#
#
#
#
#
#
#
#
#
#
#
#
#
#
* 0.991327702999115 0.08392558246850967 -0.10086752474308014 -161.9248046875 -0.09074769914150238 0.9939860701560974 -0.06172969937324524 64.99208068847656 0.09505647420883179 0.07035207748413086 0.9929831624031067 -387.1178894042969
* 0.9949631094932556 0.08208928257226944 -0.05708242580294609 -159.8334197998047 -0.08520089089870453 0.9952154755592346 -0.048384394496679306 60.112117767333984 0.05281372368335724 0.053008437156677246 0.9971967935562134 -393.5138854980469
* 0.9936898946762085 0.08277353644371033 -0.07534915208816528 -157.42100524902344 -0.08724713325500488 0.9947680234909058 -0.05365431308746338 51.95158386230469 0.0704900249838829 0.059894002974033356 0.9957130551338196 -390.3260803222656
* 0.9924027919769287 0.08491247892379761 -0.0887410119175911 -156.6074981689453 -0.0891893059015274 0.9951707124710083 -0.04164905846118927 48.40220260620117 0.08475219458341599 0.049251630902290344 0.9951843619346619 -388.49713134765625
* 0.992988109588623 0.08282897621393204 -0.08403793722391129 -155.91677856445313 -0.08694083988666534 0.9953317046165466 -0.042547378689050674 49.36606979370117 0.0800977274775505 0.049559660255908966 0.995554506778717 -391.7227478027344
* 0.9928817749023438 0.07986772060394287 -0.08806461095809937 -152.68826293945313 -0.08407518267631531 0.9956266283988953 -0.041389577090740204 52.82685470581055 0.08435005694627762 0.04850337281823158 0.9952552914619446 -393.8831481933594
* 0.9918643236160278 0.07944552600383759 -0.09920776635408401 -147.48162841796875 -0.08473540842533112 0.9953235387802124 -0.04695925861597061 54.51265335083008 0.09498941153287888 0.05498799309134483 0.9939587712287903 -392.66156005859375
* 0.9920189380645752 0.08154001086950302 -0.09590670466423035 -144.05039978027344 -0.08652133494615555 0.9952366352081299 -0.045522041618824005 52.59305191040039 0.0917142778635025 0.05346101522445679 0.9943495988845825 -393.1109924316406
* 0.9917566776275635 0.08000752329826355 -0.09982895851135254 -142.421630859375 -0.08436044305562973 0.9957796931266785 -0.03688157722353935 49.32682418823242 0.09643314778804779 0.04500352591276169 0.994321882724762 -392.9399719238281
* 0.9913109540939331 0.0834582969546318 -0.10141850262880325 -144.28379821777344 -0.08774825930595398 0.995542049407959 -0.035360731184482574 47.88871765136719 0.09799154102802277 0.04395705834031105 0.9942163825035095 -394.37847900390625
* 0.990406334400177 0.08527398854494095 -0.10849981009960175 -148.36190795898438 -0.08887283504009247 0.9957366585731506 -0.025773655623197556 45.69540786743164 0.10581572353839874 0.03517332673072815 0.9937638640403748 -394.60107421875
* 0.9911651611328125 0.0872710794210434 -0.09961917251348495 -153.13453674316406 -0.09141281247138977 0.9952427744865417 -0.03449086844921112 45.714271545410156 0.0961114838719368 0.043296799063682556 0.994428813457489 -396.1289978027344
* 0.9941743016242981 0.07972510159015656 -0.07217969000339508 -157.7139434814453 -0.08194167166948318 0.9963812232017517 -0.023751916363835335 49.449764251708984 0.07000116258859634 0.02953244186937809 0.9971099495887756 -400.2366638183594
* 0.9941883683204651 0.08358317613601685 -0.06746745109558105 -158.6203155517578 -0.08694682270288467 0.995287299156189 -0.04356100410223007 53.05766677856445 0.0634848028421402 0.04917817935347557 0.9967706203460693 -400.8167724609375
* 0.9936932921409607 0.08431534469127655 -0.07357390969991684 -157.5218963623047 -0.08770197629928589 0.9953889846801758 -0.03953850269317627 56.95685958862305 0.06987722218036652 0.045745961368083954 0.9965063333511353 -402.59478759765625
* 0.9946628212928772 0.08341585099697113 -0.06030111759901047 -155.4874267578125 -0.0862896591424942 0.9954482913017273 -0.04112095758318901 61.921058654785156 0.056572772562503815 0.04610911384224892 0.9973333477973938 -404.1898193359375
* 0.9939312934875488 0.0756991058588028 -0.07949090003967285 -154.00982666015625 -0.07921722531318665 0.996163010597229 -0.03792296722531319 64.38291931152344 0.07629144936800003 0.04399434104561806 0.9961147308349609 -401.1014099121094
* 0.9941871166229248 0.07900894433259964 -0.07278798520565033 -157.37960815429688 -0.0817871168255806 0.9961798191070557 -0.03147869184613228 62.84937286376953 0.06999911367893219 0.03725322335958481 0.9968514442443848 -404.08514404296875
* 0.9939230680465698 0.08346422016620636 -0.07140903174877167 -160.26329040527344 -0.08686749637126923 0.9953921437263489 -0.041264574974775314 57.041595458984375 0.06761213392019272 0.04722120612859726 0.9965938329696655 -404.7222595214844
* 0.9935526847839355 0.08381195366382599 -0.0760074332356453 -161.88404846191406 -0.08727530390024185 0.9954453110694885 -0.03906318545341492 51.56109619140625 0.07236354798078537 0.04544917494058609 0.9963424801826477 -404.07940673828125
* 0.9937241077423096 0.08225485682487488 -0.07546542584896088 -161.4535675048828 -0.08572351187467575 0.9955621361732483 -0.03952008858323097 51.10566711425781 0.0718560740351677 0.04574553295969963 0.9963656663894653 -404.890625
* 0.9917988777160645 0.08658908307552338 -0.09373278170824051 -158.2032012939453 -0.09129594266414642 0.9948961734771729 -0.043600089848041534 53.16606903076172 0.08945535123348236 0.05180414766073227 0.9946429133415222 -403.3131408691406
* 0.9925217628479004 0.08495529741048813 -0.08736009895801544 -156.8712921142578 -0.08861096203327179 0.9954759478569031 -0.035073790699243546 52.443477630615234 0.08396143466234207 0.04255681857466698 0.9955600500106812 -402.8553466796875
* 0.9928333759307861 0.08613469451665878 -0.08253031224012375 -159.2033233642578 -0.08911183476448059 0.9956235885620117 -0.029106415808200836 52.716827392578125 0.07963830977678299 0.03625648096203804 0.9961643815040588 -404.7773132324219
* 0.9952929019927979 0.08459637314081192 -0.046732716262340546 -164.00790405273438 -0.0863935649394989 0.9958177208900452 -0.030621733516454697 59.04201889038086 0.043923042714595795 0.03451927751302719 0.9984384775161743 -411.76934814453125
* 0.9932925701141357 0.08829538524150848 -0.07431196421384811 -163.3617706298828 -0.09150577336549759 0.9951637387275696 -0.036472585052251816 62.984657287597656 0.07070844620466232 0.043032094836235046 0.996568500995636 -405.99810791015625
* 0.9932602047920227 0.08558902889490128 -0.07782820612192154 -162.64682006835938 -0.0888584554195404 0.9954460263252258 -0.035295601934194565 63.85551071166992 0.07442910969257355 0.041977670043706894 0.9963424801826477 -404.7084655761719
* 0.9935469031333923 0.08713804930448532 -0.07225004583597183 -162.55072021484375 -0.09044871479272842 0.995154619216919 -0.03925144299864769 64.83589172363281 0.06845589727163315 0.04553728178143501 0.996614396572113 -406.7626647949219
* 0.9944815635681152 0.08583319932222366 -0.0598958283662796 -162.87554931640625 -0.08795125037431717 0.9957553744316101 -0.028111210092902184 68.06631469726563 0.057204946875572205 0.033228255808353424 0.9978094100952148 -409.1018981933594
* 0.9948909282684326 0.0867639034986496 -0.051112379878759384 -163.1041259765625 -0.08906745910644531 0.9953291416168213 -0.0379650741815567 73.40692138671875 0.04755586385726929 0.04232778400182724 0.9979713559150696 -411.3668518066406
* 0.9939044713973999 0.08544640243053436 -0.0692918449640274 -160.94857788085938 -0.08859056234359741 0.9953392148017883 -0.03880833834409714 76.64558410644531 0.06562907993793488 0.04471464827656746 0.9968417882919312 -407.96710205078125
* 0.9928508996963501 0.08720984309911728 -0.08118019998073578 -158.90484619140625 -0.09152683615684509 0.9947236776351929 -0.046926360577344894 76.64476013183594 0.07663563638925552 0.05402525141835213 0.9955944418907166 -406.47381591796875
* 0.9930078387260437 0.08513058722019196 -0.08146732300519943 -157.45953369140625 -0.0891689732670784 0.9951072335243225 -0.04318426549434662 75.07798767089844 0.07736866921186447 0.05015093833208084 0.9957404732704163 -406.733642578125
* 0.9934496283531189 0.08418310433626175 -0.07693994045257568 -156.65956115722656 -0.08830238878726959 0.9949912428855896 -0.04742936044931412 73.23611450195313 0.07253806293010712 0.053916946053504944 0.9959072470664978 -407.3199768066406
* 0.9936977028846741 0.08605644851922989 -0.07147032022476196 -157.12887573242188 -0.08978596329689026 0.9949260354042053 -0.045991137623786926 73.60045623779297 0.06712609529495239 0.052122563123703 0.9963821172714233 -408.507080078125
* 0.9948114156723022 0.08149988949298859 -0.06047104671597481 -158.87875366210938 -0.08437956869602203 0.9956125020980835 -0.041112642735242844 76.83934783935547 0.056831326335668564 0.046006228774785995 0.997323215007782 -410.748291015625
* 0.9934327602386475 0.08482798933982849 -0.07644786685705185 -160.35743713378906 -0.08888223767280579 0.9949653148651123 -0.04688563942909241 79.36334991455078 0.07206201553344727 0.053376879543066025 0.9959708452224731 -408.85491943359375
* 0.9936463236808777 0.0859769657254219 -0.07227490842342377 -163.20213317871094 -0.08989124000072479 0.9948173761367798 -0.04808611422777176 79.63150787353516 0.06774229556322098 0.054281726479530334 0.9962250590324402 -408.7313537597656
* 0.9934706091880798 0.08512920141220093 -0.07561731338500977 -164.9373779296875 -0.08876702934503555 0.9952065944671631 -0.04169682413339615 77.19253540039063 0.07168149948120117 0.048141177743673325 0.9962650537490845 -407.14697265625
* 0.9943983554840088 0.08098572492599487 -0.06754288077354431 -166.6898193359375 -0.08424298465251923 0.9955918788909912 -0.04188548028469086 75.84086608886719 0.06382931023836136 0.047345247119665146 0.9968370795249939 -408.000732421875
* 0.9941619634628296 0.08296055346727371 -0.06861699372529984 -167.24163818359375 -0.08665671944618225 0.9951167702674866 -0.047832176089286804 74.6472396850586 0.06429001688957214 0.0535033755004406 0.9964959621429443 -407.767822265625
* 0.9945595860481262 0.07983136177062988 -0.06653513014316559 -168.154052734375 -0.08307250589132309 0.9956682324409485 -0.042409747838974 73.05552673339844 0.06283757090568542 0.04771066829562187 0.9968827366828918 -408.18780517578125
* 0.994357168674469 0.08289794623851776 -0.06580568850040436 -168.92108154296875 -0.08608987182378769 0.9954237341880798 -0.04212745651602745 73.36358642578125 0.06198854744434357 0.04755926504731178 0.9969431161880493 -409.042236328125
* 0.9943273067474365 0.08088520169258118 -0.06869789212942123 -167.75601196289063 -0.0843711793422699 0.9954651594161987 -0.04455579072237015 74.38054656982422 0.06475874781608582 0.050103526562452316 0.9966423511505127 -408.504638671875
* 0.9928193688392639 0.08800281584262848 -0.08070758730173111 -164.9032745361328 -0.0933583453297615 0.9937935471534729 -0.060936521738767624 73.38743591308594 0.07482034713029861 0.06803784519433975 0.9948732256889343 -408.2312316894531
* 0.9925402402877808 0.08863399922847748 -0.08340413868427277 -161.2128143310547 -0.09365116059780121 0.9941542744636536 -0.05423469468951225 71.25471496582031 0.07808580249547958 0.06164516881108284 0.9950388669967651 -407.6556396484375
* 0.9920282363891602 0.08791759610176086 -0.08999302238225937 -157.78965759277344 -0.09260711073875427 0.9946846961975098 -0.045617952942848206 69.98148345947266 0.08548033982515335 0.053592488169670105 0.9948974251747131 -408.1897277832031
* 0.9912477731704712 0.0932900682091713 -0.09313008934259415 -153.87643432617188 -0.09875446557998657 0.9937653541564941 -0.052275512367486954 67.86376190185547 0.08764894306659698 0.06101904436945915 0.9942807555198669 -408.4410095214844
* 0.9906249046325684 0.09258995205163956 -0.10018866509199142 -149.5657196044922 -0.09795114398002625 0.9941248893737793 -0.046647440642118454 65.8897933959961 0.0952572450041771 0.05602778121829033 0.993874728679657 -407.697265625
* 0.9897098541259766 0.09223772585391998 -0.10915551334619522 -145.23663330078125 -0.09823330491781235 0.9940407872200012 -0.047831594944000244 66.08462524414063 0.10406945645809174 0.05806618928909302 0.9928735494613647 -409.0283508300781
* 0.9891856908798218 0.09743340313434601 -0.10939294099807739 -139.62533569335938 -0.1037435308098793 0.9933494925498962 -0.0504862517118454 66.21414184570313 0.10372266918420792 0.06129303202033043 0.9927158355712891 -408.7308349609375
* 0.9899525046348572 0.09628479927778244 -0.10330440104007721 -135.52967834472656 -0.10114719718694687 0.9941070079803467 -0.039690468460321426 64.55602264404297 0.09885033220052719 0.0497446171939373 0.993858277797699 -407.6620788574219
* 0.990498960018158 0.09815257787704468 -0.09605392813682556 -134.4563751220703 -0.10222626477479935 0.9941731691360474 -0.0349905826151371 63.229888916015625 0.09203611314296722 0.044481318444013596 0.9947617053985596 -408.2666015625
* 0.9902952313423157 0.09587186574935913 -0.10036107897758484 -134.69105529785156 -0.1005372554063797 0.9941884875297546 -0.03919302672147751 62.777591705322266 0.09599665552377701 0.048906680196523666 0.9941794872283936 -407.4260559082031
* 0.9904021620750427 0.09681528806686401 -0.0983811691403389 -136.17185974121094 -0.10149442404508591 0.9940455555915833 -0.0403335839509964 63.13517761230469 0.09386678785085678 0.04993557929992676 0.9943317174911499 -408.0655517578125
* 0.9906829595565796 0.09517388790845871 -0.09714843332767487 -136.97097778320313 -0.09900908917188644 0.9945977330207825 -0.03204870596528053 62.83509826660156 0.09354975819587708 0.04137270525097847 0.9947546124458313 -407.3453369140625
* 0.991194486618042 0.09429558366537094 -0.0926847830414772 -137.8302459716797 -0.09834317117929459 0.9945092797279358 -0.03653181716799736 63.28871154785156 0.08870743215084076 0.045329075306653976 0.9950258135795593 -408.7253112792969
* 0.990838348865509 0.09505373984575272 -0.09567099064588547 -137.95957946777344 -0.09917785972356796 0.9944512844085693 -0.035846415907144547 63.85862731933594 0.09170915186405182 0.04501044750213623 0.9947680830955505 -408.0798034667969
* 0.9901649951934814 0.09636002779006958 -0.10117721557617188 -138.4532470703125 -0.1004500687122345 0.994426429271698 -0.03287040442228317 63.44346237182617 0.09742224961519241 0.04271436855196953 0.994326114654541 -407.3987731933594
* 0.9905723929405212 0.09488596022129059 -0.09854823350906372 -139.72775268554688 -0.09901557117700577 0.9945139288902283 -0.0345335453748703 62.63838195800781 0.0947071835398674 0.04396979883313179 0.9945336580276489 -408.0154724121094
* 0.9906622171401978 0.09631245583295822 -0.096234530210495 -140.3751983642578 -0.09994103014469147 0.994562566280365 -0.03019237518310547 62.679481506347656 0.09277971088886261 0.03953221067786217 0.9949015378952026 -407.4222412109375
* 0.9904571175575256 0.09806609153747559 -0.09657350927591324 -141.00306701660156 -0.10215366631746292 0.9941838979721069 -0.03489160165190697 62.88560485839844 0.09256650507450104 0.04442790895700455 0.9947148561477661 -407.18096923828125
* 0.9904751181602478 0.09816739708185196 -0.09628558158874512 -141.67578125 -0.10268104821443558 0.9939519762992859 -0.03963066637516022 62.559326171875 0.09178916364908218 0.04914381727576256 0.9945651292800903 -407.9580078125
* 0.9905016422271729 0.09800811856985092 -0.09617503732442856 -141.78675842285156 -0.10275769978761673 0.9938357472419739 -0.042258553206920624 62.43069076538086 0.0914168730378151 0.05174381658434868 0.994467556476593 -407.68768310546875
* 0.9909815788269043 0.09715137630701065 -0.09201046824455261 -142.4100341796875 -0.10121316462755203 0.9942063093185425 -0.03693505376577377 63.07725524902344 0.08786545693874359 0.045918576419353485 0.9950735569000244 -408.198486328125
* 0.9905095100402832 0.09846271574497223 -0.09562872350215912 -142.8094940185547 -0.10315294563770294 0.9938098788261414 -0.04190465435385704 62.48072052001953 0.09088706970214844 0.05137524753808975 0.9945353269577026 -407.5914611816406
* 0.990224301815033 0.09761220961809158 -0.0993812307715416 -143.1446075439453 -0.10297002643346786 0.9936051368713379 -0.046909261494874954 61.299747467041016 0.09414313733577728 0.056687887758016586 0.9939436316490173 -407.3310241699219
* 0.9903802275657654 0.09806331247091293 -0.09736353158950806 -142.97430419921875 -0.10282620787620544 0.9938509464263916 -0.041732095181941986 60.08302688598633 0.09264879673719406 0.0513460673391819 0.9943742752075195 -407.5948791503906
* 0.9901401400566101 0.09913352131843567 -0.09871187806129456 -141.8221893310547 -0.10377775132656097 0.99383544921875 -0.03969690948724747 59.54609298706055 0.09414439648389816 0.04955347254872322 0.994324803352356 -407.4718322753906
* 0.989833652973175 0.0988713875412941 -0.10199403762817383 -140.5904083251953 -0.10356654226779938 0.9939027428627014 -0.03854697197675705 59.883689880371094 0.09753729403018951 0.04872213676571846 0.9940388202667236 -407.6868591308594
* 0.9899653792381287 0.09652646631002426 -0.10295754671096802 -138.4733428955078 -0.10102956742048264 0.9942507743835449 -0.03623523190617561 60.0185546875 0.09884432703256607 0.046277329325675964 0.9940265417098999 -406.9842529296875
* 0.9897407293319702 0.09776990115642548 -0.10393919795751572 -135.92959594726563 -0.1033448725938797 0.9935877919197083 -0.04645106941461563 59.36203384399414 0.09870757162570953 0.056720003485679626 0.9934989809989929 -407.763427734375
* 0.9887211918830872 0.09975434839725494 -0.11148341745138168 -133.14187622070313 -0.10412414371967316 0.9941046833992004 -0.031125187873840332 57.453495025634766 0.10769768059253693 0.04238612949848175 0.9932799935340881 -406.3897705078125
* 0.9895452857017517 0.09932345151901245 -0.10432716459035873 -131.55467224121094 -0.1039770096540451 0.9939199090003967 -0.03696884214878082 55.490989685058594 0.09999734163284302 0.04743384197354317 0.99385666847229 -407.22760009765625
* 0.989241361618042 0.09903239458799362 -0.10744024068117142 -129.6544647216797 -0.10326018929481506 0.9941844344139099 -0.03145243227481842 54.353431701660156 0.10367698222398758 0.04221222922205925 0.9937150478363037 -406.61553955078125
* 0.9895443916320801 0.09914983808994293 -0.10450135171413422 -128.50230407714844 -0.1027628630399704 0.9943768978118896 -0.026627203449606895 54.5119514465332 0.10125001519918442 0.03709154203534126 0.9941695928573608 -406.7417297363281
