#
#
#
#
#
#
#
#
#
#
#
#
#
#
#
#
#
#
#
#
#
#
#
#
#
#
#
#
#
#
#
#
#
#
#
#
#
#
#
#
#
#
#
#
#
#
#
#
#
#
#
#
#
#
#
#
#
#
#
#
#
#
#
#
#
#
#
#
#
#
#
#
#
#
#
#
#
#
#
#
#
#
#
#
#
#
#
#
#
#
#
#
#
#
#
#
#
#
#
#
#
#
#
#
#
#
#
#
#
#
#
#
#
#
#
#
#
#
#
#
#
#
#
#
#
#
#
#
#
#
#
#
#
#
#
#
#
#
#
#
#
#
#
#
#
#
#
#
#
#
#
#
#
#
#
#
#
#
#
#
#
#
#
#
#
#
#
#
#
#
#
#
#
#
#
#
#
#
#
#
#
#
#
#
#
#
#
#
#
#
#
#
#
#
#
#
#
#
#
#
#
#
#
#
#
#
#
#
#
#
#
#
#
#
#
#
#
#
#
#
#
#
#
#
#
#
#
#
#
#
#
#
#
#
#
#
#
#
#
#
#
#
#
#
#
#
#
#
#
#
#
#
#
#
#
#
#
#
#
#
#
#
#
#
#
#
#
#
#
#
#
#
#
#
#
#
#
#
#
#
#
#
#
#
#
#
#
#
#
#
#
#
#
#
#
#
#
#
#
#
#
#
#
#
#
#
#
#
#
#
#
#
#
#
#
#
#
#
#
#
#
#
#
#
#
#
#
#
#
#
#
#
#
#
#
#
#
#
#
#
#
#
#
#
#
#
#
#
#
#
#
#
#
#
#
#
#
#
#
#
#
#
#
#
#
#
#
#
* 0.9819812178611755 0.0603204146027565 0.17909526824951172 75.7321548461914 -0.04043621942400932 0.9928110837936401 -0.11265163868665695 124.06964111328125 -0.18460309505462646 0.1033802181482315 0.9773607850074768 -503.7986755371094
#
#
#
#
#
#
#
#
#
#
#
#
#
#
#
#
#
#
#
#
#
#
#
#
#
#
* 0.9978444576263428 0.02518097497522831 0.06058540940284729 -81.7129898071289 -0.029446005821228027 0.9970996975898743 0.07019045948982239 120.15205383300781 -0.05864199995994568 -0.0718228742480278 0.9956920146942139 -483.2318420410156
* 0.9974707961082458 0.035048957914114 -0.06182107329368591 -73.25479125976563 -0.03429687023162842 0.9993207454681396 0.013540380634367466 96.84012603759766 0.06225389614701271 -0.011385575868189335 0.9979954361915588 -460.8097229003906
* 0.9975423216819763 0.0369783453643322 -0.05949907377362251 -70.17790985107422 -0.036234382539987564 0.9992474317550659 0.013903428800404072 84.2101821899414 0.05996866151690483 -0.011713049374520779 0.9981315732002258 -458.6971435546875
* 0.9993171095848083 0.023607878014445305 0.028391491621732712 -69.93612670898438 -0.024900926277041435 0.998664915561676 0.045277222990989685 69.59379577636719 -0.027284448966383934 -0.045952990651130676 0.99857097864151 -462.44598388671875
* 0.9994145035743713 0.026282988488674164 -0.021862121298909187 -74.42815399169922 -0.0254668015986681 0.9989624619483948 0.03777669370174408 49.71158218383789 0.02283257432281971 -0.037197522819042206 0.9990471005439758 -459.6735534667969
* 0.9937036633491516 0.03121967241168022 -0.10759398341178894 -80.67278289794922 -0.03213696554303169 0.9994626045227051 -0.006596449296921492 33.55574035644531 0.10733046382665634 0.010012965649366379 0.994172990322113 -447.0021057128906
* 0.9913843870162964 0.022899193689227104 -0.1289600431919098 -86.91290283203125 -0.018192315474152565 0.9991232752799988 0.03772902116179466 26.674409866333008 0.12971122562885284 -0.03505758196115494 0.9909319281578064 -434.65155029296875
* 0.9949657320976257 0.011636597104370594 -0.09952840954065323 -93.53872680664063 -0.006096326746046543 0.9984124898910522 0.05600864067673683 26.88677215576172 0.10002246499061584 -0.055119626224040985 0.9934573173522949 -431.42486572265625
* 0.9951063990592957 0.01704109087586403 -0.09731966257095337 -98.64788818359375 -0.01566280424594879 0.9997636079788208 0.015134143643081188 28.28246307373047 0.09755486994981766 -0.013535477221012115 0.9951381683349609 -427.0298156738281
* 0.9957050085067749 0.011311478912830353 -0.09187928587198257 -103.36772918701172 -0.011169045232236385 0.9999357461929321 0.0023031719028949738 25.01768684387207 0.09189976006746292 -0.0012667663395404816 0.9957675337791443 -425.29632568359375
* 0.999466598033905 -0.003927815705537796 -0.032391488552093506 -107.97111511230469 0.0042920480482280254 0.9999212026596069 0.011860301718115807 15.49949836730957 0.032342661172151566 -0.011992688290774822 0.9994049668312073 -425.6341857910156
* 0.9991979002952576 -0.0058013866655528545 -0.03959592059254646 -110.16004180908203 0.007229347247630358 0.9993056058883667 0.036571454256772995 6.735841274261475 0.039356570690870285 -0.036828067153692245 0.9985463619232178 -418.3399353027344
* 0.9996405839920044 -0.0033432617783546448 -0.026562189683318138 -112.84620666503906 0.004091423936188221 0.9995720386505127 0.028989147394895554 6.018269062042236 0.02645421214401722 -0.029087094590067863 0.9992268085479736 -417.77032470703125
* 0.9954578280448914 0.0040798913687467575 0.09510688483715057 -115.35934448242188 -0.0033218213357031345 0.9999603033065796 -0.008357987739145756 15.84748649597168 -0.09513692557811737 0.008004425093531609 0.9954321384429932 -428.16583251953125
* 0.9999639987945557 0.007296405732631683 0.004106506705284119 -107.76160430908203 -0.007381923031061888 0.9998505115509033 0.01568957418203354 27.717540740966797 -0.003991100005805492 -0.01571899652481079 0.9998685717582703 -415.7917785644531
* 0.9947782754898071 0.026889678090810776 -0.09844452887773514 -97.33162689208984 -0.026684507727622986 0.9996381998062134 0.0036233272403478622 32.21010971069336 0.09850668907165527 -9.771207114681602E-4 0.9951359629631042 -401.43902587890625
* 0.9914722442626953 0.03436952084302902 -0.12569697201251984 -88.45829772949219 -0.03622952848672867 0.9992677569389343 -0.012365441769361496 29.00289535522461 0.12518027424812317 0.01681429147720337 0.9919914603233337 -399.19964599609375
* 0.9979956746101379 0.04059012606739998 -0.04853016883134842 -80.49715423583984 -0.04074965789914131 0.9991684556007385 -0.0018482024315744638 29.480125427246094 0.04841512441635132 0.0038224468007683754 0.998819887638092 -404.8291015625
* 0.9989213347434998 0.027425648644566536 0.03744369000196457 -74.88877868652344 -0.028510671108961105 0.9991975426673889 0.028158385306596756 39.356143951416016 -0.036641061305999756 -0.029195204377174377 0.9989017844200134 -404.9346618652344
* 0.9956002831459045 0.03628460690379143 -0.08638140559196472 -70.8197021484375 -0.03841198980808258 0.999001681804657 -0.02283668704330921 43.551902770996094 0.08546687662601471 0.02605464868247509 0.9960001111030579 -392.7359924316406
* 0.9952612519264221 0.04294338822364807 -0.08722987025976181 -70.09239959716797 -0.04436486214399338 0.9989156126976013 -0.01416796538978815 43.703121185302734 0.08652716875076294 0.01797112636268139 0.9960872530937195 -393.51898193359375
* 0.9988932013511658 0.022484630346298218 0.04129204899072647 -74.21439361572266 -0.027408478781580925 0.9921192526817322 0.12226913869380951 53.0230712890625 -0.038217149674892426 -0.12326521426439285 0.9916373491287231 -406.62481689453125
#
#
#
#
#
#
#
#
#
#
#
#
#
#
#
#
#
#
#
#
#
#
#
#
#
#
#
#
#
#
#
#
#
#
#
#
#
#
#
#
#
#
#
#
#
#
#
#
#
#
#
#
#
#
#
#
#
#
#
#
#
* 0.9812890291213989 0.012067875824868679 -0.1921551376581192 -159.5541534423828 -0.01845850795507431 0.9993441700935364 -0.031199956312775612 5.442454814910889 0.19164840877056122 0.03416535258293152 0.9808689951896667 -429.2942810058594
* 0.986413836479187 0.023496977984905243 -0.16258220374584198 -134.99517822265625 -0.03043171390891075 0.9987401366233826 -0.03993644192814827 -7.700743198394775 0.16143473982810974 0.044343747198581696 0.9858868718147278 -414.1727294921875
* 0.9956361055374146 0.01882975734770298 -0.09138637781143188 -122.9665756225586 -0.018277889117598534 0.9998062252998352 0.0075059859082102776 -13.890275955200195 0.09150572866201401 -0.005800632294267416 0.9957878589630127 -412.3026123046875
* 0.9967666864395142 0.025371447205543518 -0.07622191309928894 -117.5040283203125 -0.027691559866070747 0.9992039203643799 -0.028768669813871384 -17.20602798461914 0.07542701810598373 0.030788574367761612 0.9966761469841003 -411.57879638671875
* 0.998282790184021 0.015336540527641773 -0.05651210620999336 -115.3022232055664 -0.015973521396517754 0.9998258352279663 -0.009808080270886421 -14.789125442504883 0.05634755641222 0.010696183890104294 0.9983541965484619 -411.4304504394531
* 0.9992782473564148 0.017950499430298805 -0.03344060480594635 -117.4234390258789 -0.018324419856071472 0.9997916221618652 -0.0091651426628232 -8.500802040100098 0.03326481953263283 0.009773547761142254 0.9993990063667297 -414.4362487792969
* 0.9984650611877441 0.02438533864915371 -0.04970255494117737 -119.1767349243164 -0.023650765419006348 0.9995860457420349 0.016471924260258675 -0.2630064785480499 0.050079356878995895 -0.015268919989466667 0.9986287951469421 -409.5381164550781
* 0.9956673979759216 0.03631060943007469 -0.08558893948793411 -119.69001007080078 -0.03920311480760574 0.9987306594848633 -0.0316723957657814 1.820838212966919 0.08432593196630478 0.034892696887254715 0.9958274364471436 -405.0655822753906
* 0.9970390200614929 0.03506476432085037 -0.06841892749071121 -119.15437316894531 -0.035568077117204666 0.9993546605110168 -0.005300598219037056 -3.0869429111480713 0.06818458437919617 0.00772060826420784 0.9976431131362915 -405.9361572265625
* 0.9947969913482666 0.042052704840898514 -0.09278033673763275 -116.89979553222656 -0.04507780075073242 0.998530924320221 -0.03011811338365078 -11.646303176879883 0.09137316048145294 0.03414588421583176 0.9952314496040344 -405.5345458984375
* 0.9966357946395874 0.0409649983048439 -0.07096963375806808 -114.5638427734375 -0.04241298511624336 0.998936116695404 -0.01819007098674774 -20.29941177368164 0.0701446533203125 0.02114105597138405 0.9973131418228149 -405.03082275390625
* 0.9977908134460449 0.039074480533599854 -0.05370567739009857 -114.32659149169922 -0.03970737010240555 0.9991660714149475 -0.009678754955530167 -28.238821029663086 0.053278371691703796 0.011792038567364216 0.9985104203224182 -406.5106201171875
* 0.9962785243988037 0.03883729875087738 -0.07693219929933548 -114.15902709960938 -0.03806716576218605 0.999202311038971 0.012202820740640163 -33.45144271850586 0.07734043896198273 -0.009226660244166851 0.9969624280929565 -406.1884765625
* 0.9964747428894043 0.03470345586538315 -0.0763646811246872 -112.94424438476563 -0.035584744065999985 0.9993236064910889 -0.009445995092391968 -35.09573745727539 0.07598090916872025 0.012132286094129086 0.997035801410675 -406.80743408203125
* 0.9939751625061035 0.03531240299344063 -0.10375148802995682 -109.03582763671875 -0.037794824689626694 0.9990558624267578 -0.02149450033903122 -36.644065856933594 0.10289020836353302 0.025288430973887444 0.9943715333938599 -404.6722106933594
* 0.9943047165870667 0.0405026376247406 -0.09856679290533066 -104.55872344970703 -0.04404252767562866 0.9984723925590515 -0.033408358693122864 -42.094356536865234 0.09705878794193268 0.037561360746622086 0.9945700168609619 -407.1766357421875
* 0.9951766729354858 0.03830090910196304 -0.0903007835149765 -100.08370971679688 -0.038877759128808975 0.9992374777793884 -0.003992763347923756 -49.495079040527344 0.09007471054792404 0.0074863494373857975 0.9959072470664978 -411.0124816894531
* 0.9956491589546204 0.038460880517959595 -0.08486037701368332 -94.52700805664063 -0.038778841495513916 0.9992483258247375 -0.0014161875005811453 -54.091285705566406 0.08473782986402512 0.0047029717825353146 0.9963926076889038 -409.90191650390625
* 0.9942030906677246 0.029572516679763794 -0.10336039960384369 -88.68171691894531 -0.02908441796898842 0.9995554089546204 0.00678727962076664 -55.43619155883789 0.10351090878248215 -0.0037395444232970476 0.9946216344833374 -409.89404296875
* 0.9910774827003479 0.03972306102514267 -0.12722107768058777 -81.67158508300781 -0.04169346019625664 0.9990549087524414 -0.012403457425534725 -54.79341125488281 0.1266038715839386 0.01759922318160534 0.9917976260185242 -407.7544250488281
* 0.9958884119987488 0.04529190436005592 -0.07843849807977676 -77.246337890625 -0.04739325866103172 0.9985799789428711 -0.024386689066886902 -51.99007797241211 0.07721829414367676 0.02800600603222847 0.9966211915016174 -414.06402587890625
* 0.997628927230835 0.051927924156188965 -0.045141298323869705 -74.60569763183594 -0.054006703197956085 0.9975380897521973 -0.044761884957551956 -43.098663330078125 0.04270145669579506 0.04709579050540924 0.9979776740074158 -417.5647277832031
* 0.9984591007232666 0.05066356062889099 -0.022591693326830864 -73.36511993408203 -0.050921253859996796 0.9986690282821655 -0.008354179561138153 -32.73361587524414 0.022134054452180862 0.00949379988014698 0.9997103214263916 -416.30169677734375
* 0.9951820373535156 0.05546559393405914 -0.08083316683769226 -73.03825378417969 -0.057744696736335754 0.998009443283081 -0.025402456521987915 -25.40276336669922 0.0792590007185936 0.02994983084499836 0.9964044690132141 -410.124267578125
* 0.9942760467529297 0.04788464680314064 -0.09549829363822937 -74.35662841796875 -0.04874590039253235 0.99879390001297 -0.006094546988606453 -21.602310180664063 0.09508701413869858 0.010716925375163555 0.9954116940498352 -408.7465515136719
* 0.9961656928062439 0.05206112191081047 -0.07029280811548233 -76.80753326416016 -0.05468462035059929 0.9978885650634766 -0.035078879445791245 -16.595224380493164 0.0683138445019722 0.03879040852189064 0.9969099164009094 -411.4773864746094
* 0.9944658279418945 0.04928440600633621 -0.09276983886957169 -78.98582458496094 -0.05245693773031235 0.9981294870376587 -0.03143763169646263 -8.948451042175293 0.0910426527261734 0.03613218292593956 0.9951916337013245 -410.9273376464844
* 0.9979586005210876 0.04566517099738121 -0.044619109481573105 -80.85414123535156 -0.04779142141342163 0.9977784156799316 -0.04644148051738739 -1.0553545951843262 0.04239492118358612 0.048481207340955734 0.9979243278503418 -412.7889709472656
* 0.9958596229553223 0.046477317810058594 -0.07810939103364944 -81.77598571777344 -0.047485217452049255 0.9988197088241577 -0.010346907190978527 5.86088752746582 0.07753202319145203 0.014015217311680317 0.9968917965888977 -410.697509765625
* 0.9964386820793152 0.047873951494693756 -0.06939539313316345 -81.23693084716797 -0.05069902166724205 0.9979662299156189 -0.03867575526237488 10.675719261169434 0.06739839911460876 0.04205840080976486 0.996839702129364 -408.8059387207031
* 0.9955945611000061 0.03679075092077255 -0.0862300917506218 -80.75701141357422 -0.03656204417347908 0.9993207454681396 0.004902764223515987 14.10720443725586 0.08634765446186066 -0.001726265880279243 0.9962640404701233 -406.85498046875
* 0.9949380159378052 0.041864145547151566 -0.09134193509817123 -82.43607330322266 -0.04409043490886688 0.99878990650177 -0.021849561482667923 15.719919204711914 0.0903124287724495 0.025768401101231575 0.9955804944038391 -406.6701354980469
* 0.9914462566375732 0.041083674877882004 -0.12387063354253769 -86.37866973876953 -0.045405980199575424 0.9984636902809143 -0.031799834221601486 16.32065773010254 0.12236962467432022 0.037154439836740494 0.9917892813682556 -405.4668884277344
* 0.9945152997970581 0.030614521354436874 -0.09999661147594452 -93.60772705078125 -0.028069354593753815 0.9992333650588989 0.027337053790688515 20.498409271240234 0.10075262933969498 -0.024378107860684395 0.9946131110191345 -408.33648681640625
* 0.9954977035522461 0.033198483288288116 -0.08876636624336243 -102.48821258544922 -0.03440122306346893 0.9993444681167603 -0.011396816931664944 28.896242141723633 0.08832554519176483 0.014401351101696491 0.9959878325462341 -412.8125305175781
* 0.994985044002533 0.029974346980452538 -0.09541206061840057 -109.59171295166016 -0.030792774632573128 0.9995060563087463 -0.006507001351565123 37.091129302978516 0.09516561776399612 0.009414552710950375 0.9954172372817993 -410.31146240234375
* 0.9956615567207336 0.024351246654987335 -0.08978975564241409 -115.29962158203125 -0.02592291124165058 0.9995416402816772 -0.015730218961834908 43.41121292114258 0.0893612951040268 0.017991801723837852 0.9958370327949524 -408.0167541503906
* 0.9969534873962402 0.02540588192641735 -0.07372474670410156 -120.02742767333984 -0.028013387694954872 0.999038815498352 -0.03375629708170891 47.36779022216797 0.07279200106859207 0.03572095185518265 0.9967074990272522 -406.014404296875
* 0.9957290291786194 0.02757713757455349 -0.08809182047843933 -125.04681396484375 -0.029209885746240616 0.9994361996650696 -0.016637593507766724 49.17401885986328 0.08757907152175903 0.019141890108585358 0.9959738850593567 -404.668701171875
* 0.995640754699707 0.016447314992547035 -0.09179235994815826 -129.8735809326172 -0.016945185139775276 0.9998497366905212 -0.0040152063593268394 50.01581954956055 0.09170831739902496 0.005555394105613232 0.9957706332206726 -403.20135498046875
* 0.9969663023948669 0.018717799335718155 -0.07553046196699142 -135.86314392089844 -0.020331228151917458 0.9995970726013184 -0.01987757906317711 51.40553665161133 0.07512372732162476 0.021355150267481804 0.9969457387924194 -406.2043762207031
* 0.9952577352523804 0.01794544979929924 -0.09558773040771484 -139.8123779296875 -0.02110978215932846 0.9992794394493103 -0.031585853546857834 51.45945358276367 0.09494781494140625 0.03345615416765213 0.9949201345443726 -403.2242126464844
* 0.9972014427185059 0.014778010547161102 -0.07326606661081314 -143.4713592529297 -0.01745111495256424 0.9992298483848572 -0.035182565450668335 51.36881637573242 0.07268548756837845 0.03636494651436806 0.9966920018196106 -403.5550231933594
* 0.9973770380020142 0.0078012109734117985 -0.07193761318922043 -145.45433044433594 -0.00987166352570057 0.9995698928833008 -0.027662213891744614 51.443965911865234 0.07168664038181305 0.02830209769308567 0.9970259070396423 -403.61639404296875
* 0.9967182278633118 0.01688256300985813 -0.07914824038743973 -147.19244384765625 -0.020619263872504234 0.9987347722053528 -0.045894354581832886 50.35702896118164 0.07826905697584152 0.04737798497080803 0.9958062171936035 -403.4697570800781
* 0.998631477355957 0.0054658460430800915 -0.05198201909661293 -150.35067749023438 -0.005729257129132748 0.9999776482582092 -0.0038045740220695734 46.937355041503906 0.051955852657556534 0.004099467769265175 0.9986413717269897 -405.3695373535156
* 0.9971073269844055 0.024717606604099274 -0.07185246795415878 -152.5645751953125 -0.028544658794999123 0.9982450008392334 -0.051910921931266785 41.98467254638672 0.07043899595737457 0.053814008831977844 0.9960638284683228 -404.92742919921875
* 0.9983531832695007 0.00924741756170988 -0.05658765882253647 -154.11376953125 -0.010275925509631634 0.9998059272766113 -0.01688435673713684 39.0631103515625 0.056416332721710205 0.017440324649214745 0.9982553720474243 -405.81024169921875
* 0.9982765913009644 0.01267782598733902 -0.05727006122469902 -152.7798614501953 -0.014351394027471542 0.999509334564209 -0.027887485921382904 36.905582427978516 0.05688418820500374 0.02866360917687416 0.9979696273803711 -405.4600830078125
* 0.996828019618988 0.01749660074710846 -0.07761657983064651 -149.84722900390625 -0.021420391276478767 0.9985577464103699 -0.049256693571805954 35.6364631652832 0.0766385868191719 0.05076530575752258 0.9957661032676697 -405.1893310546875
* 0.9969608187675476 0.017389025539159775 -0.07591698318719864 -146.0812225341797 -0.019574914127588272 0.9994348883628845 -0.027375705540180206 35.65829849243164 0.07539382576942444 0.02878083661198616 0.9967387318611145 -404.13958740234375
* 0.996167778968811 0.01617058739066124 -0.08593497425317764 -142.08518981933594 -0.01875142753124237 0.9994154572486877 -0.028632020577788353 35.85997009277344 0.08541753888130188 0.030135968700051308 0.9958897233009338 -403.6740417480469
* 0.9967632293701172 0.016714537516236305 -0.07861368358135223 -138.1808624267578 -0.0195426307618618 0.9992113709449768 -0.03460065275430679 35.1708869934082 0.07796913385391235 0.036027248948812485 0.996304988861084 -406.66046142578125
* 0.9952142238616943 0.01663261093199253 -0.09627282619476318 -132.9385528564453 -0.019239336252212524 0.9994882345199585 -0.025606682524085045 34.31668472290039 0.09579344093799591 0.02733863890171051 0.9950261116027832 -405.82757568359375
* 0.9963736534118652 0.018905388191342354 -0.08293641358613968 -129.27743530273438 -0.02097451686859131 0.9995063543319702 -0.023445362225174904 37.97673416137695 0.08244799822568893 0.025102172046899796 0.9962795376777649 -410.4873962402344
* 0.9970272779464722 0.020682327449321747 -0.07419691979885101 -124.4297103881836 -0.024847736582159996 0.9981856346130371 -0.05486944317817688 43.064029693603516 0.07292322814464569 0.056552257388830185 0.9957332611083984 -411.3544616699219
* 0.9964007139205933 0.022184239700436592 -0.08179102838039398 -119.31053924560547 -0.02488591894507408 0.9991969466209412 -0.03144599124789238 47.630794525146484 0.08102350682020187 0.03337052837014198 0.9961537718772888 -410.26031494140625
* 0.9965672492980957 0.03213401883840561 -0.07627200335264206 -114.29187774658203 -0.03517966344952583 0.9986537098884583 -0.038155823945999146 52.47488784790039 0.07493895292282104 0.04071030393242836 0.9963571429252625 -409.18505859375
* 0.995879590511322 0.031083237379789352 -0.08517031371593475 -110.62855529785156 -0.035408999770879745 0.9981690645217896 -0.04906442016363144 57.30190658569336 0.08348504453897476 0.05188030004501343 0.9951579570770264 -410.12823486328125
* 0.9943175911903381 0.03267282247543335 -0.1012982577085495 -105.58172607421875 -0.03806143254041672 0.9979670643806458 -0.05114399641752243 59.33784484863281 0.0994170680642128 0.05471118167042732 0.9935409426689148 -406.8471984863281
* 0.9951647520065308 0.03725079074501991 -0.09086150676012039 -102.11753845214844 -0.040902476757764816 0.9984411001205444 -0.0380142442882061 62.645381927490234 0.0892995297908783 0.04154912009835243 0.9951381087303162 -409.5955810546875
* 0.996322512626648 0.031277287751436234 -0.07974687963724136 -97.82633209228516 -0.03494593873620033 0.9984087347984314 -0.04428955167531967 68.83824157714844 0.07823045551776886 0.04691575467586517 0.9958310723304749 -413.39410400390625
* 0.9976741075515747 0.036288850009441376 -0.05767104774713516 -92.49967956542969 -0.04066520929336548 0.9963131546974182 -0.07555963844060898 75.89395141601563 0.05471215024590492 0.07773134857416153 0.9954721927642822 -413.9784240722656
* 0.9961401224136353 0.04042832925915718 -0.07788927853107452 -88.3434829711914 -0.04603758081793785 0.9964258074760437 -0.07084523141384125 80.78060913085938 0.07474244385957718 0.07415983825922012 0.9944417476654053 -411.51220703125
* 0.994264543056488 0.041266702115535736 -0.09864829480648041 -86.26260375976563 -0.0470518134534359 0.997297465801239 -0.056451115757226944 82.78429412841797 0.09604787081480026 0.060771141201257706 0.9935200810432434 -407.9246826171875
* 0.9956731200218201 0.03985936939716339 -0.08391889184713364 -86.95785522460938 -0.04618196189403534 0.9961836934089661 -0.07408231496810913 82.80265808105469 0.08064145594835281 0.07763954997062683 0.9937150478363037 -409.26519775390625
* 0.9950796961784363 0.038461290299892426 -0.09128633141517639 -87.25814056396484 -0.045559223741292953 0.9960425496101379 -0.07633122056722641 81.42132568359375 0.08798498660326004 0.08011683821678162 0.9928950071334839 -408.6385803222656
* 0.9945098161697388 0.039823662489652634 -0.0967484787106514 -89.12569427490234 -0.04478519409894943 0.9977931976318359 -0.04905027896165848 79.9879150390625 0.09457733482122421 0.05311612784862518 0.9940997958183289 -408.0137634277344
* 0.9930230975151062 0.03869463875889778 -0.11137263476848602 -93.80164337158203 -0.047692686319351196 0.9957535862922668 -0.07875887304544449 77.53361511230469 0.1078478991985321 0.08352331072092056 0.9906529784202576 -408.04779052734375
* 0.9927656054496765 0.04117420315742493 -0.11277073621749878 -97.77664184570313 -0.04615349322557449 0.9980782866477966 -0.04138035699725151 73.2533187866211 0.11084596812725067 0.04628799110651016 0.9927594065666199 -407.4599914550781
* 0.9952175617218018 0.03734954819083214 -0.09023860841989517 -101.44409942626953 -0.04159218817949295 0.9981247186660767 -0.044944602996110916 68.47319030761719 0.08838645368814468 0.0484851635992527 0.9949057698249817 -410.7079772949219
* 0.9937774538993835 0.03477934002876282 -0.10579562187194824 -105.33434295654297 -0.040716372430324554 0.997715950012207 -0.05392518267035484 62.75687789916992 0.1036742627620697 0.05789954960346222 0.9929248690605164 -409.9366760253906
* 0.9937475323677063 0.028945645317435265 -0.1078135147690773 -110.57886505126953 -0.032241202890872955 0.9990777969360352 -0.02840651385486126 58.138553619384766 0.10688764601945877 0.03170725330710411 0.993765652179718 -408.06854248046875
* 0.994835615158081 0.030185513198375702 -0.09688501060009003 -115.51163482666016 -0.03492918983101845 0.998283863067627 -0.0470353327691555 54.41206359863281 0.09529471397399902 0.05017885938286781 0.9941838383674622 -408.3308410644531
* 0.9954081773757935 0.02006872184574604 -0.09357105195522308 -118.86386108398438 -0.02194899134337902 0.9995896816253662 -0.018484558910131454 51.12466812133789 0.09315747022628784 0.02045581303536892 0.9954414963722229 -408.2638854980469
* 0.9950215816497803 0.024930685758590698 -0.09646877646446228 -121.98764038085938 -0.02646845392882824 0.9995518922805786 -0.01408817246556282 48.648223876953125 0.09607010334730148 0.016573742032051086 0.995236873626709 -407.8928527832031
* 0.9962372779846191 0.025093302130699158 -0.08293016254901886 -125.5389404296875 -0.028014838695526123 0.9990459680557251 -0.03354594111442566 46.36400604248047 0.08200503885746002 0.03574534133076668 0.9959909319877625 -409.2935791015625
* 0.9948520660400391 0.01452601607888937 -0.10027051717042923 -127.78321838378906 -0.0160585455596447 0.9997757077217102 -0.01391279324889183 42.10540771484375 0.10004177689552307 0.015453762374818325 0.9948633909225464 -407.1330261230469
* 0.9957582950592041 0.022851333022117615 -0.08910101652145386 -131.3759307861328 -0.026469070464372635 0.9988909363746643 -0.03897518292069435 38.47666931152344 0.08810737729072571 0.04117066413164139 0.9952598214149475 -408.9254455566406
* 0.9968940019607544 0.015510417520999908 -0.0771850049495697 -135.79026794433594 -0.01629549264907837 0.999829888343811 -0.008797225542366505 35.512794494628906 0.07703124731779099 0.01003006100654602 0.996978223323822 -409.7817687988281
* 0.9968445897102356 0.01610882207751274 -0.07769906520843506 -139.09071350097656 -0.017008120194077492 0.9998049139976501 -0.010175872594118118 32.42445755004883 0.07751578837633133 0.011467674747109413 0.9969251751899719 -410.0882568359375
* 0.9973021745681763 0.012210250832140446 -0.07235397398471832 -141.11656188964844 -0.013260063715279102 0.9998257756233215 -0.01324098277837038 29.3282413482666 0.07217548042535782 0.014167075976729393 0.9972913861274719 -410.17205810546875
* 0.9979251027107239 0.014448835514485836 -0.0627097561955452 -143.2051544189453 -0.014761455357074738 0.9998859763145447 -0.003596194786950946 29.65332794189453 0.06264642626047134 0.00451680226251483 0.99802565574646 -409.62518310546875
* 0.9977536201477051 0.01919052004814148 -0.0641510933637619 -145.3512725830078 -0.020895935595035553 0.9994677901268005 -0.02510584145784378 33.13676071166992 0.06363093852996826 0.026392318308353424 0.9976245760917664 -411.64483642578125
* 0.9972869157791138 0.018609829246997833 -0.07119221240282059 -145.24139404296875 -0.02084847167134285 0.9993336200714111 -0.030008487403392792 37.39404296875 0.07058210670948029 0.03141370788216591 0.9970113039016724 -410.8453674316406
* 0.9985687136650085 0.021959640085697174 -0.04872483015060425 -145.6251983642578 -0.024814078584313393 0.9980358481407166 -0.05754610151052475 41.62702941894531 0.04736119508743286 0.058675192296504974 0.9971531629562378 -413.3316650390625
* 0.9982994794845581 0.009724942035973072 -0.057440344244241714 -144.26153564453125 -0.011612389236688614 0.9994345903396606 -0.03159905970096588 46.448211669921875 0.05709637701511383 0.032214779406785965 0.9978488683700562 -412.31658935546875
* 0.9970541596412659 0.011157095432281494 -0.07585767656564713 -142.77297973632813 -0.012605835683643818 0.9997621178627014 -0.01787717640399933 50.96173858642578 0.07563600689172745 0.018783176317811012 0.9969587326049805 -411.1057434082031
* 0.997239887714386 0.013986852020025253 -0.07288946211338043 -141.8552703857422 -0.016617489978671074 0.9992573261260986 -0.03480634093284607 53.60261917114258 0.07234431803226471 0.035923928022384644 0.996732771396637 -410.27056884765625
* 0.996467113494873 0.02721993438899517 -0.07942479848861694 -141.0827178955078 -0.03347346931695938 0.9964128136634827 -0.07774369418621063 54.26743698120117 0.07701949030160904 0.08013006299734116 0.9938046932220459 -408.8831481933594
* 0.9967953562736511 0.021622365340590477 -0.07698951661586761 -141.2357940673828 -0.026162784546613693 0.997992992401123 -0.0576939657330513 55.144981384277344 0.0755833089351654 0.059525758028030396 0.9953614473342896 -410.5708923339844
* 0.9968568682670593 0.0197199285030365 -0.07670484483242035 -140.29571533203125 -0.02145601063966751 0.9995483160018921 -0.021112360060214996 54.66046905517578 0.07624968141317368 0.02269417978823185 0.9968306422233582 -409.128173828125
* 0.9975740909576416 0.0216536745429039 -0.06612987816333771 -140.33111572265625 -0.024415170773863792 0.9988888502120972 -0.04034767299890518 53.609779357910156 0.0651785284280777 0.04186677187681198 0.9969951510429382 -410.4465637207031
* 0.997505784034729 0.01673290878534317 -0.06854470819234848 -138.9687042236328 -0.01883656531572342 0.9993945360183716 -0.029304781928658485 52.77448654174805 0.068008653819561 0.03052525408565998 0.9972177743911743 -409.67913818359375
* 0.9964545369148254 0.020254170522093773 -0.08163535594940186 -137.84002685546875 -0.024228155612945557 0.9985899925231934 -0.04726559296250343 51.82686996459961 0.08055873215198517 0.04907829686999321 0.9955410361289978 -410.48175048828125
* 0.9966297745704651 0.017830584198236465 -0.08004720509052277 -136.923583984375 -0.020304488018155098 0.9993610382080078 -0.029467185959219933 50.47038269042969 0.07946646213531494 0.030995598062872887 0.9963557720184326 -409.09564208984375
* 0.996718168258667 0.017920175567269325 -0.0789186954498291 -136.3584442138672 -0.020567240193486214 0.9992741346359253 -0.032114896923303604 49.0516242980957 0.0782817155122757 0.03363504633307457 0.9963639378547668 -411.17633056640625
* 0.997599720954895 0.015089490450918674 -0.06755291670560837 -134.69613647460938 -0.017590409144759178 0.9992088079452515 -0.035712894052267075 48.136146545410156 0.06695639342069626 0.03681787848472595 0.9970765113830566 -411.5249328613281
* 0.99671471118927 0.01799766533076763 -0.07894528657197952 -133.8534698486328 -0.019898323342204094 0.9995477795600891 -0.022614140063524246 47.179012298583984 0.07849839329719543 0.0241131242364645 0.9966228008270264 -409.9937438964844
* 0.997790515422821 0.020862212404608727 -0.06305072456598282 -134.73556518554688 -0.023784823715686798 0.998704195022583 -0.045026421546936035 48.12034606933594 0.062025461345911026 0.04642897844314575 0.9969943165779114 -412.73095703125
* 0.9972633719444275 0.010371530428528786 -0.0731765553355217 -133.340576171875 -0.012038127519190311 0.9996963143348694 -0.02157321199774742 48.99752426147461 0.07292638719081879 0.022397514432668686 0.9970859885215759 -411.2430419921875
* 0.9956239461898804 0.020519966259598732 -0.09115090221166611 -132.28330993652344 -0.023497454822063446 0.9992425441741943 -0.03106992319226265 48.773284912109375 0.09044008702039719 0.03307816758751869 0.9953526258468628 -409.1678771972656
* 0.9973137378692627 0.014127478934824467 -0.07184915989637375 -133.4916229248047 -0.015901798382401466 0.9996020197868347 -0.023369992151856422 49.31884765625 0.07148619741201401 0.02445213869214058 0.9971420764923096 -411.8693542480469
* 0.9958940148353577 0.0219951793551445 -0.0877944827079773 -132.2860107421875 -0.025214320048689842 0.9990687966346741 -0.035058822482824326 49.31486511230469 0.08693738281726837 0.03713091462850571 0.9955218434333801 -410.6894226074219
* 0.9964113831520081 0.025276746600866318 -0.08075939863920212 -132.424560546875 -0.029266899451613426 0.9984259605407715 -0.047880206257104874 52.026573181152344 0.07941778749227524 0.05007431283593178 0.9955832362174988 -412.1534118652344
* 0.9970603585243225 0.018125489354133606 -0.07442226260900497 -131.50660705566406 -0.020576592534780502 0.9992932081222534 -0.03151344880461693 55.661170959472656 0.07379425317049026 0.03295455127954483 0.9967291355133057 -412.3347473144531
* 0.9958153367042542 0.0182017982006073 -0.08953848481178284 -128.8748321533203 -0.021729886531829834 0.999045729637146 -0.03793227672576904 56.82672119140625 0.08875840157270432 0.03972158581018448 0.9952610731124878 -410.3039245605469
* 0.994774580001831 0.022667057812213898 -0.09953025728464127 -128.50022888183594 -0.026204746216535568 0.9990869760513306 -0.033792052417993546 57.455299377441406 0.09866920113563538 0.036226000636816025 0.9944609999656677 -408.48931884765625
* 0.9967968463897705 0.02156652696430683 -0.07699079811573029 -129.73199462890625 -0.024977577850222588 0.9987708330154419 -0.04285479709506035 59.454463958740234 0.0759676918387413 0.04464292526245117 0.9961107969284058 -411.2058410644531
* 0.9957853555679321 0.02144191600382328 -0.08915426582098007 -128.55320739746094 -0.02476388029754162 0.999058723449707 -0.035664599388837814 59.15556335449219 0.0883013904094696 0.03772444650530815 0.995379626750946 -409.3919677734375
* 0.9959788918495178 0.024529168382287025 -0.08614595234394073 -130.345947265625 -0.027767127379775047 0.9989710450172424 -0.035909008234739304 57.274566650390625 0.08517224341630936 0.038159001618623734 0.9956356883049011 -411.77081298828125
* 0.9961154460906982 0.019157052040100098 -0.08592952787876129 -130.1540069580078 -0.021305236965417862 0.9994992613792419 -0.02347106859087944 55.56582260131836 0.08543263375759125 0.025213021785020828 0.9960252642631531 -409.2065734863281
* 0.996764600276947 0.013785750605165958 -0.07916446030139923 -130.08949279785156 -0.015309699811041355 0.9997236728668213 -0.01793827675282955 56.65666961669922 0.0788910761475563 0.01909463293850422 0.9967007040977478 -411.3780517578125
* 0.9952579736709595 0.024279940873384476 -0.09417466074228287 -128.84854125976563 -0.02773982658982277 0.9990046620368958 -0.03498115390539169 56.481651306152344 0.09322734922170639 0.03743003308773041 0.9949413537979126 -409.99383544921875
* 0.9956568479537964 0.022472165524959564 -0.0903293713927269 -127.70236206054688 -0.02630522847175598 0.9988219738006592 -0.04081849008798599 54.424888610839844 0.0893014520406723 0.04301971569657326 0.9950754642486572 -411.0647888183594
* 0.9962530732154846 0.018334580585360527 -0.08450240641832352 -125.7054672241211 -0.020925942808389664 0.9993565678596497 -0.029189687222242355 52.064720153808594 0.08390865474939346 0.03085099346935749 0.9959961175918579 -410.1478271484375
* 0.995834469795227 0.022414667531847954 -0.08836361765861511 -125.4801254272461 -0.026921046897768974 0.9984142184257507 -0.04947325959801674 51.16471862792969 0.08711036294698715 0.051648396998643875 0.9948591589927673 -409.6506042480469
* 0.9965624809265137 0.023877307772636414 -0.07930932939052582 -126.92919158935547 -0.02750551328063011 0.998644232749939 -0.044229909777641296 51.06868362426758 0.07814151793718338 0.046261683106422424 0.9958686232566833 -412.2531433105469
* 0.9945865273475647 0.023802485316991806 -0.10113375633955002 -127.38457489013672 -0.026769015938043594 0.9992648959159851 -0.027497662231326103 50.444732666015625 0.10040070861577988 0.030058423057198524 0.9944931864738464 -409.8197021484375
* 0.9936286211013794 0.017732039093971252 -0.11128675937652588 -130.26177978515625 -0.01957951858639717 0.999697208404541 -0.015005333349108696 51.31138610839844 0.11098282039165497 0.017091065645217896 0.9936755895614624 -409.4756164550781
* 0.9962180256843567 0.01516150776296854 -0.0855385884642601 -133.37449645996094 -0.017528975382447243 0.9995015859603882 -0.026309797540307045 51.629058837890625 0.08509289473295212 0.027712104842066765 0.9959878325462341 -410.3488464355469
* 0.9965280890464783 0.0191939827054739 -0.08099661022424698 -134.65948486328125 -0.022798532620072365 0.9988125562667847 -0.043087974190711975 50.681007385253906 0.08006920665502548 0.044787369668483734 0.9957828521728516 -411.406005859375
* 0.9966506958007813 0.024953780695796013 -0.07785750180482864 -136.5468292236328 -0.027901722118258476 0.9989545941352844 -0.03625042364001274 49.82106018066406 0.07686729729175568 0.038303736597299576 0.996305525302887 -412.3207092285156
* 0.9968214631080627 0.022406311705708504 -0.07643264532089233 -138.0099334716797 -0.02604701928794384 0.9985939860343933 -0.046200305223464966 50.2543830871582 0.07528577744960785 0.04804668202996254 0.996004045009613 -411.63653564453125
* 0.9959481358528137 0.023495184257626534 -0.08678890019655228 -136.7252655029297 -0.026980286464095116 0.9988947510719299 -0.03852491453289986 50.03357696533203 0.08578361570835114 0.040712784975767136 0.9954819083213806 -409.2900085449219
* 0.9955817461013794 0.031386736780405045 -0.08848048746585846 -136.80564880371094 -0.036858852952718735 0.9975051283836365 -0.06023215129971504 49.968238830566406 0.08636501431465149 0.06322966516017914 0.9942554235458374 -409.7473449707031
* 0.996552050113678 0.013827146030962467 -0.08179055154323578 -137.2481689453125 -0.015911780297756195 0.9995825290679932 -0.024175656959414482 51.505313873291016 0.08141793310642242 0.025396140292286873 0.996356725692749 -411.0147705078125
* 0.9964210391044617 0.0237532090395689 -0.08110466599464417 -135.36322021484375 -0.02845793589949608 0.9979914426803589 -0.05662284046411514 53.51308059692383 0.07959259301424026 0.058730632066726685 0.9950962066650391 -411.1727294921875
* 0.9969671368598938 0.016900571063160896 -0.07594652473926544 -133.38038635253906 -0.019556337967514992 0.9992457628250122 -0.0335891991853714 56.030635833740234 0.0753173753619194 0.03497495502233505 0.9965463876724243 -411.6311340332031
* 0.9946828484535217 0.019449403509497643 -0.10111691057682037 -129.79661560058594 -0.023725897073745728 0.9988917708396912 -0.04068249091506004 57.08226013183594 0.10020942240953445 0.042867645621299744 0.9940428137779236 -410.1438903808594
* 0.9952121376991272 0.025997178629040718 -0.09420107305049896 -125.90493774414063 -0.030279072001576424 0.9985876679420471 -0.04368772357702255 56.995513916015625 0.09292807430028915 0.046333227306604385 0.9945945143699646 -408.7596740722656
* 0.9971405267715454 0.020680265501141548 -0.0726633071899414 -125.44628143310547 -0.022577868774533272 0.9994441866874695 -0.024584198370575905 57.0377082824707 0.07211032509803772 0.026156838983297348 0.9970539808273315 -410.792236328125
* 0.9948108792304993 0.02433781325817108 -0.09877227246761322 -123.05565643310547 -0.027459291741251945 0.9991808533668518 -0.02977319434285164 57.73328399658203 0.09796257317066193 0.03233324736356735 0.9946650862693787 -409.80926513671875
* 0.9951386451721191 0.023912420496344566 -0.0955202579498291 -121.55326080322266 -0.02855861186981201 0.998490035533905 -0.046956587582826614 59.85514450073242 0.09424901008605957 0.0494585819542408 0.99431973695755 -409.9300231933594
* 0.9938713312149048 0.021980682387948036 -0.10832108557224274 -118.48457336425781 -0.025675611570477486 0.9991500973701477 -0.032293789088726044 60.06955337524414 0.10751502215862274 0.034879427403211594 0.993591845035553 -407.70928955078125
* 0.996529757976532 0.01977352797985077 -0.08083442598581314 -116.0389175415039 -0.02173888310790062 0.9995055794715881 -0.022781571373343468 60.80155944824219 0.08033981919288635 0.024462122470140457 0.9964677095413208 -410.31884765625
* 0.9945264458656311 0.029170135036110878 -0.10031456500291824 -115.75779724121094 -0.03317464515566826 0.9987322688102722 -0.03789839148521423 61.11306381225586 0.09907771646976471 0.04102117568254471 0.9942342042922974 -409.25408935546875
* 0.9948094487190247 0.02941945753991604 -0.0973929762840271 -115.7656478881836 -0.03520991653203964 0.9977161288261414 -0.057670958340168 61.61845397949219 0.09546970576047897 0.06080314889550209 0.9935739636421204 -409.8135986328125
* 0.9954913258552551 0.033722370862960815 -0.08863785117864609 -116.05693054199219 -0.037201620638370514 0.998615562915802 -0.03723064810037613 62.5479621887207 0.08725543320178986 0.04036256670951843 0.9953683018684387 -409.59716796875
