#
#
#
#
#
#
#
#
#
#
#
#
#
#
#
#
#
#
#
#
#
#
#
#
#
#
#
#
#
#
#
#
#
#
#
#
#
#
#
#
#
#
#
#
#
#
#
#
#
#
#
#
#
#
#
#
#
#
#
#
#
#
#
#
#
#
#
#
#
#
#
#
#
#
#
#
#
#
#
#
#
#
#
#
#
#
#
#
#
#
#
#
#
#
#
#
#
#
#
#
#
#
#
#
#
#
#
#
#
#
#
#
#
#
#
#
#
#
#
#
#
#
#
#
#
#
#
#
#
#
#
#
#
#
#
#
#
#
#
#
#
#
#
#
#
#
#
#
#
#
#
#
#
#
#
#
#
#
#
#
#
#
#
#
#
#
#
#
#
#
#
#
#
#
#
#
#
#
#
#
#
#
#
#
#
#
#
#
#
#
#
#
#
#
#
#
#
#
#
#
#
#
#
#
#
#
#
#
#
#
#
#
#
#
#
#
#
#
#
#
#
#
#
#
#
#
#
#
#
#
#
#
#
#
#
#
#
#
#
#
#
#
#
#
#
#
#
#
#
#
#
#
#
#
#
#
#
#
#
#
#
#
#
#
#
#
#
#
#
#
#
#
#
#
#
#
#
#
#
#
#
#
#
#
#
#
#
#
#
#
#
#
#
#
#
#
#
#
#
#
#
#
#
#
#
#
#
#
#
#
#
#
#
#
#
#
#
#
#
#
#
#
#
#
#
#
#
#
#
#
#
#
#
#
#
#
#
#
#
#
#
#
#
#
#
#
#
#
#
#
#
#
#
#
#
#
#
#
#
#
#
#
#
#
#
#
#
#
#
#
#
#
#
#
#
#
#
#
#
#
#
#
#
#
#
#
#
#
#
#
#
#
#
#
#
#
#
#
#
#
#
#
#
#
#
#
#
#
#
#
#
#
#
#
#
#
#
#
#
#
#
#
#
#
#
#
#
#
#
#
#
#
#
#
#
#
#
#
#
#
#
#
#
#
#
#
#
#
#
#
#
#
#
#
#
#
#
#
#
#
#
#
#
#
#
#
#
#
#
#
#
#
#
#
#
#
#
#
#
#
#
#
#
#
#
#
#
#
#
#
#
#
#
#
#
#
#
#
#
#
#
#
#
#
#
#
#
#
#
#
#
#
#
#
#
#
#
#
#
#
#
#
#
#
#
#
#
#
#
#
#
#
#
#
#
#
#
#
#
#
#
#
#
#
#
#
#
#
#
#
#
#
#
#
#
#
#
#
#
#
#
#
#
#
#
#
#
#
#
#
#
#
#
#
#
#
#
#
#
#
#
#
#
#
#
#
#
#
#
#
#
#
#
#
#
#
#
#
#
#
#
#
#
#
#
#
#
#
#
#
#
#
#
#
#
#
#
#
#
#
#
#
#
#
*1 0.6680140495300293 0.21801353991031647 -0.7114971280097961 11.862116813659668
*1 0.6680140495300293 0.21801353991031647 -0.7114971280097961 11.862116813659668
*2 -0.24740369617938995 0.9667989015579224 0.06395695358514786 -168.71766662597656
*1 0.6680140495300293 0.21801353991031647 -0.7114971280097961 11.862116813659668
*2 -0.24740369617938995 0.9667989015579224 0.06395695358514786 -168.71766662597656
*3 0.7018182277679443 0.1333036869764328 0.6997724175453186 -1057.880126953125
*1 0.7110967040061951 0.20606142282485962 -0.6722209453582764 -0.12757761776447296
*1 0.7110967040061951 0.20606142282485962 -0.6722209453582764 -0.12757761776447296
*2 -0.25638994574546814 0.9662503004074097 0.024973874911665916 -157.12774658203125
*1 0.7110967040061951 0.20606142282485962 -0.6722209453582764 -0.12757761776447296
*2 -0.25638994574546814 0.9662503004074097 0.024973874911665916 -157.12774658203125
*3 0.6546799540519714 0.15459264814853668 0.7399293780326843 -1068.12841796875
*1 0.7388454675674438 0.18739934265613556 -0.6472940444946289 -6.62743616104126
*1 0.7388454675674438 0.18739934265613556 -0.6472940444946289 -6.62743616104126
*2 -0.25330492854118347 0.9673434495925903 -0.009075634181499481 -146.14537048339844
*1 0.7388454675674438 0.18739934265613556 -0.6472940444946289 -6.62743616104126
*2 -0.25330492854118347 0.9673434495925903 -0.009075634181499481 -146.14537048339844
*3 0.6244550347328186 0.1706690639257431 0.7621864676475525 -1065.9820556640625
*1 0.7496486306190491 0.18416473269462585 -0.6356973052024841 -10.738802909851074
*1 0.7496486306190491 0.18416473269462585 -0.6356973052024841 -10.738802909851074
*2 -0.2512168884277344 0.9678001999855042 -0.015873346477746964 -139.02218627929688
*1 0.7496486306190491 0.18416473269462585 -0.6356973052024841 -10.738802909851074
*2 -0.2512168884277344 0.9678001999855042 -0.015873346477746964 -139.02218627929688
*3 0.6123048067092896 0.17159812152385712 0.7717753052711487 -1063.2086181640625
*1 0.7511889934539795 0.1803031712770462 -0.6349855661392212 -13.881839752197266
*1 0.7511889934539795 0.1803031712770462 -0.6349855661392212 -13.881839752197266
*2 -0.24627241492271423 0.9690651893615723 -0.016177557408809662 -136.8682861328125
*1 0.7511889934539795 0.1803031712770462 -0.6349855661392212 -13.881839752197266
*2 -0.24627241492271423 0.9690651893615723 -0.016177557408809662 -136.8682861328125
*3 0.612425684928894 0.1685326248407364 0.7723547220230103 -1061.9322509765625
*1 0.7614519596099854 0.169107124209404 -0.6257750988006592 -15.863222122192383
*1 0.7614519596099854 0.169107124209404 -0.6257750988006592 -15.863222122192383
*2 -0.23258766531944275 0.9723641872406006 -0.020249318331480026 -137.61346435546875
*1 0.7614519596099854 0.169107124209404 -0.6257750988006592 -15.863222122192383
*2 -0.23258766531944275 0.9723641872406006 -0.020249318331480026 -137.61346435546875
*3 0.6050571799278259 0.16096726059913635 0.7797407507896423 -1065.4718017578125
*1 0.7677829265594482 0.162857785820961 -0.6196672320365906 -16.384899139404297
*1 0.7677829265594482 0.162857785820961 -0.6196672320365906 -16.384899139404297
*2 -0.2300424873828888 0.9727365374565125 -0.029380081221461296 -138.06004333496094
*1 0.7677829265594482 0.162857785820961 -0.6196672320365906 -16.384899139404297
*2 -0.2300424873828888 0.9727365374565125 -0.029380081221461296 -138.06004333496094
*3 0.5979883670806885 0.16510812938213348 0.7843146920204163 -1072.5947265625
*1 0.7887981534004211 0.16935978829860687 -0.5908599495887756 -17.24456024169922
*1 0.7887981534004211 0.16935978829860687 -0.5908599495887756 -17.24456024169922
*2 -0.22752965986728668 0.973456621170044 -0.02472914382815361 -137.25289916992188
*1 0.7887981534004211 0.16935978829860687 -0.5908599495887756 -17.24456024169922
*2 -0.22752965986728668 0.973456621170044 -0.02472914382815361 -137.25289916992188
*3 0.570988655090332 0.15394529700279236 0.8063951134681702 -1099.8751220703125
*1 0.7942360639572144 0.1628304272890091 -0.5853854417800903 -17.0718936920166
*1 0.7942360639572144 0.1628304272890091 -0.5853854417800903 -17.0718936920166
*2 -0.23576028645038605 0.9705281257629395 -0.04991363734006882 -129.8681182861328
*1 0.7942360639572144 0.1628304272890091 -0.5853854417800903 -17.0718936920166
*2 -0.23576028645038605 0.9705281257629395 -0.04991363734006882 -129.8681182861328
*3 0.560005784034729 0.1776546686887741 0.8092172741889954 -1098.2510986328125
*1 0.7980565428733826 0.1602833867073059 -0.5808749794960022 -18.179058074951172
*1 0.7980565428733826 0.1602833867073059 -0.5808749794960022 -18.179058074951172
*2 -0.22587038576602936 0.9732611775398254 -0.04176567494869232 -122.35745239257813
*1 0.7980565428733826 0.1602833867073059 -0.5808749794960022 -18.179058074951172
*2 -0.22587038576602936 0.9732611775398254 -0.04176567494869232 -122.35745239257813
*3 0.558648943901062 0.16453465819358826 0.8129206299781799 -1100.4014892578125
*1 0.7956891655921936 0.1449931263923645 -0.5880957245826721 -21.96082305908203
*1 0.7956891655921936 0.1449931263923645 -0.5880957245826721 -21.96082305908203
*2 -0.2140512615442276 0.9755880832672119 -0.049083162099123 -116.3386459350586
*1 0.7956891655921936 0.1449931263923645 -0.5880957245826721 -21.96082305908203
*2 -0.2140512615442276 0.9755880832672119 -0.049083162099123 -116.3386459350586
*3 0.5666226744651794 0.16493839025497437 0.8073006272315979 -1098.4219970703125
*1 0.7955610156059265 0.14841820299625397 -0.5874142050743103 -29.213167190551758
*1 0.7955610156059265 0.14841820299625397 -0.5874142050743103 -29.213167190551758
*2 -0.20732615888118744 0.9776885509490967 -0.033766210079193115 -112.80165100097656
*1 0.7955610156059265 0.14841820299625397 -0.5874142050743103 -29.213167190551758
*2 -0.20732615888118744 0.9776885509490967 -0.033766210079193115 -112.80165100097656
*3 0.5692968964576721 0.14865025877952576 0.8085817098617554 -1102.7191162109375
*1 0.7974764704704285 0.13897733390331268 -0.5871262550354004 -39.929649353027344
*1 0.7974764704704285 0.13897733390331268 -0.5871262550354004 -39.929649353027344
*2 -0.18994727730751038 0.9814578890800476 -0.025682751089334488 -109.33545684814453
*1 0.7974764704704285 0.13897733390331268 -0.5871262550354004 -39.929649353027344
*2 -0.18994727730751038 0.9814578890800476 -0.025682751089334488 -109.33545684814453
*3 0.5726707577705383 0.13200528919696808 0.8090878129005432 -1105.0703125
*1 0.8021292686462402 0.14728796482086182 -0.5787016153335571 -52.50859069824219
*1 0.8021292686462402 0.14728796482086182 -0.5787016153335571 -52.50859069824219
*2 -0.19236691296100616 0.9811769127845764 -0.016914598643779755 -107.70270538330078
*1 0.8021292686462402 0.14728796482086182 -0.5787016153335571 -52.50859069824219
*2 -0.19236691296100616 0.9811769127845764 -0.016914598643779755 -107.70270538330078
*3 0.5653176307678223 0.12489158660173416 0.8153638243675232 -1115.4388427734375
*1 0.8136267066001892 0.14115269482135773 -0.5639930963516235 -63.50856018066406
*1 0.8136267066001892 0.14115269482135773 -0.5639930963516235 -63.50856018066406
*2 -0.19196175038814545 0.9808984398841858 -0.03143592178821564 -108.05224609375
*1 0.8136267066001892 0.14115269482135773 -0.5639930963516235 -63.50856018066406
*2 -0.19196175038814545 0.9808984398841858 -0.03143592178821564 -108.05224609375
*3 0.5487829446792603 0.1338430494070053 0.8251808285713196 -1110.027099609375
*1 0.8241626620292664 0.13401736319065094 -0.5502689480781555 -73.72280883789063
*1 0.8241626620292664 0.13401736319065094 -0.5502689480781555 -73.72280883789063
*2 -0.19003233313560486 0.980709969997406 -0.04577088728547096 -111.51399993896484
*1 0.8241626620292664 0.13401736319065094 -0.5502689480781555 -73.72280883789063
*2 -0.19003233313560486 0.980709969997406 -0.04577088728547096 -111.51399993896484
*3 0.5335204005241394 0.14229239523410797 0.8337319493293762 -1114.6060791015625
*1 0.8291900753974915 0.12677223980426788 -0.5444018244743347 -82.912841796875
*1 0.8291900753974915 0.12677223980426788 -0.5444018244743347 -82.912841796875
*2 -0.17846891283988953 0.9830085635185242 -0.04292302206158638 -113.05992889404297
*1 0.8291900753974915 0.12677223980426788 -0.5444018244743347 -82.912841796875
*2 -0.17846891283988953 0.9830085635185242 -0.04292302206158638 -113.05992889404297
*3 0.5297105312347412 0.1327509880065918 0.8377255797386169 -1103.2529296875
*1 0.8339966535568237 0.12311793863773346 -0.5378588438034058 -92.11100769042969
*1 0.8339966535568237 0.12311793863773346 -0.5378588438034058 -92.11100769042969
*2 -0.1731133610010147 0.9839537739753723 -0.04319818690419197 -115.25675201416016
*1 0.8339966535568237 0.12311793863773346 -0.5378588438034058 -92.11100769042969
*2 -0.1731133610010147 0.9839537739753723 -0.04319818690419197 -115.25675201416016
*3 0.5239101052284241 0.12913855910301208 0.8419272899627686 -1109.092041015625
*1 0.8382293581962585 0.11987140774726868 -0.5319802761077881 -98.90879821777344
*1 0.8382293581962585 0.11987140774726868 -0.5319802761077881 -98.90879821777344
*2 -0.18146078288555145 0.9812593460083008 -0.06481771171092987 -117.6890869140625
*1 0.8382293581962585 0.11987140774726868 -0.5319802761077881 -98.90879821777344
*2 -0.18146078288555145 0.9812593460083008 -0.06481771171092987 -117.6890869140625
*3 0.5142412185668945 0.1508665382862091 0.8442721366882324 -1101.8148193359375
*1 0.8452050089836121 0.11641620099544525 -0.521609365940094 -104.2532730102539
*1 0.8452050089836121 0.11641620099544525 -0.521609365940094 -104.2532730102539
*2 -0.16635645925998688 0.984808623790741 -0.04976632818579674 -122.11947631835938
*1 0.8452050089836121 0.11641620099544525 -0.521609365940094 -104.2532730102539
*2 -0.16635645925998688 0.984808623790741 -0.04976632818579674 -122.11947631835938
*3 0.5078921318054199 0.12883669137954712 0.8517316579818726 -1105.082275390625
*1 0.8411989212036133 0.10954958945512772 -0.5295129418373108 -106.32596588134766
*1 0.8411989212036133 0.10954958945512772 -0.5295129418373108 -106.32596588134766
*2 -0.16236615180969238 0.9852456450462341 -0.054106179624795914 -126.71110534667969
*1 0.8411989212036133 0.10954958945512772 -0.5295129418373108 -106.32596588134766
*2 -0.16236615180969238 0.9852456450462341 -0.054106179624795914 -126.71110534667969
*3 0.5157732963562012 0.13148990273475647 0.8465744853019714 -1110.6455078125
*1 0.836883008480072 0.10147427767515182 -0.5378944873809814 -103.21602630615234
*1 0.836883008480072 0.10147427767515182 -0.5378944873809814 -103.21602630615234
*2 -0.16467323899269104 0.9838171601295471 -0.0706106573343277 -131.41363525390625
*1 0.836883008480072 0.10147427767515182 -0.5378944873809814 -103.21602630615234
*2 -0.16467323899269104 0.9838171601295471 -0.0706106573343277 -131.41363525390625
*3 0.522024929523468 0.14767056703567505 0.840049684047699 -1108.1666259765625
*1 0.8199355006217957 0.10116445273160934 -0.5634467005729675 -92.97901916503906
*1 0.8199355006217957 0.10116445273160934 -0.5634467005729675 -92.97901916503906
*2 -0.16011662781238556 0.9855045080184937 -0.05606260895729065 -140.71263122558594
*1 0.8199355006217957 0.10116445273160934 -0.5634467005729675 -92.97901916503906
*2 -0.16011662781238556 0.9855045080184937 -0.05606260895729065 -140.71263122558594
*3 0.5496078729629517 0.13618579506874084 0.8242478966712952 -1113.49609375
#
#
#
#
#
#
#
#
#
#
#
#
#
#
#
*1 0.6390325427055359 0.13662992417812347 -0.7569460272789001 341.5840148925781
*1 0.6390325427055359 0.13662992417812347 -0.7569460272789001 341.5840148925781
*2 -0.2158585488796234 0.9764060378074646 -0.005988345015794039 -178.24305725097656
*1 0.6390325427055359 0.13662992417812347 -0.7569460272789001 341.5840148925781
*2 -0.2158585488796234 0.9764060378074646 -0.005988345015794039 -178.24305725097656
*3 0.7382694482803345 0.1672181785106659 0.6534501910209656 -1135.650390625
*1 0.6715343594551086 0.16553641855716705 -0.7222444415092468 340.5167236328125
*1 0.6715343594551086 0.16553641855716705 -0.7222444415092468 340.5167236328125
*2 -0.2112819105386734 0.9770382642745972 0.027489138767123222 -180.18942260742188
*1 0.6715343594551086 0.16553641855716705 -0.7222444415092468 340.5167236328125
*2 -0.2112819105386734 0.9770382642745972 0.027489138767123222 -180.18942260742188
*3 0.7102118134498596 0.13413536548614502 0.6910918354988098 -1152.9654541015625
*1 0.650538444519043 0.12997794151306152 -0.7482667565345764 335.7615661621094
*1 0.650538444519043 0.12997794151306152 -0.7482667565345764 335.7615661621094
*2 -0.22212737798690796 0.9747269153594971 -0.02379886619746685 -181.33038330078125
*1 0.650538444519043 0.12997794151306152 -0.7482667565345764 335.7615661621094
*2 -0.22212737798690796 0.9747269153594971 -0.02379886619746685 -181.33038330078125
*3 0.7262634038925171 0.18169087171554565 0.6629712581634521 -1148.8040771484375
#
*1 0.6961155533790588 0.17117707431316376 -0.6970627903938293 336.0072937011719
*1 0.6961155533790588 0.17117707431316376 -0.6970627903938293 336.0072937011719
*2 -0.21183620393276215 0.9769411087036133 0.02888169139623642 -189.5222930908203
*1 0.6961155533790588 0.17117707431316376 -0.6970627903938293 336.0072937011719
*2 -0.21183620393276215 0.9769411087036133 0.02888169139623642 -189.5222930908203
*3 0.685990035533905 0.12684494256973267 0.7164910435676575 -1182.4205322265625
*1 0.6856227517127991 0.15564492344856262 -0.7109649181365967 332.51263427734375
*1 0.6856227517127991 0.15564492344856262 -0.7109649181365967 332.51263427734375
*2 -0.2129276543855667 0.9770885705947876 0.009080266579985619 -193.4009552001953
*1 0.6856227517127991 0.15564492344856262 -0.7109649181365967 332.51263427734375
*2 -0.2129276543855667 0.9770885705947876 0.009080266579985619 -193.4009552001953
*3 0.6961494088172913 0.1444493979215622 0.7032366394996643 -1179.17724609375
*1 0.6889533400535583 0.16501297056674957 -0.7056124210357666 336.8942565917969
*1 0.6889533400535583 0.16501297056674957 -0.7056124210357666 336.8942565917969
*2 -0.224272221326828 0.9745436906814575 0.0094445263966918 -200.29844665527344
*1 0.6889533400535583 0.16501297056674957 -0.7056124210357666 336.8942565917969
*2 -0.224272221326828 0.9745436906814575 0.0094445263966918 -200.29844665527344
*3 0.689275860786438 0.15103374421596527 0.7086034417152405 -1199.8516845703125
*1 0.6955490708351135 0.15605764091014862 -0.7011650800704956 334.26617431640625
*1 0.6955490708351135 0.15605764091014862 -0.7011650800704956 334.26617431640625
*2 -0.20799919962882996 0.9781194925308228 0.011886325664818287 -201.7303009033203
*1 0.6955490708351135 0.15605764091014862 -0.7011650800704956 334.26617431640625
*2 -0.20799919962882996 0.9781194925308228 0.011886325664818287 -201.7303009033203
*3 0.6877325177192688 0.13686387240886688 0.712968111038208 -1199.267578125
*1 0.670402467250824 0.12973716855049133 -0.7304133772850037 324.837890625
*1 0.670402467250824 0.12973716855049133 -0.7304133772850037 324.837890625
*2 -0.21089106798171997 0.9773785471916199 -0.019461100921034813 -200.25741577148438
*1 0.670402467250824 0.12973716855049133 -0.7304133772850037 324.837890625
*2 -0.21089106798171997 0.9773785471916199 -0.019461100921034813 -200.25741577148438
*3 0.7114284634590149 0.16638173162937164 0.6828014254570007 -1173.8778076171875
*1 0.666841447353363 0.14239799976348877 -0.731313943862915 323.64324951171875
*1 0.666841447353363 0.14239799976348877 -0.731313943862915 323.64324951171875
*2 -0.22521954774856567 0.9742529988288879 -0.01516327727586031 -204.45175170898438
*1 0.666841447353363 0.14239799976348877 -0.731313943862915 323.64324951171875
*2 -0.22521954774856567 0.9742529988288879 -0.01516327727586031 -204.45175170898438
*3 0.7103992104530334 0.17411521077156067 0.6819441914558411 -1176.0089111328125
*1 0.6916103363037109 0.15344446897506714 -0.7056236863136292 327.2611389160156
*1 0.6916103363037109 0.15344446897506714 -0.7056236863136292 327.2611389160156
*2 -0.20168593525886536 0.9793851971626282 0.015813086181879044 -211.73431396484375
*1 0.6916103363037109 0.15344446897506714 -0.7056236863136292 327.2611389160156
*2 -0.20168593525886536 0.9793851971626282 0.015813086181879044 -211.73431396484375
*3 0.6935548186302185 0.13066668808460236 0.7084764838218689 -1193.5438232421875
*1 0.6856300234794617 0.1479608714580536 -0.7125965356826782 326.9775390625
*1 0.6856300234794617 0.1479608714580536 -0.7125965356826782 326.9775390625
*2 -0.20095263421535492 0.9796066284179688 0.010565891861915588 -216.24488830566406
*1 0.6856300234794617 0.1479608714580536 -0.7125965356826782 326.9775390625
*2 -0.20095263421535492 0.9796066284179688 0.010565891861915588 -216.24488830566406
*3 0.6996797323226929 0.13524392247200012 0.7015613317489624 -1191.6695556640625
*1 0.7036921381950378 0.16665098071098328 -0.6905212998390198 331.1359558105469
*1 0.7036921381950378 0.16665098071098328 -0.6905212998390198 331.1359558105469
*2 -0.18618494272232056 0.9814211130142212 0.0476493313908577 -224.65020751953125
*1 0.7036921381950378 0.16665098071098328 -0.6905212998390198 331.1359558105469
*2 -0.18618494272232056 0.9814211130142212 0.0476493313908577 -224.65020751953125
*3 0.6856701970100403 0.09431655704975128 0.721797525882721 -1206.92529296875
#
*1 0.6808570027351379 0.15007099509239197 -0.71687912940979 322.26971435546875
*1 0.6808570027351379 0.15007099509239197 -0.71687912940979 322.26971435546875
*2 -0.21026284992694855 0.9776290059089661 0.004944400861859322 -224.10281372070313
*1 0.6808570027351379 0.15007099509239197 -0.71687912940979 322.26971435546875
*2 -0.21026284992694855 0.9776290059089661 0.004944400861859322 -224.10281372070313
*3 0.7015848755836487 0.14738331735134125 0.6971798539161682 -1188.49560546875
*1 0.6817301511764526 0.15200428664684296 -0.7156409025192261 320.6394958496094
*1 0.6817301511764526 0.15200428664684296 -0.7156409025192261 320.6394958496094
*2 -0.20359452068805695 0.9789522290229797 0.013970879837870598 -223.72117614746094
*1 0.6817301511764526 0.15200428664684296 -0.7156409025192261 320.6394958496094
*2 -0.20359452068805695 0.9789522290229797 0.013970879837870598 -223.72117614746094
*3 0.7027029991149902 0.13619288802146912 0.6983286142349243 -1188.4906005859375
*1 0.6844642758369446 0.1502246856689453 -0.7134033441543579 319.1270751953125
*1 0.6844642758369446 0.1502246856689453 -0.7134033441543579 319.1270751953125
*2 -0.18508052825927734 0.982284426689148 0.02925701066851616 -223.88465881347656
*1 0.6844642758369446 0.1502246856689453 -0.7134033441543579 319.1270751953125
*2 -0.18508052825927734 0.982284426689148 0.02925701066851616 -223.88465881347656
*3 0.7051615715026855 0.11202836036682129 0.7001426219940186 -1187.972900390625
*1 0.679089367389679 0.14709308743476868 -0.7191691994667053 315.9126281738281
*1 0.679089367389679 0.14709308743476868 -0.7191691994667053 315.9126281738281
*2 -0.19902415573596954 0.9799118041992188 0.012476587668061256 -223.60867309570313
*1 0.679089367389679 0.14709308743476868 -0.7191691994667053 315.9126281738281
*2 -0.19902415573596954 0.9799118041992188 0.012476587668061256 -223.60867309570313
*3 0.7065588235855103 0.134675994515419 0.6947228312492371 -1183.2745361328125
*1 0.6948622465133667 0.14889059960842133 -0.7035632133483887 316.2466125488281
*1 0.6948622465133667 0.14889059960842133 -0.7035632133483887 316.2466125488281
*2 -0.1988314390182495 0.9799686670303345 0.010997431352734566 -225.10047912597656
*1 0.6948622465133667 0.14889059960842133 -0.7035632133483887 316.2466125488281
*2 -0.1988314390182495 0.9799686670303345 0.010997431352734566 -225.10047912597656
*3 0.6911085247993469 0.13226546347141266 0.7105475068092346 -1194.328369140625
*1 0.7008122205734253 0.16825997829437256 -0.6932200789451599 313.7012634277344
*1 0.7008122205734253 0.16825997829437256 -0.6932200789451599 313.7012634277344
*2 -0.20393824577331543 0.9784795641899109 0.03131221607327461 -225.4274444580078
*1 0.7008122205734253 0.16825997829437256 -0.6932200789451599 313.7012634277344
*2 -0.20393824577331543 0.9784795641899109 0.03131221607327461 -225.4274444580078
*3 0.6835713386535645 0.11944679915904999 0.7200455665588379 -1197.5352783203125
*1 0.6941574215888977 0.16063566505908966 -0.7016729116439819 310.8326110839844
*1 0.6941574215888977 0.16063566505908966 -0.7016729116439819 310.8326110839844
*2 -0.19037173688411713 0.9810395240783691 0.03624440357089043 -226.3876190185547
*1 0.6941574215888977 0.16063566505908966 -0.7016729116439819 310.8326110839844
*2 -0.19037173688411713 0.9810395240783691 0.03624440357089043 -226.3876190185547
*3 0.6941922307014465 0.10843604058027267 0.7115768790245056 -1201.934814453125
*1 0.7002817392349243 0.16725002229213715 -0.6940000653266907 306.0598449707031
*1 0.7002817392349243 0.16725002229213715 -0.6940000653266907 306.0598449707031
*2 -0.18943096697330475 0.980849027633667 0.045218586921691895 -226.42425537109375
*1 0.7002817392349243 0.16725002229213715 -0.6940000653266907 306.0598449707031
*2 -0.18943096697330475 0.980849027633667 0.045218586921691895 -226.42425537109375
*3 0.6882733106613159 0.09981600940227509 0.7185537219047546 -1199.9949951171875
*1 0.6934869885444641 0.14845500886440277 -0.705010712146759 300.8958435058594
*1 0.6934869885444641 0.14845500886440277 -0.705010712146759 300.8958435058594
*2 -0.18832486867904663 0.981868326663971 0.021492071449756622 -224.93826293945313
*1 0.6934869885444641 0.14845500886440277 -0.705010712146759 300.8958435058594
*2 -0.18832486867904663 0.981868326663971 0.021492071449756622 -224.93826293945313
*3 0.6954194903373718 0.11788324266672134 0.7088709473609924 -1194.651123046875
*1 0.6805656552314758 0.15354906022548676 -0.7164190411567688 296.72357177734375
*1 0.6805656552314758 0.15354906022548676 -0.7164190411567688 296.72357177734375
*2 -0.20272766053676605 0.9790799021720886 0.01724831387400627 -223.6576385498047
*1 0.6805656552314758 0.15354906022548676 -0.7164190411567688 296.72357177734375
*2 -0.20272766053676605 0.9790799021720886 0.01724831387400627 -223.6576385498047
*3 0.7040809988975525 0.13351602852344513 0.697456955909729 -1190.674560546875
*1 0.687576949596405 0.16208210587501526 -0.7077926993370056 293.880126953125
*1 0.687576949596405 0.16208210587501526 -0.7077926993370056 293.880126953125
*2 -0.1909879744052887 0.9808117747306824 0.03905497118830681 -223.20938110351563
*1 0.687576949596405 0.16208210587501526 -0.7077926993370056 293.880126953125
*2 -0.1909879744052887 0.9808117747306824 0.03905497118830681 -223.20938110351563
*3 0.7005427479743958 0.10834325104951859 0.7053398489952087 -1191.66357421875
*1 0.6939716935157776 0.1491471379995346 -0.704387366771698 290.1376953125
*1 0.6939716935157776 0.1491471379995346 -0.704387366771698 290.1376953125
*2 -0.1924542337656021 0.9811352491378784 0.018122712150216103 -222.7716522216797
*1 0.6939716935157776 0.1491471379995346 -0.704387366771698 290.1376953125
*2 -0.1924542337656021 0.9811352491378784 0.018122712150216103 -222.7716522216797
*3 0.6938034296035767 0.12300235033035278 0.7095842957496643 -1188.8411865234375
#
*1 0.6963003873825073 0.16129443049430847 -0.6995738744735718 284.0513610839844
*1 0.6963003873825073 0.16129443049430847 -0.6995738744735718 284.0513610839844
*2 -0.1928497701883316 0.9805671572685242 0.03357945382595062 -221.6184844970703
*1 0.6963003873825073 0.16129443049430847 -0.6995738744735718 284.0513610839844
*2 -0.1928497701883316 0.9805671572685242 0.03357945382595062 -221.6184844970703
*3 0.6913585662841797 0.1119224801659584 0.7137756943702698 -1195.7320556640625
*1 0.6891481876373291 0.14060933887958527 -0.7110257744789124 277.29571533203125
*1 0.6891481876373291 0.14060933887958527 -0.7110257744789124 277.29571533203125
*2 -0.18820133805274963 0.9819799661636353 0.011236712336540222 -218.55470275878906
*1 0.6891481876373291 0.14060933887958527 -0.7110257744789124 277.29571533203125
*2 -0.18820133805274963 0.9819799661636353 0.011236712336540222 -218.55470275878906
*3 0.6997567415237427 0.12646101415157318 0.7030840516090393 -1182.2235107421875
*1 0.6910485625267029 0.13781075179576874 -0.7097281217575073 277.0065002441406
*1 0.6910485625267029 0.13781075179576874 -0.7097281217575073 277.0065002441406
*2 -0.19634678959846497 0.9804472327232361 -0.001347471377812326 -220.607421875
*1 0.6910485625267029 0.13781075179576874 -0.7097281217575073 277.0065002441406
*2 -0.19634678959846497 0.9804472327232361 -0.001347471377812326 -220.607421875
*3 0.6956263184547424 0.14067113399505615 0.7044820189476013 -1193.729736328125
*1 0.7005554437637329 0.14478904008865356 -0.6989363431930542 273.5203552246094
*1 0.7005554437637329 0.14478904008865356 -0.6989363431930542 273.5203552246094
*2 -0.18860580027103424 0.981869637966156 0.013803512789309025 -219.99154663085938
*1 0.7005554437637329 0.14478904008865356 -0.6989363431930542 273.5203552246094
*2 -0.18860580027103424 0.981869637966156 0.013803512789309025 -219.99154663085938
*3 0.6882284283638 0.12254271656274796 0.7150553464889526 -1194.9932861328125
*1 0.6988601684570313 0.14409083127975464 -0.7007753252983093 269.98992919921875
*1 0.6988601684570313 0.14409083127975464 -0.7007753252983093 269.98992919921875
*2 -0.19832181930541992 0.9800453782081604 0.003180723637342453 -219.75765991210938
*1 0.6988601684570313 0.14409083127975464 -0.7007753252983093 269.98992919921875
*2 -0.19832181930541992 0.9800453782081604 0.003180723637342453 -219.75765991210938
*3 0.6872115135192871 0.13714401423931122 0.7133800387382507 -1195.2242431640625
*1 0.6936896443367004 0.13906869292259216 -0.7069005370140076 264.26702880859375
*1 0.6936896443367004 0.13906869292259216 -0.7069005370140076 264.26702880859375
*2 -0.19424764811992645 0.9808645248413086 0.0018002853030338883 -218.35488891601563
*1 0.6936896443367004 0.13906869292259216 -0.7069005370140076 264.26702880859375
*2 -0.19424764811992645 0.9808645248413086 0.0018002853030338883 -218.35488891601563
*3 0.6935862898826599 0.13645261526107788 0.7073174118995667 -1187.4580078125
*1 0.6987455487251282 0.15465854108333588 -0.6986338496208191 260.1705017089844
*1 0.6987455487251282 0.15465854108333588 -0.6986338496208191 260.1705017089844
*2 -0.18213628232479095 0.9825712442398071 0.034794725477695465 -219.71022033691406
*1 0.6987455487251282 0.15465854108333588 -0.6986338496208191 260.1705017089844
*2 -0.18213628232479095 0.9825712442398071 0.034794725477695465 -219.71022033691406
*3 0.691806435585022 0.10332565754652023 0.7146375775337219 -1193.1773681640625
*1 0.6987546682357788 0.1423158049583435 -0.7012431621551514 254.05014038085938
*1 0.6987546682357788 0.1423158049583435 -0.7012431621551514 254.05014038085938
*2 -0.18195931613445282 0.9830616116523743 0.01764427311718464 -219.93629455566406
*1 0.6987546682357788 0.1423158049583435 -0.7012431621551514 254.05014038085938
*2 -0.18195931613445282 0.9830616116523743 0.01764427311718464 -219.93629455566406
*3 0.6918439865112305 0.11565867811441422 0.7127090096473694 -1190.7603759765625
*1 0.6959892511367798 0.1503075361251831 -0.7023249864578247 248.42092895507813
*1 0.6959892511367798 0.1503075361251831 -0.7023249864578247 248.42092895507813
*2 -0.18955110013484955 0.9815453886985779 0.02167201042175293 -220.14691162109375
*1 0.6959892511367798 0.1503075361251831 -0.7023249864578247 248.42092895507813
*2 -0.18955110013484955 0.9815453886985779 0.02167201042175293 -220.14691162109375
*3 0.692585825920105 0.11843308806419373 0.7115318775177002 -1189.962646484375
*1 0.7044668197631836 0.15405569970607758 -0.6929985880851746 245.4781951904297
*1 0.7044668197631836 0.15405569970607758 -0.6929985880851746 245.4781951904297
*2 -0.1963527500629425 0.9802860617637634 0.017759503796696663 -221.24314880371094
*1 0.7044668197631836 0.15405569970607758 -0.6929985880851746 245.4781951904297
*2 -0.1963527500629425 0.9802860617637634 0.017759503796696663 -221.24314880371094
*3 0.6820361614227295 0.12395092844963074 0.7207232117652893 -1194.9609375
#
*1 0.6985003352165222 0.15372031927108765 -0.6989039182662964 237.90216064453125
*1 0.6985003352165222 0.15372031927108765 -0.6989039182662964 237.90216064453125
*2 -0.17563842236995697 0.9836068153381348 0.04079389572143555 -220.47052001953125
*1 0.6985003352165222 0.15372031927108765 -0.6989039182662964 237.90216064453125
*2 -0.17563842236995697 0.9836068153381348 0.04079389572143555 -220.47052001953125
*3 0.6937195062637329 0.09426744282245636 0.7140516638755798 -1189.0653076171875
*1 0.711283802986145 0.15217676758766174 -0.6862339377403259 236.46481323242188
*1 0.711283802986145 0.15217676758766174 -0.6862339377403259 236.46481323242188
*2 -0.172088161110878 0.9842711687088013 0.03988998383283615 -220.3121337890625
*1 0.711283802986145 0.15217676758766174 -0.6862339377403259 236.46481323242188
*2 -0.172088161110878 0.9842711687088013 0.03988998383283615 -220.3121337890625
*3 0.6815125942230225 0.08972721546888351 0.726286768913269 -1197.6029052734375
*1 0.7176274657249451 0.15027904510498047 -0.6800194382667542 234.3968963623047
*1 0.7176274657249451 0.15027904510498047 -0.6800194382667542 234.3968963623047
*2 -0.1746864765882492 0.9840646386146545 0.0331147201359272 -219.89892578125
*1 0.7176274657249451 0.15027904510498047 -0.6800194382667542 234.3968963623047
*2 -0.1746864765882492 0.9840646386146545 0.0331147201359272 -219.89892578125
*3 0.6741614937782288 0.09503377228975296 0.7324463129043579 -1202.6455078125
*1 0.7068032622337341 0.14908000826835632 -0.6915227174758911 229.40916442871094
*1 0.7068032622337341 0.14908000826835632 -0.6915227174758911 229.40916442871094
*2 -0.17972706258296967 0.9833076000213623 0.028276750817894936 -218.1870880126953
*1 0.7068032622337341 0.14908000826835632 -0.6915227174758911 229.40916442871094
*2 -0.17972706258296967 0.9833076000213623 0.028276750817894936 -218.1870880126953
*3 0.684196949005127 0.10430687665939331 0.7218014597892761 -1192.726318359375
*1 0.7078752517700195 0.14377395808696747 -0.6915497779846191 227.63255310058594
*1 0.7078752517700195 0.14377395808696747 -0.6915497779846191 227.63255310058594
*2 -0.18134568631649017 0.983237624168396 0.018781054764986038 -219.78321838378906
*1 0.7078752517700195 0.14377395808696747 -0.6915497779846191 227.63255310058594
*2 -0.18134568631649017 0.983237624168396 0.018781054764986038 -219.78321838378906
*3 0.6826598644256592 0.11212258040904999 0.7220850586891174 -1195.874755859375
*1 0.711405336856842 0.1462075561285019 -0.6874046921730042 224.0850372314453
*1 0.711405336856842 0.1462075561285019 -0.6874046921730042 224.0850372314453
*2 -0.1884494423866272 0.9819830656051636 0.013825321570038795 -218.4444580078125
*1 0.711405336856842 0.1462075561285019 -0.6874046921730042 224.0850372314453
*2 -0.1884494423866272 0.9819830656051636 0.013825321570038795 -218.4444580078125
*3 0.6770430207252502 0.11971329152584076 0.7261434197425842 -1191.468994140625
*1 0.7190352082252502 0.14832942187786102 -0.6789596080780029 222.9157257080078
*1 0.7190352082252502 0.14832942187786102 -0.6789596080780029 222.9157257080078
*2 -0.16825959086418152 0.9850456118583679 0.03699908033013344 -219.40594482421875
*1 0.7190352082252502 0.14832942187786102 -0.6789596080780029 222.9157257080078
*2 -0.16825959086418152 0.9850456118583679 0.03699908033013344 -219.40594482421875
*3 0.6742962598800659 0.08764538168907166 0.7332431674003601 -1197.576171875
*1 0.708117663860321 0.14401721954345703 -0.6912508606910706 218.65386962890625
*1 0.708117663860321 0.14401721954345703 -0.6912508606910706 218.65386962890625
*2 -0.17998868227005005 0.9834524393081665 0.020506443455815315 -218.80735778808594
*1 0.708117663860321 0.14401721954345703 -0.6912508606910706 218.65386962890625
*2 -0.17998868227005005 0.9834524393081665 0.020506443455815315 -218.80735778808594
*3 0.6827675700187683 0.10990400612354279 0.7223241925239563 -1190.4439697265625
*1 0.7065907716751099 0.13433261215686798 -0.6947543621063232 215.18722534179688
*1 0.7065907716751099 0.13433261215686798 -0.6947543621063232 215.18722534179688
*2 -0.1990484744310379 0.9799011945724487 -0.012981507927179337 -218.31886291503906
*1 0.7065907716751099 0.13433261215686798 -0.6947543621063232 215.18722534179688
*2 -0.1990484744310379 0.9799011945724487 -0.012981507927179337 -218.31886291503906
*3 0.6790485382080078 0.14747019112110138 0.7191302180290222 -1188.3846435546875
*1 0.7001928687095642 0.13622543215751648 -0.7008365988731384 212.10829162597656
*1 0.7001928687095642 0.13622543215751648 -0.7008365988731384 212.10829162597656
*2 -0.18749260902404785 0.9822569489479065 0.003597869537770748 -217.5080108642578
*1 0.7001928687095642 0.13622543215751648 -0.7008365988731384 212.10829162597656
*2 -0.18749260902404785 0.9822569489479065 0.003597869537770748 -217.5080108642578
*3 0.6888936161994934 0.12889020144939423 0.713313102722168 -1185.39501953125
*1 0.7136344313621521 0.13227000832557678 -0.6879171133041382 211.42611694335938
*1 0.7136344313621521 0.13227000832557678 -0.6879171133041382 211.42611694335938
*2 -0.18603429198265076 0.9825323224067688 -0.004080119542777538 -218.70062255859375
*1 0.7136344313621521 0.13227000832557678 -0.6879171133041382 211.42611694335938
*2 -0.18603429198265076 0.9825323224067688 -0.004080119542777538 -218.70062255859375
*3 0.6753629446029663 0.13089558482170105 0.7257782220840454 -1191.946044921875
*1 0.7008015513420105 0.1297178566455841 -0.7014626860618591 207.9769744873047
*1 0.7008015513420105 0.1297178566455841 -0.7014626860618591 207.9769744873047
*2 -0.18755146861076355 0.9822355508804321 -0.005743366666138172 -217.5810546875
*1 0.7008015513420105 0.1297178566455841 -0.7014626860618591 207.9769744873047
*2 -0.18755146861076355 0.9822355508804321 -0.005743366666138172 -217.5810546875
*3 0.6882584095001221 0.13559302687644958 0.7126834988594055 -1181.92431640625
*1 0.7070135474205017 0.1392108052968979 -0.6933625936508179 207.98023986816406
*1 0.7070135474205017 0.1392108052968979 -0.6933625936508179 207.98023986816406
*2 -0.18050386011600494 0.98348069190979 0.013393514789640903 -219.06158447265625
*1 0.7070135474205017 0.1392108052968979 -0.6933625936508179 207.98023986816406
*2 -0.18050386011600494 0.98348069190979 0.013393514789640903 -219.06158447265625
*3 0.6837750673294067 0.1156928688287735 0.7204650044441223 -1191.715576171875
*1 0.7227969169616699 0.14699320495128632 -0.675246000289917 207.6829071044922
*1 0.7227969169616699 0.14699320495128632 -0.675246000289917 207.6829071044922
*2 -0.17314928770065308 0.9844675064086914 0.028955873101949692 -220.6759796142578
*1 0.7227969169616699 0.14699320495128632 -0.675246000289917 207.6829071044922
*2 -0.17314928770065308 0.9844675064086914 0.028955873101949692 -220.6759796142578
*3 0.6690158247947693 0.09599673002958298 0.7370247840881348 -1202.7535400390625
*1 0.6948943138122559 0.1196378767490387 -0.7090896964073181 199.82325744628906
*1 0.6948943138122559 0.1196378767490387 -0.7090896964073181 199.82325744628906
*2 -0.18270573019981384 0.983076810836792 -0.013191375881433487 -214.6317901611328
*1 0.6948943138122559 0.1196378767490387 -0.7090896964073181 199.82325744628906
*2 -0.18270573019981384 0.983076810836792 -0.013191375881433487 -214.6317901611328
*3 0.6955132484436035 0.13872908055782318 0.7049955129623413 -1176.511962890625
*1 0.7137725353240967 0.139094740152359 -0.6864262819290161 200.13270568847656
*1 0.7137725353240967 0.139094740152359 -0.6864262819290161 200.13270568847656
*2 -0.17279121279716492 0.9847558736801147 0.019863450899720192 -217.5969696044922
*1 0.7137725353240967 0.139094740152359 -0.6864262819290161 200.13270568847656
*2 -0.17279121279716492 0.9847558736801147 0.019863450899720192 -217.5969696044922
*3 0.6787269115447998 0.10443805158138275 0.7269288301467896 -1199.6031494140625
*1 0.7127326726913452 0.13117338716983795 -0.6890611052513123 195.10372924804688
*1 0.7127326726913452 0.13117338716983795 -0.6890611052513123 195.10372924804688
*2 -0.18033795058727264 0.9836021661758423 7.020309567451477E-4 -216.24037170410156
*1 0.7127326726913452 0.13117338716983795 -0.6890611052513123 195.10372924804688
*2 -0.18033795058727264 0.9836021661758423 7.020309567451477E-4 -216.24037170410156
*3 0.6778557300567627 0.12377118319272995 0.7247035503387451 -1189.2457275390625
*1 0.7075639367103577 0.12196676433086395 -0.6960437297821045 192.5587615966797
*1 0.7075639367103577 0.12196676433086395 -0.6960437297821045 192.5587615966797
*2 -0.17889319360256195 0.9838205575942993 -0.009469048120081425 -215.7383270263672
*1 0.7075639367103577 0.12196676433086395 -0.6960437297821045 192.5587615966797
*2 -0.17889319360256195 0.9838205575942993 -0.009469048120081425 -215.7383270263672
*3 0.683629035949707 0.13122513890266418 0.7179374694824219 -1183.723388671875
*1 0.7265315055847168 0.13425090909004211 -0.6738902926445007 194.83689880371094
*1 0.7265315055847168 0.13425090909004211 -0.6738902926445007 194.83689880371094
*2 -0.1706112176179886 0.9852588176727295 0.012333735823631287 -216.90806579589844
*1 0.7265315055847168 0.13425090909004211 -0.6738902926445007 194.83689880371094
*2 -0.1706112176179886 0.9852588176727295 0.012333735823631287 -216.90806579589844
*3 0.6656139492988586 0.1060199961066246 0.7387291193008423 -1202.154052734375
*1 0.723893404006958 0.13651669025421143 -0.6762698888778687 195.02772521972656
*1 0.723893404006958 0.13651669025421143 -0.6762698888778687 195.02772521972656
*2 -0.17915774881839752 0.9837943315505981 0.006812910083681345 -214.49378967285156
*1 0.723893404006958 0.13651669025421143 -0.6762698888778687 195.02772521972656
*2 -0.17915774881839752 0.9837943315505981 0.006812910083681345 -214.49378967285156
*3 0.6662423014640808 0.11623480170965195 0.7366229891777039 -1200.0203857421875
*1 0.7114105820655823 0.11810079962015152 -0.6927818059921265 193.50112915039063
*1 0.7114105820655823 0.11810079962015152 -0.6927818059921265 193.50112915039063
*2 -0.17331385612487793 0.9848124980926514 -0.010098446160554886 -210.7316436767578
*1 0.7114105820655823 0.11810079962015152 -0.6927818059921265 193.50112915039063
*2 -0.17331385612487793 0.9848124980926514 -0.010098446160554886 -210.7316436767578
*3 0.6810693740844727 0.12726052105426788 0.7210769653320313 -1184.5621337890625
*1 0.717531681060791 0.12411117553710938 -0.6853789687156677 194.7181854248047
*1 0.717531681060791 0.12411117553710938 -0.6853789687156677 194.7181854248047
*2 -0.17255540192127228 0.9849947690963745 -0.002292144810780883 -210.73599243164063
*1 0.717531681060791 0.12411117553710938 -0.6853789687156677 194.7181854248047
*2 -0.17255540192127228 0.9849947690963745 -0.002292144810780883 -210.73599243164063
*3 0.6748119592666626 0.11991822719573975 0.7281835079193115 -1190.85107421875
*1 0.7174524068832397 0.13669538497924805 -0.6830636858940125 194.3526611328125
*1 0.7174524068832397 0.13669538497924805 -0.6830636858940125 194.3526611328125
*2 -0.1714412122964859 0.9850444793701172 0.017047077417373657 -209.30230712890625
