#
#
#
#
#
#
#
#
#
#
#
#
#
#
#
#
#
#
#
#
#
#
#
#
#
#
#
#
#
#
#
#
#
#
#
#
#
#
#
#
#
#
#
#
#
#
#
#
#
#
#
#
#
#
#
#
#
#
#
#
#
#
#
#
#
#
#
#
#
#
#
#
#
#
#
#
#
#
#
#
#
#
#
#
#
#
#
#
#
#
#
#
#
#
#
#
#
#
#
#
#
#
#
#
#
#
#
#
#
#
#
#
#
#
#
#
#
#
#
#
#
#
#
#
#
#
#
#
#
#
#
#
#
#
#
#
#
#
#
#
#
#
#
#
#
#
#
#
#
#
#
#
#
#
#
#
#
#
#
#
#
#
#
#
#
#
#
#
#
#
#
#
#
#
#
#
#
#
#
#
#
#
#
#
#
#
#
#
#
#
#
#
#
#
#
#
#
#
#
#
#
#
#
#
#
#
#
#
#
#
#
#
#
#
#
#
#
#
#
#
#
#
#
#
#
#
#
#
#
#
#
#
#
#
#
#
#
#
#
#
#
#
#
#
#
#
#
#
#
#
#
#
#
#
#
#
#
#
#
#
#
#
#
#
#
#
#
#
#
#
#
#
#
#
#
#
#
#
#
#
#
#
#
#
#
#
#
#
#
#
#
#
#
#
#
#
#
#
#
#
#
#
#
#
#
#
#
#
#
#
#
#
#
#
#
#
#
#
#
#
#
#
#
#
#
#
#
#
#
#
#
#
#
#
#
#
#
#
#
#
#
#
#
#
#
#
#
#
#
#
#
#
#
#
#
#
#
#
#
#
#
#
#
#
#
#
#
#
#
#
#
#
#
#
#
#
#
#
#
#
#
#
#
#
#
#
#
#
#
#
#
#
#
#
#
#
#
#
#
#
#
#
#
#
#
#
#
#
#
#
#
#
#
#
#
#
#
#
#
#
#
#
#
#
#
#
#
#
#
#
#
#
#
#
#
#
#
#
#
#
#
#
#
#
#
#
#
* 0.9998459219932556 -0.0133839575573802 0.01130178663879633 -250.24244689941406 0.013041412457823753 0.9995357394218445 0.027603110298514366 -94.87973022460938 -0.011669667437672615 -0.027450839057564735 0.9995551109313965 -569.2174072265625
* 0.9997524619102478 0.011302055791020393 0.019131742417812347 -241.91001892089844 -0.011725423857569695 0.9997174739837646 0.02076576091349125 -78.45075225830078 -0.018895348533988 -0.020984435454010963 0.9996012449264526 -569.6270751953125
* 0.9998419284820557 -9.672098094597459E-4 -0.017718065530061722 -231.4085235595703 7.71736609749496E-4 0.999955952167511 -0.009550901129841805 -62.860801696777344 0.017722757533192635 0.009536235593259335 0.9997974634170532 -563.1261596679688
* 0.9995585680007935 -0.009073561988770962 -0.028268709778785706 -225.36956787109375 0.009609819389879704 0.9997590184211731 0.01982862874865532 -50.315391540527344 0.028078211471438408 -0.020090946927666664 0.9994038343429565 -562.4828491210938
* 0.9997960329055786 -6.43938547000289E-4 -0.020156683400273323 -219.97378540039063 0.0010608580196276307 0.9997594952583313 0.021987322717905045 -41.09941864013672 0.02013392001390457 -0.022003693506121635 0.9995551109313965 -562.4105834960938
* 0.9991881251335144 0.0011305536609143019 -0.040256794542074203 -211.71798706054688 -0.001379383378662169 0.9999858140945435 -0.005500221624970436 -34.71038818359375 0.04024621844291687 0.005551774986088276 0.9991742968559265 -559.1619873046875
* 0.9965530037879944 0.00204662699252367 -0.08292502164840698 -197.97918701171875 -0.003406362608075142 0.9998689889907837 -0.015941515564918518 -31.093544006347656 0.08287769556045532 0.016169510781764984 0.9964284300804138 -556.7660522460938
* 0.9942599534988403 2.967705368064344E-4 -0.10698381066322327 -175.24057006835938 -9.830313501879573E-4 0.9999827146530151 -0.006116067990660667 -28.479333877563477 0.10697627067565918 0.0061866226606070995 0.9942421913146973 -563.8555908203125
#
#
* 0.9681074619293213 -0.012258346192538738 -0.24975183606147766 -41.72019577026367 0.02552219107747078 0.9995225071907043 0.028243616223335266 -33.4754638671875 0.24676711857318878 -0.03384038805961609 0.9685107469558716 -567.6165161132813
* 0.9616029858589172 -0.007114853709936142 -0.2739115059375763 -7.256303787231445 -0.003968234173953533 0.9984627962112427 -0.05958721041679382 -34.593475341796875 0.2714143991470337 0.058241620659828186 0.9607258439064026 -557.6154174804688
* 0.9728660583496094 0.02289964258670807 -0.22970782220363617 21.237096786499023 -0.005783126689493656 0.9988999366760254 0.05157172307372093 -35.86795425415039 0.22811123728752136 -0.04905633628368378 0.972425103187561 -563.293212890625
#
* 0.9877617955207825 0.025213439017534256 0.15391162037849426 64.90560150146484 -0.020261675119400024 0.9992170333862305 -0.03398660197854042 -29.18428611755371 -0.15465514361858368 0.030455488711595535 0.9874995350837708 -556.0252685546875
* 0.9940177202224731 0.012434885837137699 0.10849832743406296 74.95783233642578 -0.006956340279430151 0.9986646175384521 -0.051194239407777786 -29.85947608947754 -0.10899707674980164 0.05013665929436684 0.992777407169342 -554.3243408203125
* 0.9953715801239014 0.022491833195090294 0.09341973811388016 74.1801986694336 -0.02071257494390011 0.999575138092041 -0.020514916628599167 -32.16683578491211 -0.09384853392839432 0.018488317728042603 0.9954152703285217 -556.8800048828125
* 0.9987996816635132 0.02277446538209915 0.04333729296922684 67.45670318603516 -0.022348569706082344 0.9996846914291382 -0.011456241831183434 -30.494070053100586 -0.043591562658548355 0.010477264411747456 0.9989949464797974 -561.265869140625
* 0.9914597868919373 0.02524087391793728 0.12793710827827454 60.60346603393555 -0.02583668939769268 0.9996628761291504 0.0026007313281297684 -27.615015029907227 -0.1278354525566101 -0.005880733020603657 0.9917783737182617 -556.368408203125
* 0.9870848655700684 0.015014469623565674 0.15948572754859924 55.06440353393555 -0.004968331661075354 0.9979682564735413 -0.06352097541093826 -26.96463966369629 -0.16012249886989594 0.06191164255142212 0.9851540327072144 -551.1242065429688
* 0.997859537601471 0.023909417912364006 0.0608464851975441 50.37983322143555 -0.024679549038410187 0.9996339678764343 0.011097048409283161 -25.491451263427734 -0.060565970838069916 -0.012571676634252071 0.9980853796005249 -558.4793090820313
* 0.9915871620178223 0.02882443740963936 0.12618139386177063 44.27082824707031 -0.025717996060848236 0.9993158578872681 -0.026580380275845528 -24.071718215942383 -0.1268683820962906 0.023114927113056183 0.9916506409645081 -553.135498046875
* 0.9566322565078735 0.031816769391298294 -0.28955134749412537 34.72165298461914 0.0028720207046717405 0.9929177165031433 0.11876913160085678 -23.660913467407227 0.2912733852863312 -0.11444693803787231 0.9497696757316589 -554.349609375
* 0.972939133644104 0.025340663269162178 -0.22966279089450836 26.366294860839844 0.002418400486931205 0.9927699565887451 0.1200074851512909 -22.273265838623047 0.23103706538677216 -0.11731228232383728 0.9658470153808594 -558.6268310546875
* 0.9699097275733948 0.025420958176255226 -0.24212923645973206 19.525449752807617 -0.007341041229665279 0.9971194267272949 0.07549050450325012 -20.101388931274414 0.2433445006608963 -0.07143830507993698 0.9673058986663818 -557.600830078125
* 0.9677513241767883 0.02031591720879078 -0.25108206272125244 12.77760124206543 -0.0020333786960691214 0.9973252415657043 0.07306236028671265 -19.367263793945313 0.2518884837627411 -0.07019242644309998 0.9652076959609985 -555.7728271484375
* 0.9875628352165222 0.0189870223402977 -0.15606656670570374 3.9767282009124756 -0.008412709459662437 0.9976181983947754 0.06846189498901367 -17.14846420288086 0.15698809921741486 -0.06629422307014465 0.9853731989860535 -559.0530395507813
* 0.9857006072998047 0.01428891159594059 -0.16789217293262482 -8.584229469299316 -0.010869069024920464 0.9997081160545349 0.021573441103100777 -15.318994522094727 0.1681448221206665 -0.01943676359951496 0.9855709075927734 -558.4117431640625
* 0.9782402515411377 0.021633731201291084 -0.2063380777835846 -25.247909545898438 0.0023481384851038456 0.9933019280433655 0.11552312970161438 -16.809465408325195 0.20744876563549042 -0.1134907603263855 0.9716405272483826 -552.3762817382813
* 0.9799744486808777 0.022799108177423477 -0.197807177901268 -45.428531646728516 7.600750541314483E-4 0.9929571747779846 0.1184706762433052 -17.861356735229492 0.19910863041877747 -0.11624546349048615 0.9730586409568787 -553.6618041992188
* 0.9937163591384888 0.01050267368555069 -0.11142323911190033 -66.15702819824219 -0.004639677237719297 0.9985728859901428 0.05320345237851143 -13.887201309204102 0.11181629449129105 -0.052348848432302475 0.9923491477966309 -558.9093017578125
* 0.9893996715545654 0.013666762039065361 -0.1445651650428772 -85.66584777832031 -0.0025372884701937437 0.9970092177391052 0.0772414281964302 -10.022378921508789 0.145181804895401 -0.07605256885290146 0.986477792263031 -553.5421752929688
* 0.9961279034614563 -0.005623139441013336 -0.08772251754999161 -101.70878601074219 0.010154010728001595 0.9986021518707275 0.05187166482210159 -9.532150268554688 0.08730151504278183 -0.05255810543894768 0.9947945475578308 -556.8214111328125
* 0.9940826892852783 -0.0019477232126519084 -0.10859767347574234 -110.46845245361328 0.00814580824226141 0.9983336329460144 0.05712856724858284 -9.39639663696289 0.10829877108335495 -0.057671722024679184 0.9924441576004028 -554.0610961914063
* 0.9956125617027283 -0.003315974958240986 -0.09350018203258514 -115.31765747070313 0.010315384715795517 0.9971286058425903 0.07502195239067078 -8.768117904663086 0.09297624975442886 -0.07565389573574066 0.9927900433540344 -555.5994262695313
* 0.994534969329834 -0.0011764528462663293 -0.10438673943281174 -118.74125671386719 8.18776898086071E-4 0.999995231628418 -0.0029819849878549576 -9.402467727661133 0.10438306629657745 0.002883691107854247 0.9945330619812012 -555.0836181640625
* 0.9981539845466614 -0.0037518430035561323 -0.0606001652777195 -124.41212463378906 0.005880998447537422 0.9993404150009155 0.03583594784140587 -11.655210494995117 0.0604189969599247 -0.03612273558974266 0.997519314289093 -558.2390747070313
* 0.9962671399116516 0.004953826777637005 -0.0861707329750061 -127.33792877197266 -0.006669072434306145 0.9997965097427368 -0.01903732493519783 -14.296415328979492 0.08605214953422546 0.01954440400004387 0.9960989952087402 -554.9224243164063
* 0.9976370334625244 -0.0011886006686836481 -0.06868162006139755 -128.1560821533203 0.004041603766381741 0.999102771282196 0.04215726628899574 -14.617827415466309 0.06856317073106766 -0.04233178496360779 0.9967484474182129 -559.7820434570313
* 0.9983174800872803 0.0011421204544603825 -0.05795792117714882 -124.65140533447266 -1.3318222772795707E-4 0.9998326897621155 0.018286846578121185 -14.606860160827637 0.057962365448474884 -0.018244903534650803 0.9981521964073181 -558.9266967773438
* 0.9965668320655823 -0.006789831910282373 -0.08250218629837036 -120.09180450439453 0.007555460557341576 0.999925434589386 0.00958891399204731 -14.788677215576172 0.08242424577474594 -0.010175829753279686 0.9965455532073975 -557.1737670898438
* 0.9972068071365356 9.11605719011277E-4 -0.07467245310544968 -115.47354125976563 8.682900224812329E-4 0.9996998310089111 0.024481799453496933 -14.396380424499512 0.07466565072536469 -0.02447483129799366 0.99690842628479 -557.4476928710938
* 0.9968261122703552 0.0032619526609778404 -0.07953205704689026 -109.31217956542969 -0.0028600040823221207 0.9999790191650391 0.005807239096611738 -13.96502685546875 0.0795425996184349 -0.005557921249419451 0.9968161582946777 -556.6949462890625
* 0.9977478384971619 -0.005345433484762907 -0.06684976816177368 -103.57118225097656 0.007410260383039713 0.9994781017303467 0.03144119679927826 -14.542048454284668 0.06664010882377625 -0.03186230733990669 0.9972684383392334 -559.6431274414063
* 0.9916451573371887 0.0022513552103191614 -0.1289689689874649 -97.75140380859375 -0.0017223329050466418 0.9999879598617554 0.0046076783910393715 -15.936243057250977 0.1289711445569992 -0.00434362655505538 0.9916391968727112 -553.8911743164063
* 0.9949838519096375 0.0022436955478042364 -0.10000115633010864 -93.1753921508789 -1.7680460587143898E-4 0.9997756481170654 0.021181311458349228 -16.38041877746582 0.10001955926418304 -0.021053973585367203 0.9947630763053894 -555.2261352539063
* 0.9965514540672302 -0.0015285026747733355 -0.08295056968927383 -88.88093566894531 0.0018562478944659233 0.9999881982803345 0.004487247671931982 -16.862918853759766 0.08293601870536804 -0.004622293636202812 0.9965444803237915 -555.51416015625
* 0.9916666746139526 -0.004088007844984531 -0.12875699996948242 -86.54561614990234 0.008218210190534592 0.9994555115699768 0.031957730650901794 -17.714658737182617 0.12854965031147003 -0.03274614363908768 0.9911625981330872 -553.7628173828125
* 0.9885947108268738 0.010375997982919216 -0.1502356231212616 -82.44207763671875 -0.008141634054481983 0.9998418092727661 0.015817999839782715 -18.94800567626953 0.15036937594413757 -0.01441106479614973 0.9885250926017761 -551.0263061523438
* 0.9948036074638367 0.006338710431009531 -0.10160431265830994 -78.43736267089844 -0.0034705272410064936 0.999576985836029 0.028880594298243523 -18.861736297607422 0.10173770040273666 -0.028374522924423218 0.9944067597389221 -557.7554321289063
* 0.9914925694465637 0.0059760138392448425 -0.13001783192157745 -73.46026611328125 -0.0031798945274204016 0.9997509717941284 0.022093379870057106 -15.324196815490723 0.13011084496974945 -0.02148859202861786 0.9912669062614441 -553.4830322265625
* 0.9967695474624634 0.018614329397678375 -0.07811322063207626 -71.11941528320313 -0.01631047949194908 0.9993965029716492 0.030675489455461502 -11.862530708312988 0.07863028347492218 -0.029299061745405197 0.9964734315872192 -558.4312133789063
* 0.9910304546356201 0.007844360545277596 -0.1333971470594406 -71.23111724853516 6.859162822365761E-4 0.9979395866394043 0.06416051834821701 -15.903775215148926 0.13361896574497223 -0.0636732280254364 0.9889854788780212 -551.8881225585938
* 0.9925453662872314 0.010278947651386261 -0.12143205851316452 -73.9970932006836 -0.006482676602900028 0.9994659423828125 0.0320340171456337 -21.93999481201172 0.1216898038983345 -0.031004682183265686 0.9920840859413147 -554.042724609375
* 0.9934378266334534 0.011055891402065754 -0.11382783949375153 -74.00035858154297 -0.006529052276164293 0.9991579651832581 0.04051073640584946 -22.694665908813477 0.11417318135499954 -0.03949839994311333 0.9926756620407104 -555.3379516601563
* 0.9919751882553101 0.01382102258503437 -0.12566611170768738 -72.16041564941406 -0.009856651537120342 0.9994228482246399 0.032517433166503906 -23.673294067382813 0.12603633105754852 -0.031014544889330864 0.9915410280227661 -555.6673583984375
* 0.9933344721794128 0.014780933037400246 -0.11430609226226807 -70.21297454833984 -0.008695976808667183 0.9985037446022034 0.053992073982954025 -25.477039337158203 0.11492642760276794 -0.05263492092490196 0.9919788837432861 -555.1768188476563
* 0.9955362677574158 -0.0010230205953121185 -0.09436194598674774 -69.82694244384766 0.005534244701266289 0.9988275170326233 0.04809702932834625 -24.62311363220215 0.09419544041156769 -0.04840116202831268 0.9943768382072449 -557.328125
* 0.9912524223327637 0.013037973083555698 -0.13132469356060028 -70.72962951660156 -0.007914100773632526 0.9991745352745056 0.03984881937503815 -23.14217758178711 0.13172923028469086 -0.03845761716365814 0.9905399084091187 -553.0678100585938
* 0.9923057556152344 0.004573855549097061 -0.12371716648340225 -72.8584976196289 0.0029349280521273613 0.9981425404548645 0.060852572321891785 -23.713876724243164 0.12375912815332413 -0.06074413284659386 0.9904516935348511 -554.6259155273438
* 0.9906297922134399 0.009463751688599586 -0.1362375169992447 -73.3334732055664 6.699992227368057E-4 0.9972196221351624 0.07451675832271576 -24.314876556396484 0.13655738532543182 -0.07390653342008591 0.9878717660903931 -552.6890869140625
* 0.9921867251396179 9.797121165320277E-4 -0.1247483342885971 -73.63006591796875 0.0017071685288101435 0.9997601509094238 0.02183697745203972 -24.98682975769043 0.12473325431346893 -0.021875914186239243 0.9919493794441223 -555.1318969726563
* 0.9941673874855042 0.00377468834631145 -0.10777049511671066 -74.5206527709961 0.0028426244389265776 0.9980937242507935 0.061652835458517075 -25.5756893157959 0.10779117792844772 -0.06159626692533493 0.9922637939453125 -556.7064208984375
* 0.9920089840888977 0.003702427027747035 -0.12610310316085815 -74.2056655883789 0.002537627937272191 0.9987615346908569 0.04968982934951782 -24.905155181884766 0.12612435221672058 -0.04960941895842552 0.9907733798027039 -552.1539916992188
* 0.994313657283783 0.010423561558127403 -0.10596868395805359 -75.15911102294922 -0.005043835379183292 0.9986662268638611 0.05138639733195305 -24.232484817504883 0.10635636001825333 -0.050556398928165436 0.9930421113967896 -557.6093139648438
* 0.9946175217628479 0.007304368074983358 -0.10334471613168716 -76.10002136230469 -0.004461628384888172 0.9995923638343811 0.028202854096889496 -24.544361114501953 0.10350198298692703 -0.02758660726249218 0.9942467212677002 -556.5848388671875
* 0.9945604205131531 0.0038447764236479998 -0.10407846421003342 -75.81295776367188 0.0011799667263403535 0.9988147616386414 0.048661425709724426 -23.981618881225586 0.10413561016321182 -0.04851618409156799 0.9933791756629944 -557.4183959960938
* 0.9946225881576538 0.00304242386482656 -0.10350903868675232 -74.74213409423828 -0.0017005617264658213 0.9999069571495056 0.013540484011173248 -24.08511734008789 0.10353400558233261 -0.013288240879774094 0.9945372939109802 -557.7913208007813
* 0.9949670433998108 0.0032209069468080997 -0.10013820230960846 -73.5706787109375 0.0022469901014119387 0.9984866380691528 0.05494946986436844 -24.678613662719727 0.10015705227851868 -0.0548945777118206 0.9934563040733337 -556.7005004882813
* 0.9941608309745789 0.014524816535413265 -0.10691449046134949 -72.91685485839844 -0.013705777004361153 0.9998667240142822 0.008866648189723492 -23.943918228149414 0.10702239722013474 -0.007346193306148052 0.9942296147346497 -555.679931640625
* 0.9950664043426514 0.004195209592580795 -0.09911010414361954 -72.836181640625 0.00317575060762465 0.9972078204154968 0.0746079683303833 -23.65326690673828 0.09913977235555649 -0.07455132901668549 0.9922770261764526 -558.0606689453125
* 0.995827317237854 0.005879057105630636 -0.0910547599196434 -73.39729309082031 -7.872473215684295E-4 0.998407244682312 0.05641191452741623 -24.67540740966797 0.09123476594686508 -0.05610151216387749 0.9942480325698853 -557.4073486328125
* 0.9955201148986816 0.005432645790278912 -0.09438108652830124 -73.79076385498047 -0.0054703159257769585 0.9999849796295166 3.9881656994111836E-4 -23.45207405090332 0.09437521547079086 1.226814929395914E-4 0.9955369234085083 -557.08251953125
* 0.9968030452728271 4.012464778497815E-4 -0.07988259941339493 -73.76366424560547 0.005697197280824184 0.997035026550293 0.07673684507608414 -22.13911247253418 0.07966993749141693 -0.0769432932138443 0.9938475489616394 -558.4688720703125
* 0.9936913251876831 0.0015008972259238362 -0.11212894320487976 -73.72410583496094 0.006660632323473692 0.9973220229148865 0.07283040881156921 -22.147144317626953 0.11193143576383591 -0.07311446219682693 0.9910227656364441 -555.70654296875
* 0.9934831261634827 0.0025478326715528965 -0.11394081264734268 -74.2718734741211 0.0038014117162674665 0.9984280467033386 0.05591808632016182 -22.465835571289063 0.11389762163162231 -0.05598346143960953 0.9919141530990601 -554.860595703125
* 0.9918548464775085 -0.0012330105528235435 -0.12735870480537415 -74.67308807373047 0.00835825502872467 0.998405396938324 0.055826712399721146 -23.03702163696289 0.1270802766084671 -0.05643311142921448 0.9902860522270203 -554.5593872070313
* 0.99424809217453 0.0026932121254503727 -0.10705780982971191 -75.41597747802734 0.005405806005001068 0.9971111416816711 0.07576300203800201 -23.101438522338867 0.10694602131843567 -0.07590262591838837 0.9913636445999146 -556.404052734375
* 0.9947248697280884 0.007253341842442751 -0.10231120884418488 -75.84156799316406 4.5894106733612716E-4 0.9971342086791992 0.07565104216337204 -22.26717185974121 0.1025601401925087 -0.07529564946889877 0.9918732643127441 -556.1912841796875
* 0.993864119052887 0.0017587352776899934 -0.11058348417282104 -76.28289031982422 6.457078852690756E-4 0.9997541308403015 0.022163668647408485 -20.847211837768555 0.11058869957923889 -0.02209567092359066 0.9936210513114929 -558.06298828125
* 0.9936083555221558 0.009319707751274109 -0.11248687654733658 -77.79660034179688 -0.005525324959307909 0.9993911981582642 0.03444752097129822 -20.043346405029297 0.11273285746574402 -0.033602479845285416 0.993057370185852 -555.5023193359375
* 0.992767333984375 0.006136640440672636 -0.11988763511180878 -81.59297180175781 -0.002538363914936781 0.9995294213294983 0.030567074194550514 -21.251028060913086 0.12001226097345352 -0.03003830648958683 0.9923182129859924 -555.53466796875
* 0.9917222261428833 0.012079776264727116 -0.12782365083694458 -83.88832092285156 -0.009412586688995361 0.9997169971466064 0.021847015246748924 -22.033113479614258 0.12804485857486725 -0.020459670573472977 0.9915576577186584 -554.7626342773438
* 0.9944471120834351 -3.0124414479359984E-4 -0.10522682964801788 -84.99137878417969 0.010134587995707989 0.9955759644508362 0.0934104174375534 -22.765962600708008 0.1047266498208046 -0.09395483136177063 0.9900531768798828 -554.4664306640625
* 0.9968534111976624 0.011488301679491997 -0.0784175917506218 -86.72880554199219 -0.011067130602896214 0.99991774559021 0.006451908964663744 -24.72007179260254 0.0784786120057106 -0.005560358986258507 0.9969004988670349 -556.662841796875
* 0.997810959815979 0.004275849089026451 -0.06597734242677689 -88.61541748046875 -0.001621541567146778 0.9991576075553894 0.04100126400589943 -25.507606506347656 0.06609043478965759 -0.040801145136356354 0.9969793558120728 -556.8848266601563
* 0.9951783418655396 0.013826868496835232 -0.09709242731332779 -90.2025375366211 -0.009309760294854641 0.9988351464271545 0.04734446108341217 -25.444543838500977 0.09762733429670334 -0.046208981424570084 0.9941500425338745 -555.5404663085938
* 0.9936075806617737 0.010004820302128792 -0.11243633925914764 -91.35057067871094 -0.007623580750077963 0.9997279644012451 0.02204027771949768 -24.825773239135742 0.11261967569589615 -0.021038860082626343 0.9934157729148865 -555.1509399414063
* 0.9982364177703857 0.0037752031348645687 -0.05922773852944374 -91.00062561035156 1.366059441352263E-4 0.9977689981460571 0.06675954908132553 -23.749269485473633 0.05934097617864609 -0.06664656847715378 0.9960108399391174 -560.639404296875
* 0.9942123889923096 0.0013517659390345216 -0.10741601139307022 -87.61113739013672 0.005137699656188488 0.9981496334075928 0.06058721989393234 -24.417926788330078 0.10729260742664337 -0.060785066336393356 0.9923681020736694 -554.7172241210938
* 0.9953526258468628 0.011019797064363956 -0.0956563949584961 -86.41812133789063 -0.011132425628602505 0.9999380111694336 -1.1283304775133729E-4 -27.068042755126953 0.09564259648323059 0.0011806013062596321 0.9954155683517456 -556.5243530273438
* 0.9945665597915649 0.0032941533718258142 -0.10404293984174728 -85.56251525878906 0.0029389106202870607 0.9981827139854431 0.06018579378724098 -27.61421775817871 0.1040455773472786 -0.06016117334365845 0.9927517175674438 -556.8331298828125
* 0.9953091144561768 0.007679421920329332 -0.09643205255270004 -83.09153747558594 -0.004535375162959099 0.999434769153595 0.03330633416771889 -24.785236358642578 0.09662672877311707 -0.03270935267210007 0.9947834610939026 -556.5077514648438
* 0.9952710866928101 0.009766289964318275 -0.09663546085357666 -79.86669921875 -0.0010999049991369247 0.9959542751312256 0.08985207229852676 -19.422182083129883 0.09711546450853348 -0.08931759744882584 0.9912576079368591 -557.269775390625
* 0.9961605072021484 0.008984919637441635 -0.08707330375909805 -76.07946014404297 -0.008011473342776299 0.9998944401741028 0.012105695903301239 -12.889907836914063 0.08716627210378647 -0.011358216404914856 0.9961293935775757 -558.2627563476563
* 0.9930161237716675 0.012599876150488853 -0.11729688197374344 -73.38236999511719 -0.01092123705893755 0.9998219609260559 0.015375234186649323 -9.159308433532715 0.11746317148208618 -0.013983442448079586 0.992979109287262 -553.8765869140625
* 0.9859898090362549 0.006023291498422623 -0.16669170558452606 -71.63330841064453 0.005477771628648043 0.9976184368133545 0.06875421851873398 -15.434590339660645 0.16670246422290802 -0.06870070844888687 0.9836112260818481 -549.4423828125
* 0.9966287612915039 0.021069498732686043 -0.07928045839071274 -70.28997802734375 -0.01903427392244339 0.9994547963142395 0.02697591856122017 -24.91609001159668 0.07979895174503326 -0.025372620671987534 0.9964882731437683 -555.7409057617188
* 0.9940499663352966 0.017687058076262474 -0.10747098922729492 -67.82067108154297 -0.016464564949274063 0.999783456325531 0.012723470106720924 -26.878374099731445 0.10766616463661194 -0.010874957777559757 0.9941278696060181 -556.6744384765625
* 0.9959834814071655 0.013393697328865528 -0.08851947635412216 -65.25489807128906 -0.00913386419415474 0.9987608194351196 0.04892320930957794 -24.771799087524414 0.08905843645334244 -0.047914858907461166 0.9948734641075134 -557.1331176757813
* 0.9944718480110168 0.022113066166639328 -0.1026403084397316 -61.95446014404297 -0.015771305188536644 0.9979090690612793 0.06267943233251572 -14.19406509399414 0.10380513966083527 -0.06071089953184128 0.992743194103241 -560.3370971679688
* 0.9910107851028442 0.02253410965204239 -0.1318642646074295 -58.2883415222168 -0.023294338956475258 0.9997212290763855 -0.0038401372730731964 0.14378470182418823 0.13173440098762512 0.006880651693791151 0.99126136302948 -556.3817749023438
* 0.9930385947227478 0.0203926432877779 -0.11600366234779358 -56.274566650390625 -0.02468409202992916 0.9990739822387695 -0.03523823246359825 3.2362561225891113 0.11517104506492615 0.037859756499528885 0.9926241636276245 -557.4207763671875
* 0.9929096102714539 0.023015275597572327 -0.11661595851182938 -55.418067932128906 -0.0179919321089983 0.9988527894020081 0.04437845200300217 8.701152801513672 0.11749698221683502 -0.041962362825870514 0.9921864867210388 -556.6526489257813
* 0.9915809035301208 0.018979674205183983 -0.12808361649513245 -56.03282928466797 -0.012148210778832436 0.9984506964683533 0.05430091544985771 19.22516441345215 0.12890926003456116 -0.052284471690654755 0.9902772903442383 -556.9053955078125
#
#
#
#
#
#
#
#
#
* 0.9937682151794434 0.04691131412982941 -0.10106052458286285 -82.63468170166016 -0.050158556550741196 0.9983344078063965 -0.02874312549829483 140.72271728515625 0.09953557699918747 0.0336172953248024 0.9944648146629333 -553.9473266601563
* 0.9923344850540161 0.03569060191512108 -0.11826935410499573 -85.3197250366211 -0.03806035593152046 0.9991390705108643 -0.01691664382815361 126.62162017822266 0.11755531281232834 0.021272705867886543 0.9928373098373413 -546.5245361328125
* 0.981604814529419 0.015102864243090153 -0.19029711186885834 -79.2833480834961 -0.045940104871988297 0.9863573312759399 -0.15812203288078308 99.61634826660156 0.1853044033050537 0.163939967751503 0.9689085483551025 -541.5051879882813
* 0.986045777797699 0.011246470734477043 -0.16606132686138153 -68.99126434326172 -0.024685660377144814 0.9966205954551697 -0.07843303680419922 69.06523132324219 0.16460929811000824 0.0814223363995552 0.9829912781715393 -538.9241333007813
* 0.9780357480049133 0.009328334592282772 -0.20820212364196777 -60.43373489379883 -0.011652546003460884 0.9998946189880371 -0.009419781155884266 43.082576751708984 0.20808330178260803 0.011623572558164597 0.9780408143997192 -529.375732421875
* 0.9708107709884644 0.004904680885374546 -0.23977333307266235 -59.54768371582031 -2.7666150708682835E-4 0.9998111128807068 0.019781973212957382 -0.37798944115638733 0.2398158758878708 -0.019153490662574768 0.9706281423568726 -526.5955810546875
* 0.9906010031700134 0.023159196600317955 -0.13476772606372833 -59.019203186035156 -0.02211027219891548 0.9997115731239319 0.010077244602143764 -29.930065155029297 0.13495345413684845 -0.00701824389398098 0.9908258318901062 -543.235595703125
* 0.9953302145004272 0.012303714640438557 -0.09568266570568085 -54.95941925048828 -0.010838961228728294 0.9998045563697815 0.016941191628575325 -32.27704620361328 0.09586348384618759 -0.01584031619131565 0.9952670931816101 -549.4901123046875
* 0.9884778261184692 0.013612852431833744 -0.15071560442447662 -48.21044158935547 -0.008478737436234951 0.9993451237678528 0.035370584577322006 -28.880538940429688 0.1510893702507019 -0.033700451254844666 0.9879441857337952 -542.8198852539063
* 0.9793915152549744 -0.0034441077150404453 -0.20191439986228943 -40.71072006225586 0.012159089557826519 0.9990304112434387 0.042472224682569504 -43.33349609375 0.20156295597553253 -0.04406713321805 0.9784824848175049 -537.2092895507813
* 0.9889780879020691 0.012141766026616096 -0.14752516150474548 -33.15403747558594 0.004590625874698162 0.9935592412948608 0.11327946186065674 -60.31666946411133 0.14794118702411652 -0.11272311210632324 0.9825499057769775 -546.2645263671875
* 0.9743292927742004 0.006990428082644939 -0.22499395906925201 -28.961523056030273 0.03315114229917526 0.9840853214263916 0.17461463809013367 -74.96286010742188 0.22262421250343323 -0.17760561406612396 0.9585886001586914 -539.5842895507813
* 0.9880731701850891 0.015401722863316536 -0.1531764417886734 -32.07289123535156 0.014437641017138958 0.9811987280845642 0.192493736743927 -108.34739685058594 0.15325188636779785 -0.19242402911186218 0.9692699313163757 -551.2048950195313
* 0.9998487830162048 0.005373693536967039 0.016193198040127754 -29.724863052368164 -0.005874122027307749 0.9996944665908813 0.024286046624183655 -123.65717315673828 -0.016066530719399452 -0.02439272217452526 0.9995720386505127 -556.7642822265625
* 0.9997440576553345 0.01084936410188675 -0.019563674926757813 -22.50455665588379 -0.010335026308894157 0.9994527101516724 0.03163757175207138 -113.26567840576172 0.01988741010427475 -0.0314425453543663 0.999306321144104 -557.57421875
* 0.9995301365852356 0.0042864251881837845 -0.030160561203956604 -17.212635040283203 -0.002845178358256817 0.9986899495124817 0.0512213334441185 -101.74156951904297 0.03033166192471981 -0.05112659931182861 0.9982300996780396 -555.80322265625
#
* 0.9995393753051758 0.02038615010678768 0.020858971402049065 -9.207832336425781 -0.023245500400662422 0.9984102249145508 0.05213699862360954 -126.10529327392578 -0.01996510662138462 -0.05258345976471901 0.9984185099601746 -556.8720092773438
* 0.9989172220230103 0.019211025908589363 0.04153354465961456 -1.4217872619628906 -0.02435050718486309 0.9964097738265991 0.08158569782972336 -120.94085693359375 -0.04001910239458084 -0.08249405026435852 0.9957892298698425 -559.5673828125
* 0.9963885545730591 0.01912790536880493 0.08230258524417877 3.2272400856018066 -0.02339904196560383 0.9993396401405334 0.029230009764432907 -109.16278839111328 -0.08189050853252411 -0.031035635620355606 0.9961594939231873 -554.1983032226563
* 0.9948593378067017 0.018444297835230827 0.09921851754188538 5.154726982116699 -0.018746651709079742 0.9997377991676331 -0.015952112153172493 -97.1268310546875 -0.09968766570091248 0.014024736359715462 0.9949215054512024 -551.8814086914063
* 0.9911486506462097 0.027650969102978706 0.12957355380058289 5.630373477935791 -0.02735765278339386 0.9995067715644836 -0.01786930486559868 -83.25918579101563 -0.1302040070295334 0.014179098419845104 0.9913873076438904 -552.3981323242188
* 0.9965263605117798 0.02354494109749794 0.07943971455097198 4.75431489944458 -0.025949867442250252 0.9996818900108337 0.006655355915427208 -70.32335662841797 -0.07945919036865234 -0.0086800092831254 0.9968017935752869 -549.9335327148438
* 0.9945698976516724 0.023618709295988083 0.10100740939378738 0.06630152463912964 -0.030069071799516678 0.9985834360122681 0.04481780529022217 -60.497737884521484 -0.10000684857368469 -0.04759789630770683 0.993848979473114 -551.2297973632813
* 0.9854050278663635 0.013604020699858665 -0.16947434842586517 -7.364564895629883 -0.0022816127166152 0.997042179107666 0.07735153287649155 -54.70502853393555 0.16982592642307281 -0.07582009583711624 0.9825544357299805 -548.851318359375
* 0.984869122505188 0.017345763742923737 -0.17222526669502258 -12.33054256439209 0.01014980860054493 0.9858196973800659 0.16774356365203857 -52.36468505859375 0.1724936068058014 -0.1669384241104126 0.9707626700401306 -546.6748657226563
* 0.9947722554206848 0.017937159165740013 -0.10017937421798706 -14.701072692871094 -0.008670286275446415 0.9939593076705933 0.10977747291326523 -51.27440643310547 0.10134202986955643 -0.10832004994153976 0.9889383316040039 -550.5364379882813
* 0.9845923781394958 0.018583614379167557 -0.1736721247434616 -14.639575004577637 0.005510897841304541 0.9891014695167542 0.14740797877311707 -47.803016662597656 0.17431959509849548 -0.14607906341552734 0.97379469871521 -546.431884765625
* 0.9953047633171082 0.0036796373315155506 -0.09635573625564575 -13.231842994689941 0.0015907256165519357 0.9973616003990173 0.07313323765993118 -49.41651916503906 0.09616947919130325 -0.07292535156011581 0.9926912188529968 -550.6174926757813
* 0.9777739644050598 0.0021597295999526978 -0.20948268473148346 -12.852686882019043 0.012814718298614025 0.9968604445457458 0.0786532610654831 -61.43758773803711 0.20879718661308289 -0.07957147806882858 0.9747176766395569 -542.6803588867188
* 0.9790259599685669 -0.0027765764389187098 -0.20354361832141876 -9.69333267211914 0.030168937519192696 0.9896731376647949 0.14042168855667114 -87.00819396972656 0.20085419714450836 -0.1435980200767517 0.9690406322479248 -549.22607421875
* 0.9894100427627563 0.0177628044039011 -0.143811896443367 -3.960620164871216 0.00933489017188549 0.9802455306053162 0.19776934385299683 -116.32952880859375 0.14428405463695526 -0.19700245559215546 0.9697292447090149 -553.7145385742188
#
#
#
#
#
#
#
#
#
#
#
#
* 0.9996398091316223 0.01525893248617649 -0.022068407386541367 -2.539530038833618 -0.016441278159618378 0.9985079169273376 -0.052088841795921326 -62.81454849243164 0.021240800619125366 0.05243046581745148 0.9983987212181091 -554.650390625
* 0.9989234805107117 0.024893686175346375 -0.03913801908493042 5.349789619445801 -0.02524806186556816 0.9996551275253296 -0.007309731096029282 -54.1613655090332 0.03894270583987236 0.008287586271762848 0.9992071986198425 -551.375244140625
* 0.986634373664856 0.019345136359333992 -0.16179755330085754 15.534794807434082 -0.012910112738609314 0.9990748763084412 0.041035525500774384 -46.71611785888672 0.16244181990623474 -0.038400642573833466 0.9859709143638611 -546.5298461914063
* 0.9845635294914246 0.013362233527004719 -0.1745162457227707 26.135452270507813 -0.002503833267837763 0.9980376362800598 0.06257638335227966 -42.685489654541016 0.17500999569892883 -0.0611758679151535 0.9826645851135254 -547.4930419921875
* 0.9929438233375549 0.026606513187289238 0.1155610978603363 35.701656341552734 -0.033334873616695404 0.9978606700897217 0.05624999478459358 -41.7775993347168 -0.11381709575653076 -0.059707701206207275 0.9917062520980835 -546.1367797851563
* 0.9996500611305237 0.020628169178962708 0.016555652022361755 40.225826263427734 -0.020214974880218506 0.9994136095046997 -0.02765846997499466 -41.49148941040039 -0.0171163622289896 0.027311693876981735 0.9994807839393616 -547.1593627929688
* 0.9973618388175964 0.028383033350110054 0.06681143492460251 43.64570617675781 -0.029138773679733276 0.9995297193527222 0.009616367518901825 -40.325504302978516 -0.06650690734386444 -0.011540230363607407 0.9977194666862488 -547.095947265625
* 0.9956005215644836 0.02049431763589382 0.09143158048391342 45.78336715698242 -0.018357042223215103 0.9995269775390625 -0.024696938693523407 -41.524898529052734 -0.09189434349536896 0.022907428443431854 0.9955053925514221 -547.0868530273438
* 0.984951913356781 0.03499352186918259 0.1692492812871933 47.035709381103516 -0.03229266777634621 0.9992988109588623 -0.01897771656513214 -43.37789535522461 -0.16979452967643738 0.013224197551608086 0.9853909611701965 -542.2021484375
* 0.993862509727478 0.023849347606301308 0.1080220639705658 47.55241012573242 -0.02454303577542305 0.999688446521759 0.004635659046471119 -46.592498779296875 -0.107877716422081 -0.007260804530233145 0.9941378831863403 -546.4400024414063
* 0.988007664680481 0.028607897460460663 0.15173250436782837 46.62907028198242 -0.02416926436126232 0.9992168545722961 -0.03134317323565483 -49.069725036621094 -0.15251019597053528 0.0272976141422987 0.9879250526428223 -540.5399780273438
#
* 0.9909409284591675 0.04082425311207771 0.1279439628124237 42.67373275756836 -0.035403262823820114 0.9983927011489868 -0.044244106858968735 -49.235130310058594 -0.12954284250736237 0.039315592497587204 0.9907944202423096 -542.1500244140625
* 0.9857794046401978 0.035101283341646194 0.16433744132518768 36.5625114440918 -0.024908240884542465 0.997664749622345 -0.06358836591243744 -48.728271484375 -0.16618400812149048 0.05859269201755524 0.984352707862854 -540.842041015625
* 0.9957882165908813 0.020336773246526718 0.08939912915229797 30.461524963378906 -0.019049739465117455 0.9997045397758484 -0.015055309049785137 -47.1919059753418 -0.0896771028637886 0.01329075638204813 0.9958824515342712 -546.6316528320313
* 0.9950945973396301 0.01613437943160534 0.09760238975286484 24.915019989013672 -0.014126758091151714 0.9996775984764099 -0.021069064736366272 -43.94939041137695 -0.09790907055139542 0.019588788971304893 0.995002806186676 -546.1643676757813
* 0.9927133917808533 0.028417840600013733 0.11709969490766525 21.378692626953125 -0.024501271545886993 0.9990994930267334 -0.03462172672152519 -42.41587829589844 -0.11797638237476349 0.03150227293372154 0.9925166964530945 -545.2408447265625
* 0.9837830066680908 0.028190022334456444 0.17713285982608795 18.33715057373047 -0.0202100221067667 0.9987080693244934 -0.04660922661423683 -40.37787628173828 -0.17821624875068665 0.04227542132139206 0.9830828905105591 -541.6923828125
* 0.9840660691261292 0.030343782156705856 0.17519357800483704 13.419025421142578 -0.026340709999203682 0.9993386268615723 -0.025043195113539696 -37.437110900878906 -0.17583593726158142 0.020031340420246124 0.9842157363891602 -543.9797973632813
* 0.994462788105011 0.022471806034445763 0.1026570051908493 7.921568870544434 -0.019907156005501747 0.9994685053825378 -0.025790924206376076 -34.448753356933594 -0.10318023711442947 0.023606397211551666 0.9943825006484985 -545.556396484375
* 0.9902995228767395 0.0232723206281662 0.13698464632034302 4.195895671844482 -0.01998937502503395 0.9994824528694153 -0.0251814816147089 -32.95368194580078 -0.13749802112579346 0.02220086380839348 0.990253210067749 -546.9225463867188
* 0.9828364849090576 0.021752256900072098 0.1831909567117691 2.898341655731201 -0.018576940521597862 0.9996473789215088 -0.018948381766676903 -31.284847259521484 -0.18353676795959473 0.015221916139125824 0.982895016670227 -545.1653442382813
* 0.9908130764961243 0.013746746815741062 0.1345367133617401 2.26892352104187 -0.0073616718873381615 0.9988327622413635 -0.04772907495498657 -30.65482521057129 -0.13503395020961761 0.04630206897854805 0.9897586107254028 -546.3950805664063
* 0.9875717163085938 0.014795174822211266 0.15646977722644806 0.41847851872444153 -0.011294923722743988 0.9996680617332458 -0.023137912154197693 -34.681549072265625 -0.15675833821296692 0.021084917709231377 0.9874119758605957 -546.2025146484375
* 0.980367124080658 0.027314648032188416 0.19527868926525116 -2.421616792678833 -0.01710757054388523 0.9984108805656433 -0.05368844419717789 -43.06288528442383 -0.19643305242061615 0.0492955781519413 0.9792774319648743 -541.2692260742188
* 0.9782774448394775 0.023543667048215866 0.20595750212669373 -4.47823429107666 -0.02039463445544243 0.9996415972709656 -0.017325259745121002 -48.85940170288086 -0.20628979802131653 0.012750387191772461 0.9784080386161804 -542.9725952148438
* 0.9847898483276367 0.021167773753404617 0.17245417833328247 -7.485966205596924 -0.015862220898270607 0.9993618726730347 -0.03199649602174759 -50.87666320800781 -0.17301958799362183 0.028776228427886963 0.984498143196106 -545.9091796875
* 0.9927930235862732 0.019453421235084534 0.1182495728135109 -8.991337776184082 -0.02268305979669094 0.9994001984596252 0.02615855634212494 -54.542667388916016 -0.11766788363456726 -0.028650425374507904 0.9926397800445557 -548.4549560546875
* 0.9903424382209778 0.014426248148083687 0.13788820803165436 -11.578239440917969 -0.01876218430697918 0.9993643164634705 0.030309701338410378 -60.01332473754883 -0.13736140727996826 -0.032602205872535706 0.9899845123291016 -549.5991821289063
* 0.9808322191238403 0.01502956636250019 0.19427190721035004 -17.49498748779297 -0.01633726991713047 0.9998527765274048 0.005210095085203648 -69.72756958007813 -0.19416315853595734 -0.008282224647700787 0.9809345006942749 -546.2276611328125
