#
#
#
#
#
#
#
#
#
#
#
#
#
#
#
#
#
#
#
#
#
#
#
#
#
#
#
#
#
#
#
#
#
#
#
#
#
#
#
#
#
#
#
#
#
#
#
#
#
#
#
#
#
#
#
#
#
#
#
#
#
#
#
#
#
#
#
#
#
#
#
#
#
#
#
#
#
#
#
#
#
#
#
#
#
#
#
#
#
#
#
#
#
#
#
#
#
#
#
#
#
#
#
#
#
#
#
#
#
#
#
#
#
#
#
#
#
#
#
#
#
#
#
#
#
#
#
#
#
#
#
#
#
#
#
#
#
#
#
#
#
#
#
#
#
#
#
#
#
#
#
#
#
#
#
#
#
#
#
#
#
#
#
#
#
#
#
#
#
#
#
#
#
#
#
#
#
#
#
#
#
#
#
#
#
#
#
#
#
#
#
#
#
#
#
#
#
#
#
#
#
#
#
#
#
#
#
#
#
#
#
#
#
#
#
#
#
#
#
#
#
#
#
#
#
#
#
#
#
#
#
#
#
#
#
#
#
#
#
#
#
#
#
#
#
#
#
#
#
#
#
#
#
#
#
#
#
#
#
#
#
#
#
#
#
#
#
#
#
#
#
#
#
#
#
#
#
#
#
#
#
#
#
#
#
#
#
#
#
#
#
#
#
#
#
#
#
#
#
#
#
#
#
#
#
#
#
#
#
#
#
#
#
#
#
#
#
#
#
#
#
#
#
#
#
#
#
#
#
#
#
#
#
#
#
#
#
#
#
#
#
#
#
#
#
#
#
#
#
#
#
#
#
#
#
#
#
#
#
#
#
#
#
#
#
#
#
#
#
#
#
#
#
#
#
#
#
#
#
#
#
#
#
#
#
#
#
#
#
#
#
#
#
#
#
#
#
#
#
#
#
#
#
#
#
#
#
#
#
#
#
#
#
#
#
#
#
#
#
#
#
#
#
#
#
#
#
#
#
#
#
#
#
#
#
#
#
#
#
#
#
#
#
#
#
#
#
#
#
#
#
#
#
#
#
#
#
#
* 0.7330648899078369 -0.09030325710773468 0.6741000413894653 -620.763916015625 0.13548262417316437 0.9907017946243286 -0.014391757547855377 139.12123107910156 -0.6665236949920654 0.10170813649892807 0.7385021448135376 -1733.7115478515625
* 0.7876495718955994 -0.05061694607138634 0.6139997243881226 -632.050048828125 0.14764124155044556 0.9831423759460449 -0.10810010135173798 143.72769165039063 -0.5981695652008057 0.17562785744667053 0.7818771004676819 -1792.6778564453125
* 0.796986997127533 -0.019380290061235428 0.6036437153816223 -626.3367919921875 0.11571945995092392 0.9859260320663452 -0.12087743729352951 169.08135986328125 -0.5927918553352356 0.16602295637130737 0.7880468964576721 -1812.3138427734375
* 0.8344292640686035 0.04299270361661911 0.5493897795677185 -632.4141845703125 0.10498465597629547 0.9663845896720886 -0.2348010241985321 181.08990478515625 -0.5410003662109375 0.2534388601779938 0.8019171953201294 -1804.5460205078125
* 0.8105130791664124 -0.00637972354888916 0.5856428146362305 -646.0196533203125 0.09000631421804428 0.9894760847091675 -0.11352694034576416 179.7579345703125 -0.5787371397018433 0.14455854892730713 0.8025895357131958 -1812.555908203125
* 0.7843195796012878 -0.003168941242620349 0.6203082799911499 -649.9669799804688 0.09378204494714737 0.9891536831855774 -0.11327921599149704 175.64306640625 -0.6132043600082397 0.14685297012329102 0.7761432528495789 -1794.7386474609375
* 0.8496721386909485 0.01951196976006031 0.5269024968147278 -646.0217895507813 0.10402495414018631 0.9735574126243591 -0.20351138710975647 180.75015258789063 -0.5169242024421692 0.22756370902061462 0.8252198100090027 -1802.061767578125
* 0.8620004057884216 -0.01841544546186924 0.5065231323242188 -620.6123657226563 0.08489857614040375 0.990527331829071 -0.10816721618175507 202.60531616210938 -0.4997130036354065 0.1360747367143631 0.8554263710975647 -1816.655517578125
* 0.8299190998077393 0.0461752749979496 0.5559240579605103 -600.5817260742188 0.10997366905212402 0.9635629653930664 -0.2439355105161667 219.16213989257813 -0.5469164848327637 0.26342082023620605 0.794654369354248 -1819.3773193359375
* 0.8302582502365112 0.003693576902151108 0.557321310043335 -595.859375 0.10655216127634048 0.9805546998977661 -0.16495898365974426 238.46035766601563 -0.5470776557922363 0.196175679564476 0.8137598037719727 -1825.3204345703125
* 0.8319658637046814 0.005987496115267277 0.554749071598053 -592.1770629882813 0.11467431485652924 0.9765701293945313 -0.18224437534809113 254.83624267578125 -0.5428282022476196 0.2150704562664032 0.8118288516998291 -1825.3865966796875
* 0.8148062229156494 0.030329646542668343 0.5788958668708801 -584.4478149414063 0.14937591552734375 0.9540205001831055 -0.25996920466423035 270.1946105957031 -0.5601553320884705 0.2981353998184204 0.7728681564331055 -1796.978759765625
* 0.8490850925445557 0.014941640198230743 0.5279968976974487 -587.8260498046875 0.09616276621818542 0.978603184223175 -0.1820463091135025 288.59613037109375 -0.5194017291069031 0.20518039166927338 0.8295220136642456 -1815.6483154296875
* 0.8132246732711792 0.009654405526816845 0.5818263292312622 -578.0020141601563 0.1380826085805893 0.9681873917579651 -0.20880287885665894 297.80487060546875 -0.5653229355812073 0.24997887015342712 0.7860689759254456 -1782.843505859375
* 0.8287950754165649 0.013636291958391666 0.5593408346176147 -588.86865234375 0.13280810415744781 0.9664271473884583 -0.22007466852664948 301.01873779296875 -0.543552041053772 0.25651729106903076 0.7992083430290222 -1789.62060546875
* 0.7543212175369263 0.045044973492622375 0.6549197435379028 -572.7938232421875 0.17056597769260406 0.9500232934951782 -0.26156312227249146 283.7960205078125 -0.63396817445755 0.3088485300540924 0.7089999318122864 -1730.07421875
* 0.7420482635498047 -0.0011348873376846313 0.6703077554702759 -563.0267944335938 0.1327073574066162 0.9805148839950562 -0.14502295851707458 250.09628295898438 -0.6570730805397034 0.19640198349952698 0.7277810573577881 -1719.8775634765625
* 0.7654135823249817 0.02410346455872059 0.6430477499961853 -573.8388671875 0.11471977084875107 0.9782481789588928 -0.17298056185245514 226.0420379638672 -0.6332169771194458 0.20600628852844238 0.7460440397262573 -1756.7752685546875
* 0.7246475219726563 0.004344874061644077 0.6890693306922913 -560.4021606445313 0.10602997988462448 0.9874218106269836 -0.11750932037830353 182.159912109375 -0.6808992624282837 0.15804734826087952 0.7151092886924744 -1713.084716796875
* 0.7860376238822937 -0.03404415398836136 0.6171994209289551 -575.4356079101563 0.09652052074670792 0.9930387139320374 -0.06790196150541306 163.9434356689453 -0.6105746626853943 0.11277653276920319 0.7838774919509888 -1774.3853759765625
* 0.8092820048332214 -0.055279217660427094 0.5847702026367188 -572.032470703125 0.08056256175041199 0.9966306090354919 -0.017019173130393028 148.56320190429688 -0.5818393230438232 0.06071365624666214 0.8110244870185852 -1795.8330078125
* 0.8279352188110352 0.0018236711621284485 0.5607755780220032 -581.6731567382813 0.05859871208667755 0.9942899942398071 -0.08947722613811493 130.3287811279297 -0.5577127933502197 0.10677381604909897 0.8231279253959656 -1833.0140380859375
* 0.7638774514198303 0.01813790202140808 0.6450671553611755 -568.086181640625 0.09790128469467163 0.9848390221595764 -0.14338812232017517 87.9532241821289 -0.6378721594810486 0.17251718044281006 0.7505603432655334 -1770.42138671875
* 0.8273672461509705 0.003260440658777952 0.5616068840026855 -586.7275390625 0.08221746981143951 0.9885684847831726 -0.12659156322479248 60.279083251953125 -0.5555796027183533 0.1507439911365509 0.8176745176315308 -1837.3045654296875
* 0.8043127059936523 -0.005472991615533829 0.5941385626792908 -580.4717407226563 0.04637782275676727 0.9975253939628601 -0.053338244557380676 46.92478942871094 -0.5923508405685425 0.07028676569461823 0.8025984764099121 -1824.0404052734375
* 0.8265259861946106 -0.01509171910583973 0.5626514554023743 -595.1666870117188 0.06605899333953857 0.9953789710998535 -0.07006994634866714 36.570777893066406 -0.5589712262153625 0.09491389989852905 0.8237273097038269 -1847.90283203125
* 0.8550208806991577 -0.04328707233071327 0.5167350172996521 -603.218017578125 0.03502495586872101 0.9990738034248352 0.026033535599708557 21.265602111816406 -0.5173547863960266 -0.004330195486545563 0.8557508587837219 -1859.822265625
* 0.8754607439041138 -0.04579003527760506 0.48106274008750916 -608.16796875 0.04181915521621704 0.9989652633666992 0.019299263134598732 5.322253227233887 -0.4814208745956421 0.003052151994779706 0.8764752149581909 -1879.899169921875
* 0.8737474083900452 -0.021298255771398544 0.48586148023605347 -604.566162109375 0.0534297376871109 0.9972403645515442 -0.05205615982413292 -9.371996879577637 -0.4833861291408539 0.07127417623996735 0.8724918365478516 -1869.3486328125
* 0.7942459583282471 -0.010892880149185658 0.6074571013450623 -602.2933959960938 0.03919720649719238 0.9987099170684814 -0.03309018164873123 -19.21236801147461 -0.6062864065170288 0.049923475831747055 0.7936677932739258 -1834.703125
* 0.8402434587478638 -0.04969693720340729 0.5398802161216736 -612.2088623046875 0.02248149923980236 0.9981375932693481 0.05717373266816139 -34.993690490722656 -0.5416857004165649 -0.03607189655303955 0.83979731798172 -1833.7584228515625
* 0.789494514465332 -0.09870068728923798 0.6057277321815491 -604.6300048828125 0.04161306470632553 0.9933202266693115 0.10787125676870346 -45.81514358520508 -0.6123024821281433 -0.060127608478069305 0.7883238196372986 -1824.2060546875
* 0.8592193126678467 -0.03660377860069275 0.5102468729019165 -592.9478149414063 0.052986402064561844 0.9984718561172485 -0.017298607155680656 -47.61952590942383 -0.5088083148002625 0.04172979295253754 0.8598586320877075 -1826.0340576171875
* 0.8103557229042053 -0.09436307102441788 0.5782462358474731 -576.8995971679688 0.04860295355319977 0.994371771812439 0.09442144632339478 -61.54930114746094 -0.5838762521743774 -0.04858064278960228 0.8103780746459961 -1776.6116943359375
* 0.847752571105957 -0.10430251806974411 0.5199864506721497 -581.2408447265625 0.05093267187476158 0.9919425249099731 0.11622682213783264 -61.274986267089844 -0.5278936624526978 -0.0722171813249588 0.8462252020835876 -1806.0452880859375
* 0.8344721794128418 -0.06727921217679977 0.5468811988830566 -561.996826171875 0.043362703174352646 0.9974684715270996 0.0568249486386776 -47.29132080078125 -0.5492931008338928 -0.02387455478310585 0.8352791666984558 -1762.333984375
* 0.8100977540016174 -0.05298439413309097 0.5838524103164673 -557.8004150390625 0.052685871720314026 0.9984793663024902 0.01777111366391182 -50.997840881347656 -0.5838814973831177 0.016194432973861694 0.8116676211357117 -1733.831298828125
* 0.8209753632545471 -0.06611817330121994 0.5670777559280396 -564.2077026367188 0.05630914866924286 0.9978229403495789 0.03508934751152992 -58.001495361328125 -0.5681388974189758 0.0029539503157138824 0.8229178190231323 -1726.3687744140625
* 0.8265594244003296 -0.0520380437374115 0.5603935122489929 -572.2174072265625 0.063201405107975 0.9980271458625793 -2.708025276660919E-4 -58.68175506591797 -0.5592504739761353 0.035471439361572266 0.8282300233840942 -1705.4683837890625
* 0.8209336400032043 -0.05441800132393837 0.5683801174163818 -583.3594360351563 0.0624486580491066 0.9980586767196655 0.005627820733934641 -57.35144805908203 -0.5675596594810486 0.030704405158758163 0.8227499723434448 -1699.759033203125
* 0.7803187370300293 -0.06371823698282242 0.6220868825912476 -581.472900390625 0.062330033630132675 0.9977870583534241 0.024261144921183586 -50.830055236816406 -0.6222337484359741 0.019672976806759834 0.7825742959976196 -1678.7762451171875
* 0.7789750099182129 -0.068428635597229 0.6232695579528809 -579.630126953125 0.048882391303777695 0.9976438283920288 0.04868173599243164 -44.58909225463867 -0.6251075863838196 -0.0076251402497291565 0.7804912328720093 -1667.111328125
* 0.7733641862869263 -0.07855674624443054 0.6290359497070313 -577.0142822265625 0.05496172979474068 0.9968770742416382 0.05716460570693016 -37.830474853515625 -0.6315386891365051 -0.009806524962186813 0.7752721309661865 -1652.089599609375
* 0.7773264050483704 -0.08074350655078888 0.623853862285614 -578.3253173828125 0.057874761521816254 0.9967139959335327 0.057133909314870834 -28.853445053100586 -0.6263939738273621 -0.008476736955344677 0.7794504165649414 -1642.311767578125
* 0.8160984516143799 -0.06048925220966339 0.5746945142745972 -585.4364013671875 0.06030943989753723 0.9980122447013855 0.01966814324259758 -22.627307891845703 -0.5747182965278625 0.018438182771205902 0.8181339502334595 -1628.829833984375
* 0.7966856360435486 -0.013896778225898743 0.6041922569274902 -603.5701904296875 0.04937736690044403 0.9979270696640015 -0.04190331697463989 -18.715194702148438 -0.6023325324058533 0.06304826587438583 0.7957415580749512 -1630.8656005859375
* 0.8069523572921753 -0.02507115714251995 0.5900412797927856 -616.7072143554688 0.031294532120227814 0.999536395072937 -6.955862045288086E-5 -11.056718826293945 -0.5897378325462341 0.018351994454860687 0.8073763847351074 -1622.8182373046875
* 0.7678839564323425 8.861166425049305E-4 0.6405488848686218 -613.7623291015625 0.020283028483390808 0.9994962215423584 -0.025459516793489456 -5.187135219573975 -0.6402197480201721 0.0323738195002079 0.7674990892410278 -1577.8101806640625
* 0.7583562135696411 -0.008098511025309563 0.6517512798309326 -630.6810913085938 0.02645695209503174 0.9995116591453552 -0.01813056692481041 -3.055522918701172 -0.6512584090232849 0.030824070796370506 0.7582193613052368 -1587.750244140625
* 0.7424471378326416 -0.009843770414590836 0.6697946190834045 -637.5263061523438 -0.00871670339256525 0.9996859431266785 0.024582119658589363 1.619668960571289 -0.6697929501533508 -0.024257643148303032 0.7421410083770752 -1584.0548095703125
* 0.7123864889144897 -0.006840266287326813 0.7017179727554321 -633.3099365234375 0.009504595771431923 0.9999808669090271 3.160964697599411E-4 7.2397942543029785 -0.7016773223876953 0.0062758345156908035 0.712456226348877 -1568.940673828125
* 0.7383816838264465 0.01781213842332363 0.6741102337837219 -627.4602661132813 0.013772067613899708 0.9990797638893127 -0.041257601231336594 10.670849800109863 -0.6741954684257507 0.03957995027303696 0.7374809980392456 -1568.1522216796875
* 0.7494337558746338 -0.013638349249958992 0.6619005799293518 -621.9096069335938 0.009990321472287178 0.9999308586120605 0.009522475302219391 15.167341232299805 -0.6619544625282288 -6.925538182258606E-4 0.7495332956314087 -1577.9921875
* 0.7738163471221924 1.2901099398732185E-4 0.6333699822425842 -608.6768798828125 6.222762167453766E-4 1.0000256299972534 -7.230080664157867E-4 23.61524200439453 -0.6333538889884949 7.853619754314423E-4 0.773851752281189 -1578.6588134765625
* 0.781494677066803 -0.018601631745696068 0.6235939860343933 -601.31982421875 -0.005126504227519035 0.9993473887443542 0.036479558795690536 31.48422622680664 -0.6238320469856262 -0.03187394142150879 0.7808982133865356 -1596.4229736328125
* 0.776061475276947 -0.007212447002530098 0.630575954914093 -588.9732055664063 0.0025277233216911554 0.9999862909317017 0.008568793535232544 40.33786392211914 -0.6305968165397644 -0.005224425345659256 0.7760829329490662 -1599.8558349609375
* 0.7794490456581116 -0.012224375270307064 0.6263060569763184 -577.9498901367188 0.005406820680946112 0.9999266862869263 0.01303153857588768 55.52971649169922 -0.6263874769210815 -0.006939675658941269 0.7794709205627441 -1600.257568359375
* 0.8263577818870544 -1.4175557589624077E-4 0.5631007552146912 -577.0623779296875 0.02353552170097828 0.9991703033447266 -0.03401623293757439 69.29660034179688 -0.5625987648963928 0.041194017976522446 0.8256936073303223 -1634.8551025390625
* 0.7851762175559998 0.016937483102083206 0.6189999580383301 -557.1915893554688 0.025328565388917923 0.9979516267776489 -0.059188395738601685 72.00882720947266 -0.6187057495117188 0.06198388338088989 0.7831636667251587 -1619.70849609375
* 0.7876195907592773 0.025276273488998413 0.6156021952629089 -549.658935546875 0.02560463175177574 0.9969964623451233 -0.07344761490821838 71.2819595336914 -0.6155809760093689 0.07344358414411545 0.7846338152885437 -1622.3692626953125
* 0.7931649684906006 0.010529797524213791 0.6088743209838867 -547.8734741210938 0.042239733040332794 0.9965353608131409 -0.07200805097818375 67.61072540283203 -0.6074969172477722 0.08266496658325195 0.7899987697601318 -1629.6903076171875
* 0.7965099811553955 -0.013093516230583191 0.6044419407844543 -550.7426147460938 0.04897020012140274 0.9979147911071777 -0.04266168177127838 66.16326141357422 -0.6025978922843933 0.06341121345758438 0.7955117225646973 -1642.35595703125
* 0.7891749143600464 0.007188905496150255 0.6140853762626648 -549.5001220703125 0.07541011273860931 0.9912837147712708 -0.10826750099658966 65.9852066040039 -0.6094908118247986 0.1315826177597046 0.7817870378494263 -1629.513671875
* 0.7763984203338623 -0.02247314155101776 0.6298016309738159 -555.5733032226563 0.07454469799995422 0.995663046836853 -0.056125883013010025 63.92896270751953 -0.6257886290550232 0.09035537391901016 0.7747312784194946 -1621.049560546875
* 0.7927287220954895 -0.02067214623093605 0.609182596206665 -569.1419677734375 0.09066732227802277 0.9923533797264099 -0.08406012505292892 59.750640869140625 -0.6027688980102539 0.12170112878084183 0.788569986820221 -1626.3963623046875
* 0.7951605319976807 -0.018333839252591133 0.6060801148414612 -581.3283081054688 0.09141939878463745 0.9917917251586914 -0.08968650549650192 56.51580810546875 -0.5994431972503662 0.12655408680438995 0.7903391718864441 -1627.2357177734375
* 0.7808876037597656 -0.03495756536722183 0.6236522197723389 -595.9900512695313 0.07052430510520935 0.9970171451568604 -0.03217452019453049 61.073787689208984 -0.6206461787223816 0.06893779337406158 0.7810441255569458 -1643.785400390625
* 0.7700953483581543 -0.02581389620900154 0.6373667120933533 -595.68603515625 0.10754755884408951 0.9901803135871887 -0.08960134536027908 72.34870910644531 -0.6287806034088135 0.13738015294075012 0.765340268611908 -1636.4263916015625
* 0.7910515666007996 -0.04535847157239914 0.6100242137908936 -599.4403076171875 0.09693534672260284 0.9939812421798706 -0.051543623208999634 84.64949798583984 -0.6039980053901672 0.09973692148923874 0.7907105088233948 -1650.8988037109375
* 0.7676886320114136 -0.022596701979637146 0.6403850317001343 -591.775146484375 0.11724497377872467 0.9875129461288452 -0.10546865314245224 92.957275390625 -0.6299927234649658 0.15588077902793884 0.7607854604721069 -1635.513671875
* 0.7687699794769287 -0.04156319424510002 0.6381337642669678 -590.7675170898438 0.10649438202381134 0.9923145174980164 -0.06342459470033646 95.57694244384766 -0.6305788159370422 0.11654719710350037 0.7673143148422241 -1634.05224609375
* 0.7328193783760071 -0.025115253403782845 0.6799224019050598 -576.8450927734375 0.12472378462553024 0.9873929023742676 -0.09773004800081253 91.3927001953125 -0.6688855886459351 0.1562526524066925 0.7267471551895142 -1595.424560546875
* 0.766692042350769 -0.05079960078001022 0.6399626135826111 -585.8911743164063 0.1104712039232254 0.9924737811088562 -0.05332747846841812 92.54753112792969 -0.6324234008789063 0.11141350865364075 0.7665584683418274 -1620.494873046875
* 0.774348258972168 -0.0496540442109108 0.6307682991027832 -576.6910400390625 0.09406077861785889 0.9949080944061279 -0.03691064938902855 94.10645294189453 -0.6257070302963257 0.0877423956990242 0.7750975489616394 -1603.002685546875
* 0.7606787085533142 -0.04213157296180725 0.6477208733558655 -568.6239013671875 0.10560256242752075 0.9926699995994568 -0.059214334934949875 90.22230529785156 -0.6404638886451721 0.11327462643384933 0.759578287601471 -1594.2593994140625
* 0.7487823963165283 -0.046417973935604095 0.661150336265564 -560.9138793945313 0.1036476269364357 0.9935100078582764 -0.047402672469615936 88.88640594482422 -0.6546447277069092 0.10385129600763321 0.7487586140632629 -1578.3111572265625
* 0.7559388875961304 -0.034031905233860016 0.6537182927131653 -563.2186279296875 0.10309794545173645 0.9924165606498718 -0.06732167303562164 97.17770385742188 -0.6464551091194153 0.11811892688274384 0.7537426948547363 -1584.5296630859375
* 0.74176424741745 -0.03163208067417145 0.6698766350746155 -551.7398681640625 0.11239534616470337 0.990666925907135 -0.07744933664798737 100.8060302734375 -0.6611620187759399 0.1325712651014328 0.7384268045425415 -1558.254638671875
* 0.7419406771659851 -0.02266046777367592 0.6700447797775269 -549.2202758789063 0.10639845579862595 0.9907885789871216 -0.08407962322235107 99.96347045898438 -0.6619537472724915 0.1335052102804184 0.7375487089157104 -1559.3489990234375
* 0.7408257126808167 -0.04966368526220322 0.66982102394104 -544.96240234375 0.10450757294893265 0.9936763048171997 -0.04168243706226349 101.48330688476563 -0.6635013222694397 0.10071103274822235 0.7413554191589355 -1550.716552734375
* 0.765385091304779 -0.03913496807217598 0.6423422694206238 -545.8767700195313 0.11391295492649078 0.9906713962554932 -0.0751388669013977 105.377685546875 -0.6333966851234436 0.13051213324069977 0.7627317905426025 -1557.767822265625
* 0.7579913139343262 -0.05620238184928894 0.6497999429702759 -531.1817626953125 0.09756281226873398 0.9948748350143433 -0.027523722499608994 105.06128692626953 -0.6449072360992432 0.0840890035033226 0.759610652923584 -1526.0701904296875
* 0.7742515802383423 -0.04220752418041229 0.6314288973808289 -530.486328125 0.11619354039430618 0.9903382062911987 -0.07603515684604645 106.93560791015625 -0.6221061944961548 0.13206911087036133 0.7717034816741943 -1539.873046875
* 0.800645649433136 -0.030639154836535454 0.5983119606971741 -536.2756958007813 0.10043969005346298 0.9914695620536804 -0.0833783894777298 112.77088928222656 -0.5906375050544739 0.1266818791627884 0.7969213724136353 -1572.824462890625
* 0.7835623621940613 -0.0319293811917305 0.6204513311386108 -523.291748046875 0.10495899617671967 0.9911741018295288 -0.08129860460758209 117.98246765136719 -0.6123647689819336 0.1286555528640747 0.7800267934799194 -1554.5267333984375
* 0.8086663484573364 -0.03994220495223999 0.5868668556213379 -518.8302001953125 0.10429446399211884 0.9916677474975586 -0.07595846056938171 123.32099151611328 -0.5789275765419006 0.12246277183294296 0.8061205744743347 -1563.1895751953125
* 0.8196741938591003 -0.04840455204248428 0.5707369446754456 -511.92889404296875 0.09711848199367523 0.9937821626663208 -0.05492793768644333 129.42796325683594 -0.5645125508308411 0.10028240829706192 0.8193007111549377 -1571.3006591796875
* 0.8376268148422241 -0.03399237245321274 0.5451377630233765 -505.6581726074219 0.09180300682783127 0.9926742911338806 -0.07888056337833405 138.8031005859375 -0.5384446382522583 0.11594860255718231 0.834636390209198 -1579.5390625
* 0.8467134833335876 -0.018281076103448868 0.5316873788833618 -498.8249206542969 0.10309414565563202 0.986168384552002 -0.12998324632644653 147.85336303710938 -0.5219405293464661 0.16470448672771454 0.8369200229644775 -1588.085693359375
* 0.8283028602600098 -0.011098292656242847 0.5601255297660828 -488.0389709472656 0.11418166756629944 0.9822317957878113 -0.1491154581308365 150.94989013671875 -0.5485039949417114 0.1873016059398651 0.8148902654647827 -1579.7005615234375
* 0.8474734425544739 -0.019982781261205673 0.530413806438446 -486.74761962890625 0.0985046774148941 0.9879158139228821 -0.11988049000501633 158.8196258544922 -0.5215913653373718 0.15367557108402252 0.8392323851585388 -1596.851806640625
* 0.8317765593528748 -0.0462772399187088 0.5531324148178101 -484.3253173828125 0.08295509219169617 0.9957290887832642 -0.04116188734769821 168.12782287597656 -0.548845648765564 0.07995282858610153 0.832082211971283 -1605.1636962890625
* 0.8305837512016296 -0.012501917779445648 0.5567077398300171 -482.148193359375 0.10255332291126251 0.9861453175544739 -0.13058537244796753 171.8402557373047 -0.5473460555076599 0.16538658738136292 0.8203927874565125 -1603.400390625
* 0.8242790102958679 0.009185576811432838 0.5660642385482788 -480.77386474609375 0.10229410231113434 0.9810671210289001 -0.16460682451725006 175.15794372558594 -0.5568430423736572 0.1934206634759903 0.8077740669250488 -1591.0384521484375
* 0.8267779350280762 0.011193378828465939 0.5623717308044434 -485.86285400390625 0.11168656498193741 0.9767062067985535 -0.18336647748947144 182.87916564941406 -0.5513099431991577 0.21424701809883118 0.8063126802444458 -1589.2210693359375
* 0.8532037734985352 -1.2259557843208313E-4 0.5215288400650024 -497.8779602050781 0.08773824572563171 0.9858506917953491 -0.14301270246505737 192.2771759033203 -0.5141128897666931 0.16760973632335663 0.8411774635314941 -1607.8336181640625
* 0.8374314904212952 0.007928358390927315 0.5464380979537964 -499.45166015625 0.09447558969259262 0.9828121066093445 -0.15876713395118713 194.65330505371094 -0.5382870435714722 0.1844150424003601 0.8223275542259216 -1588.22314453125
* 0.8218160271644592 -5.128855118528008E-4 0.5697078704833984 -503.90814208984375 0.11041547358036041 0.9812527298927307 -0.158125638961792 200.59490966796875 -0.5589317083358765 0.19268803298473358 0.8065055012702942 -1583.7991943359375
* 0.8158156871795654 0.03604033216834068 0.5771435499191284 -506.0176696777344 0.1188618540763855 0.9663824439048767 -0.228098526597023 207.96026611328125 -0.5659491419792175 0.25452324748039246 0.7841579914093018 -1571.426025390625
* 0.8370562791824341 0.03818256035447121 0.5457358956336975 -514.8538208007813 0.11689656227827072 0.9621365666389465 -0.246334046125412 216.36895751953125 -0.5344642996788025 0.26982733607292175 0.8009527921676636 -1569.503662109375
* 0.8332112431526184 0.04403100162744522 0.5511524677276611 -519.073486328125 0.12506289780139923 0.9560840129852295 -0.2651692032814026 221.36801147460938 -0.5386113524436951 0.2897089719772339 0.7911705374717712 -1547.2901611328125
* 0.8273695111274719 0.020959902554750443 0.5612210631370544 -524.252197265625 0.11159684509038925 0.9733234643936157 -0.20059850811958313 228.88638305664063 -0.5504395961761475 0.22843468189239502 0.8030056953430176 -1524.46728515625
* 0.8145679235458374 -0.01351956743746996 0.5798665285110474 -522.7686157226563 0.12020421773195267 0.9820260405540466 -0.14569804072380066 236.37039184570313 -0.5674614906311035 0.18821612000465393 0.8015899062156677 -1479.31298828125
#
#
#
#
#
#
#
#
#
#
#
#
#
#
#
#
#
#
#
#
#
#
#
#
#
#
#
#
#
#
#
#
#
#
#
#
#
#
#
#
#
#
#
#
#
#
#
#
#
#
#
#
#
#
#
#
#
#
#
#
#
#
#
#
#
#
#
#
#
#
#
#
#
#
#
#
#
#
#
#
#
#
#
#
#
#
#
#
#
#
* 0.9966421723365784 -0.07280721515417099 -0.03746696561574936 -453.7027893066406 0.07223530858755112 0.99725341796875 -0.016368016600608826 -170.4275360107422 0.038555391132831573 0.01360650360584259 0.9991637468338013 -1627.447998046875
* 0.9984592795372009 -0.055415041744709015 -0.002941831946372986 -444.2774963378906 0.05535066872835159 0.9982976317405701 -0.01839122548699379 -188.0429229736328 0.003955613821744919 0.018199939280748367 0.9998264312744141 -1659.351318359375
* 0.9981732368469238 -0.05943544581532478 -0.010864485055208206 -425.5074157714844 0.059011898934841156 0.997616708278656 -0.03575665131211281 -197.59715270996094 0.012963445857167244 0.03505007550120354 0.9993013739585876 -1655.1951904296875
* 0.9976106286048889 -0.06907165795564651 0.0015917588025331497 -414.955322265625 0.06875790655612946 0.9948216080665588 0.07484904676675797 -204.46063232421875 -0.006753813475370407 -0.07456085085868835 0.9971935153007507 -1672.640869140625
* 0.9980617761611938 -0.06154170259833336 0.009259140118956566 -402.6251525878906 0.061021845787763596 0.9969550371170044 0.0485493466258049 -206.9347686767578 -0.012219112366437912 -0.04789034277200699 0.9987777471542358 -1668.7935791015625
* 0.9963435530662537 -0.05803312733769417 -0.06270579993724823 -393.51458740234375 0.06245705857872963 0.9955133199691772 0.07108065485954285 -214.299072265625 0.05829904228448868 -0.07473728060722351 0.9954975247383118 -1659.4488525390625
* 0.9988024830818176 -0.04625621810555458 -0.01594533398747444 -392.4397888183594 0.04745998606085777 0.9951601624488831 0.08604614436626434 -220.95509338378906 0.011887621134519577 -0.0866999700665474 0.9961634278297424 -1657.831298828125
* -0.5434062480926514 -0.8218052387237549 -0.17130643129348755 -118.34529876708984 -0.1696842610836029 -0.092322438955307 0.9811647534370422 -40.72649002075195 -0.8221412897109985 0.562239408493042 -0.08927880972623825 -556.3492431640625
* 0.8621001243591309 -0.080550916492939 0.5002946853637695 -395.0597229003906 -0.02938292734324932 0.9776785969734192 0.20804259181022644 -236.26119995117188 -0.5058858394622803 -0.19405362010002136 0.8404896259307861 -1625.4244384765625
* 0.8678209781646729 -0.08504575490951538 0.4895445704460144 -391.67919921875 -0.023918412625789642 0.9769515991210938 0.21211788058280945 -246.54241943359375 -0.49630147218704224 -0.1957893967628479 0.8457844853401184 -1602.6063232421875
* 0.8724935054779053 -0.04760952293872833 0.48630061745643616 -394.76812744140625 -0.03621101379394531 0.9862057566642761 0.1615159660577774 -254.58541870117188 -0.4872826635837555 -0.15853101015090942 0.8587336540222168 -1608.7381591796875
* 0.8615221381187439 -0.08613962680101395 0.500359296798706 -391.5440979003906 -0.02702435292303562 0.9763266444206238 0.21460804343223572 -260.5211181640625 -0.5070008635520935 -0.19841140508651733 0.8387985825538635 -1585.1312255859375
* 0.8890457153320313 -0.0853646993637085 0.4497894048690796 -396.02130126953125 -0.03302978724241257 0.9679437279701233 0.24898725748062134 -272.1928405761719 -0.4566260576248169 -0.2362174093723297 0.8577260971069336 -1593.543212890625
* 0.8872026801109314 -0.0884256437420845 0.45282697677612305 -396.8602600097656 -0.04012250155210495 0.9629586338996887 0.2666485607624054 -272.4586181640625 -0.4596327543258667 -0.25473976135253906 0.8507911562919617 -1585.5555419921875
* 0.8956296443939209 -0.08201491087675095 0.437173992395401 -400.5519714355469 -0.030152851715683937 0.9693991541862488 0.24363210797309875 -271.8324279785156 -0.4437781572341919 -0.23138606548309326 0.8657492399215698 -1577.1923828125
* 0.8775738477706909 -0.05442899465560913 0.4763418734073639 -410.9930725097656 -0.03967783972620964 0.981882631778717 0.1852908432483673 -270.9980163574219 -0.47779756784439087 -0.18150654435157776 0.8595144748687744 -1582.915283203125
* 0.9163920879364014 -0.05818512663245201 0.3960303068161011 -427.8846740722656 -0.0392819307744503 0.9715317487716675 0.23363110423088074 -258.7845458984375 -0.39835044741630554 -0.2296544462442398 0.8880180716514587 -1584.207763671875
* 0.9145740270614624 -0.07404889166355133 0.397581547498703 -448.342529296875 -0.01495111919939518 0.9762324094772339 0.21621093153953552 -244.37637329101563 -0.4041427671909332 -0.20368507504463196 0.8917294144630432 -1576.670166015625
* 0.8683816194534302 -0.063407301902771 0.4918261170387268 -460.1102294921875 -0.038178451359272 0.9803003668785095 0.19378863275051117 -236.61477661132813 -0.4944254755973816 -0.18705953657627106 0.8488536477088928 -1569.017333984375
* 0.8823841214179993 -0.053144678473472595 0.4675188958644867 -462.1388854980469 -0.025323335081338882 0.9867979884147644 0.1599648892879486 -231.8277587890625 -0.46984854340553284 -0.15298950672149658 0.8693887591362 -1559.1246337890625
* 0.8441570997238159 -0.02960754558444023 0.5352776646614075 -458.70489501953125 -0.019743537530303 0.9960797429084778 0.08622961491346359 -231.1602020263672 -0.5357328653335571 -0.08335952460765839 0.8402628898620605 -1541.5726318359375
* 0.8159763216972351 -0.0860239565372467 0.571648895740509 -453.0894775390625 -0.04849560558795929 0.9751946330070496 0.21597182750701904 -236.10475158691406 -0.5760483741760254 -0.20395024120807648 0.7915635108947754 -1511.9996337890625
* 0.8115441799163818 -0.0929567962884903 0.5768492817878723 -453.7298583984375 -0.052945200353860855 0.9715033173561096 0.23103764653205872 -247.91925048828125 -0.5818881392478943 -0.21803854405879974 0.7834957242012024 -1507.399169921875
* 0.8438858985900879 -0.06250181049108505 0.5328695774078369 -459.0629577636719 -0.03464418277144432 0.9847712516784668 0.17036892473697662 -257.73321533203125 -0.5354037880897522 -0.1622326821088791 0.8288687467575073 -1520.6539306640625
* 0.8347376585006714 -0.10345294326543808 0.5408421754837036 -456.83221435546875 -0.05730024725198746 0.9605419635772705 0.27216866612434387 -259.73040771484375 -0.5476590394973755 -0.25817975401878357 0.7958723902702332 -1518.0364990234375
* 0.8269515633583069 -0.10775665938854218 0.5518507957458496 -449.6434631347656 -0.06365065276622772 0.9572156071662903 0.2822883725166321 -266.2607421875 -0.5586594939231873 -0.2685644030570984 0.7847118973731995 -1506.302001953125
* 0.8531821370124817 -0.08159242570400238 0.515191912651062 -448.66656494140625 -0.06366881728172302 0.9640153050422668 0.2581099271774292 -275.3421936035156 -0.5177134871482849 -0.2530163824558258 0.817285418510437 -1513.788818359375
* 0.8170269727706909 -0.07138372957706451 0.5721635818481445 -445.5417175292969 -0.08083254843950272 0.9683284163475037 0.23623308539390564 -278.1626281738281 -0.5709062218666077 -0.23925819993019104 0.7853798866271973 -1506.183349609375
* 0.8431507349014282 -0.07190906256437302 0.5328468680381775 -449.4823303222656 -0.06832115352153778 0.9686553478240967 0.23882818222045898 -285.1958923339844 -0.5333196520805359 -0.23777282238006592 0.811809241771698 -1521.1595458984375
* 0.8775105476379395 -0.07401081174612045 0.47381165623664856 -448.1200256347656 -0.06390230357646942 0.9611625671386719 0.2684824764728546 -282.71990966796875 -0.4752814471721649 -0.2658737599849701 0.838700532913208 -1524.7506103515625
* 0.868615984916687 -0.10009699314832687 0.485269695520401 -446.57354736328125 -0.054972149431705475 0.9538678526878357 0.29515084624290466 -272.5732421875 -0.49242764711380005 -0.28304895758628845 0.8230420351028442 -1527.0888671875
* 0.856432318687439 -0.07226917892694473 0.5111758708953857 -450.03839111328125 -0.06385266780853271 0.9677230715751648 0.24379238486289978 -262.63726806640625 -0.5122960805892944 -0.24143153429031372 0.8241744041442871 -1541.6710205078125
* 0.8590327501296997 -0.06415490061044693 0.5078845620155334 -451.9736328125 -0.05443612486124039 0.9750435948371887 0.2152358889579773 -251.4992218017578 -0.5090188384056091 -0.2125418484210968 0.8341017365455627 -1548.75439453125
* 0.8720630407333374 -0.06247339025139809 0.48538947105407715 -444.6669921875 -0.05271073430776596 0.9740592837333679 0.22006787359714508 -239.41200256347656 -0.4865473508834839 -0.21749819815158844 0.8461478352546692 -1535.9591064453125
* 0.8686262965202332 -0.07539823651313782 0.48969706892967224 -442.1631774902344 -0.0440547801554203 0.9726859927177429 0.22790561616420746 -232.648681640625 -0.49350598454475403 -0.21953822672367096 0.8415787220001221 -1542.3216552734375
* 0.8391425609588623 -0.08118708431720734 0.5378178954124451 -437.7776184082031 -0.06857667863368988 0.9651148319244385 0.2526862919330597 -227.5215301513672 -0.5395717024803162 -0.24892151355743408 0.8043010830879211 -1529.11962890625
* 0.8451187610626221 -0.07638301700353622 0.5290932655334473 -441.9295959472656 -0.06859593838453293 0.9660627841949463 0.2490321844816208 -228.29696655273438 -0.5301599502563477 -0.24675536155700684 0.8111979365348816 -1535.8095703125
* 0.875338613986969 -0.05142097547650337 0.4807680547237396 -450.925537109375 -0.03519474342465401 0.9849153757095337 0.1694192886352539 -228.68878173828125 -0.4822283089160919 -0.16521969437599182 0.8603244423866272 -1558.863525390625
* 0.8630138039588928 -0.04372265934944153 0.5032843351364136 -445.8826904296875 -0.049270860850811005 0.9842134714126587 0.16998863220214844 -223.37998962402344 -0.502772331237793 -0.17149975895881653 0.8472352623939514 -1541.175048828125
* 0.8516470193862915 -0.05299880728125572 0.5214288830757141 -442.3240051269531 -0.04809166118502617 0.9827754497528076 0.17843618988990784 -226.57164001464844 -0.5219051241874695 -0.1770409792661667 0.8344286680221558 -1531.0562744140625
* 0.8742145299911499 -0.04369020834565163 0.4835698902606964 -449.5722961425781 -0.038295622915029526 0.9866366386413574 0.15837150812149048 -231.89010620117188 -0.48402780294418335 -0.15696924924850464 0.8608586192131042 -1554.208740234375
* 0.8656855225563049 -0.069771409034729 0.4957016110420227 -448.6649169921875 -0.04495175927877426 0.9754042029380798 0.21579140424728394 -225.45733642578125 -0.49856624007225037 -0.20909011363983154 0.8412566781044006 -1539.03955078125
* 0.8596223592758179 -0.042267195880413055 0.5091782212257385 -450.6387939453125 -0.05544484034180641 0.9829704761505127 0.175199493765831 -226.4990234375 -0.5079131126403809 -0.1788366585969925 0.8426396250724792 -1535.027587890625
* 0.8338086605072021 -0.08122816681861877 0.5460445284843445 -449.2527160644531 -0.06554684787988663 0.967552900314331 0.24401825666427612 -229.47232055664063 -0.5481488704681396 -0.23925596475601196 0.8014295101165771 -1525.9794921875
* 0.8700364828109741 -0.0694192498922348 0.4880748391151428 -455.0176696777344 -0.042640555649995804 0.9757296442985535 0.21478678286075592 -226.50401306152344 -0.4911401569843292 -0.20768405497074127 0.8459601402282715 -1533.5518798828125
* 0.8538262248039246 -0.03243492171168327 0.5195462703704834 -463.0289306640625 -0.04412916675209999 0.9899545907974243 0.13432197272777557 -225.21153259277344 -0.5186846852302551 -0.13761469721794128 0.8438176512718201 -1537.3031005859375
* 0.84064120054245 -0.0360950231552124 0.5403879284858704 -464.2808532714844 -0.043912481516599655 0.9899492263793945 0.1344323605298996 -227.05577087402344 -0.5398097038269043 -0.13673906028270721 0.8306068778038025 -1521.8665771484375
* 0.854529857635498 -0.04651172086596489 0.5173150897026062 -471.0522766113281 -0.040030337870121 0.9871227741241455 0.15487399697303772 -230.62271118164063 -0.5178577899932861 -0.1530526578426361 0.8416638374328613 -1532.7806396484375
* 0.8628513216972351 -0.027860529720783234 0.5046889781951904 -476.61053466796875 -0.029405226930975914 0.994022011756897 0.10514415800571442 -232.28907775878906 -0.5046020746231079 -0.1055641621351242 0.8568738698959351 -1544.12109375
* 0.8673909306526184 -0.05324071645736694 0.4947705566883087 -476.529541015625 -0.03305821493268013 0.9858991503715515 0.16404199600219727 -231.53363037109375 -0.496528297662735 -0.1586446613073349 0.853399932384491 -1535.7843017578125
* 0.8513228893280029 -0.0649263858795166 0.5206087231636047 -479.1997985839844 -0.043061546981334686 0.9803178906440735 0.1926717311143875 -231.36764526367188 -0.5228721499443054 -0.1864439845085144 0.8317711353302002 -1531.4967041015625
* 0.8437774181365967 -0.07281886786222458 0.5317298173904419 -481.4972229003906 -0.058231838047504425 0.9724822640419006 0.2255818247795105 -229.10458374023438 -0.5335250496864319 -0.22130435705184937 0.816318154335022 -1525.181884765625
* 0.837374210357666 -0.07194004952907562 0.5418750643730164 -482.1172180175781 -0.050949908792972565 0.9767152070999146 0.20840206742286682 -228.7443389892578 -0.5442506670951843 -0.2021188884973526 0.8142107129096985 -1520.5179443359375
* 0.8477097153663635 -0.04136789217591286 0.5288444757461548 -483.62725830078125 -0.04879751428961754 0.9866462349891663 0.15539616346359253 -231.7091827392578 -0.5282114148139954 -0.157537043094635 0.8343708515167236 -1523.091552734375
* 0.8434924483299255 -0.07344189286231995 0.5320961475372314 -487.6432800292969 -0.05227886885404587 0.9746814370155334 0.2174006998538971 -233.32650756835938 -0.5345911383628845 -0.21119314432144165 0.8182967901229858 -1524.8077392578125
* 0.8486521244049072 -0.05656284838914871 0.5259179472923279 -493.70025634765625 -0.034185465425252914 0.9863228797912598 0.16124112904071808 -234.65882873535156 -0.5278457999229431 -0.15481629967689514 0.8351112008094788 -1530.5103759765625
* 0.8157321214675903 -0.06070766597986221 0.5752348899841309 -491.64849853515625 -0.04933204874396324 0.9835526943206787 0.17375463247299194 -230.93789672851563 -0.576322615146637 -0.1701146811246872 0.7993204593658447 -1511.4368896484375
* 0.8273036479949951 -0.0702306479215622 0.5573471188545227 -495.5693054199219 -0.0535142682492733 0.977789580821991 0.20264235138893127 -230.77383422851563 -0.5592005252838135 -0.1974726915359497 0.8051703572273254 -1517.39404296875
* 0.8286998867988586 -0.06827841699123383 0.5555124878883362 -499.0547790527344 -0.04815948009490967 0.9801514744758606 0.19231203198432922 -229.76168823242188 -0.557617723941803 -0.18612204492092133 0.8089629411697388 -1522.0372314453125
* 0.8313563466072083 -0.06551563739776611 0.5518640279769897 -504.1201171875 -0.04373445734381676 0.98223477602005 0.18248961865901947 -228.62234497070313 -0.5540165305137634 -0.1758492887020111 0.8137215375900269 -1524.7564697265625
* 0.8267319202423096 -0.02477698028087616 0.5620496869087219 -508.9526672363281 -0.03265983611345291 0.9952316284179688 0.09191102534532547 -228.07870483398438 -0.5616474747657776 -0.0943421721458435 0.8219802975654602 -1521.7200927734375
