#
#
#
#
#
#
#
#
#
#
#
#
#
#
#
#
#
#
#
#
#
#
#
#
#
#
#
#
#
#
#
#
#
#
#
#
#
#
#
#
#
#
#
#
#
#
#
#
#
#
#
#
#
#
#
#
#
#
#
#
#
#
#
#
#
#
#
#
#
#
#
#
#
#
#
#
#
#
#
#
#
#
#
#
#
#
#
#
#
#
#
#
#
#
#
#
#
#
#
#
#
#
#
#
#
#
#
#
#
#
#
#
#
#
#
#
#
#
#
#
#
#
#
#
#
#
#
#
#
#
#
#
#
#
#
#
#
#
#
#
#
#
#
#
#
#
#
#
#
#
#
#
#
#
#
#
#
#
#
#
#
#
#
#
#
#
#
#
#
#
#
#
#
#
#
#
#
#
#
#
#
#
#
#
#
#
#
#
#
#
#
#
#
#
#
#
#
#
#
#
#
#
#
#
#
#
#
#
#
#
#
#
#
#
#
#
#
#
#
#
#
#
#
#
#
#
#
#
#
#
#
#
#
#
#
#
#
#
#
#
#
#
#
#
#
#
#
#
* 0.960764467716217 0.09338216483592987 0.2611713409423828 -378.79864501953125 0.11778026074171066 0.7151474952697754 -0.6889786124229431 513.3744506835938 -0.25111567974090576 0.6927074790000916 0.6760902404785156 -1927.755615234375
* 0.9583775401115417 0.07345849275588989 0.2758902609348297 -406.14862060546875 0.12300829589366913 0.7657997012138367 -0.6312047839164734 535.8189086914063 -0.2576453685760498 0.6388697028160095 0.7248897552490234 -2010.90966796875
#
#
#
#
#
#
#
#
#
#
#
#
* 0.9764068722724915 -0.04218055307865143 -0.21178218722343445 -429.8529968261719 0.024192338809370995 0.9959371089935303 -0.08676861971616745 238.49148559570313 0.21457263827323914 0.07959848642349243 0.9734581112861633 -2091.74365234375
* 0.9738649725914001 -0.026783453300595284 -0.2255462110042572 -425.6077575683594 0.01595248095691204 0.998641312122345 -0.049656908959150314 220.70533752441406 0.22656065225601196 0.04476162791252136 0.9729669094085693 -2077.40673828125
* 0.9840594530105591 -0.028645411133766174 -0.17552191019058228 -430.6288757324219 0.017592167481780052 0.9977879524230957 -0.06414426118135452 205.667236328125 0.17696213722229004 0.06003442406654358 0.9823839664459229 -2125.430908203125
* 0.9856625199317932 -0.020588615909218788 -0.16747190058231354 -432.53167724609375 0.0048767877742648125 0.9955978989601135 -0.09362496435642242 190.11505126953125 0.16865333914756775 0.09146617352962494 0.9814213514328003 -2154.85595703125
* 0.9981962442398071 -0.012316776439547539 -0.05876931920647621 -445.39727783203125 0.014725991524755955 0.9990555047988892 0.040937215089797974 179.76657104492188 0.05820100009441376 -0.041728075593709946 0.9974313974380493 -2218.284423828125
* 0.9999047517776489 -0.009954853914678097 -0.00962534174323082 -459.01416015625 0.00933499913662672 0.998077929019928 -0.06130164861679077 174.37513732910156 0.010208666324615479 0.06120627000927925 0.9980719089508057 -2268.402587890625
* 0.9976478219032288 -0.04999054968357086 -0.046914029866456985 -460.2980651855469 0.051905881613492966 0.9978207945823669 0.04079257324337959 169.6167755126953 0.04476402699947357 -0.04313068464398384 0.9980650544166565 -2262.052978515625
* 0.9919586181640625 -0.0025387739297002554 -0.126541405916214 -462.7757568359375 -0.001440719235688448 0.9995127320289612 -0.03125552833080292 157.43597412109375 0.12655028700828552 0.03118685632944107 0.9914687871932983 -2249.1640625
* 0.997591495513916 -0.014457948505878448 -0.06784779578447342 -474.337158203125 0.014453643001616001 0.999897837638855 -3.8442760705947876E-4 151.94937133789063 0.06783778965473175 -5.965642631053925E-4 0.9976952075958252 -2260.006103515625
* 0.9998058676719666 -0.004681963007897139 0.019168585538864136 -491.1859436035156 0.005037551745772362 0.9998063445091248 -0.019149193540215492 145.53302001953125 -0.019083522260189056 0.019242454320192337 0.9996316432952881 -2260.648193359375
* 0.9993541240692139 -0.03418513387441635 -0.011127777397632599 -513.2523803710938 0.03556840121746063 0.9848188757896423 0.1699163317680359 141.32540893554688 0.005141846835613251 -0.17020101845264435 0.9853949546813965 -2247.541259765625
* 0.9933186173439026 -0.042995352298021317 0.10710100829601288 -554.3162231445313 0.029612146317958832 0.9919111728668213 0.12345132231712341 150.34031677246094 -0.11155039817094803 -0.11945377290248871 0.9865521788597107 -2307.126220703125
* 0.9809322357177734 -0.033559639006853104 0.1914333999156952 -586.706298828125 0.02870076149702072 0.9991971850395203 0.028039507567882538 159.348876953125 -0.19222815334796906 -0.02200981229543686 0.9811023473739624 -2348.2060546875
* 0.9994878768920898 -0.016889147460460663 -0.02719566598534584 -586.1878051757813 0.01858592964708805 0.9977895617485046 0.06383809447288513 162.75608825683594 0.026048917323350906 -0.06431008130311966 0.9975888729095459 -2310.14990234375
* 0.9997345805168152 -0.009075146168470383 0.021195217967033386 -588.0136108398438 0.01311052031815052 0.9798317551612854 -0.19940555095672607 163.5547332763672 -0.0189664289355278 0.19963018596172333 0.9796866178512573 -2322.625732421875
* 0.9997146129608154 -0.011762076988816261 0.02081177942454815 -569.6336669921875 0.015196210704743862 0.9846228957176208 -0.17404486238956451 157.1951446533203 -0.018452942371368408 0.17431126534938812 0.9845166206359863 -2312.358154296875
* 0.9980658888816833 0.0017783938674256206 0.06214563548564911 -551.2750244140625 0.012454494833946228 0.9735684394836426 -0.22806622087955475 150.71585083007813 -0.06091675907373428 0.22839859127998352 0.9716589450836182 -2317.017333984375
* 0.9997628927230835 -0.006834068335592747 0.020692776888608932 -533.1015625 0.010867343284189701 0.9792898297309875 -0.2021835595369339 144.12928771972656 -0.018890801817178726 0.2023601531982422 0.979127824306488 -2306.755615234375
* 0.9975883960723877 -0.04800516366958618 -0.05013516545295715 -522.708984375 0.05523607134819031 0.9863991737365723 0.15482409298419952 145.8088836669922 0.042012445628643036 -0.1572185605764389 0.9866686463356018 -2310.26171875
* 0.996356725692749 -0.04057615250349045 -0.07501740753650665 -506.15118408203125 0.04977717250585556 0.9908683896064758 0.12532731890678406 144.10989379882813 0.06923848390579224 -0.12860360741615295 0.9892748594284058 -2279.76953125
* 0.9990701079368591 -0.0363246388733387 -0.023242417722940445 -506.60400390625 0.03697825223207474 0.9989018440246582 0.028855100274086 145.43585205078125 0.022160306572914124 -0.02968689799308777 0.9993124604225159 -2319.76220703125
* 0.9989805221557617 -0.038319334387779236 -0.02387969195842743 -506.21087646484375 0.04155111685395241 0.9870766401290894 0.1547834873199463 150.4994659423828 0.017631467431783676 -0.15561658143997192 0.9876590371131897 -2322.05615234375
* 0.999147891998291 -0.038821909576654434 0.014035725966095924 -517.48583984375 0.03850312530994415 0.9990286231040955 0.02154134213924408 160.4593963623047 -0.014866665005683899 -0.02098172903060913 0.9996681809425354 -2356.253662109375
* 0.9994784593582153 -0.012018920853734016 -0.029981598258018494 -511.9696350097656 0.012358315289020538 0.9998593330383301 0.0115461815148592 157.17776489257813 0.029830120503902435 -0.011910101398825645 0.9994828701019287 -2319.309326171875
* 0.9972394108772278 -0.016567392274737358 -0.07238531112670898 -505.9180603027344 -4.6336837112903595E-4 0.9734241962432861 -0.2290193885564804 150.36024475097656 0.07424724847078323 0.22842036187648773 0.9707261919975281 -2310.890625
* 0.9984608292579651 -0.04656103253364563 0.030141398310661316 -508.52734375 0.0494692400097847 0.9932711720466614 -0.10473766177892685 158.43014526367188 -0.025070130825042725 0.10606790333986282 0.9940417408943176 -2353.221435546875
* 0.9943872094154358 -0.05631516873836517 -0.0895722359418869 -493.5537109375 0.06400446593761444 0.9942773580551147 0.08556091785430908 145.00912475585938 0.08423265814781189 -0.09081250429153442 0.9922982454299927 -2291.924560546875
* 0.9982327818870544 -0.04385170340538025 -0.040108904242515564 -497.666748046875 0.04300535470247269 0.9988470077514648 -0.021447181701660156 120.31050109863281 0.04099466651678085 0.01968507468700409 0.9989643692970276 -2322.53857421875
* 0.99720299243927 -0.04342275857925415 -0.06083652377128601 -490.9779968261719 0.0429939441382885 0.9990444779396057 -0.008152891881763935 105.4354248046875 0.061123862862586975 0.005515226162970066 0.9981139302253723 -2312.037109375
* 0.9992572665214539 -0.02649221569299698 -0.02799181640148163 -490.5077209472656 0.022556500509381294 0.9909640550613403 -0.13223543763160706 94.73751831054688 0.03123362548649311 0.13150595128536224 0.9908221960067749 -2335.55126953125
* 0.997883141040802 -0.06497037410736084 0.0029270146042108536 -480.5481262207031 0.06502342224121094 0.9965543746948242 -0.051537103950977325 82.97159576416016 4.231110215187073E-4 0.05161908268928528 0.9986657500267029 -2327.072998046875
* 0.9941480159759521 -0.05041603371500969 -0.09554296731948853 -471.00408935546875 0.05447312444448471 0.9976974129676819 0.040463317185640335 76.99463653564453 0.09327433258295059 -0.04543006047606468 0.994602382183075 -2303.180908203125
* 0.9975549578666687 -0.05621162801980972 -0.041531071066856384 -474.40301513671875 0.06039924547076225 0.9923228621482849 0.1079445630311966 70.73689270019531 0.03513604402542114 -0.1101878210902214 0.9932884573936462 -2324.424560546875
* 0.9965636134147644 -0.05253569409251213 -0.06404345482587814 -470.29815673828125 0.05660020932555199 0.9963725209236145 0.06358399987220764 73.347900390625 0.06046218052506447 -0.06698930263519287 0.9959189295768738 -2321.239990234375
* 0.9999251365661621 -0.011576369404792786 0.004047498106956482 -472.8289489746094 0.011856509372591972 0.996598482131958 -0.08158222585916519 76.09461212158203 -0.003097623586654663 0.08162427693605423 0.9966572523117065 -2361.719970703125
* 0.9980385303497314 -0.04324500262737274 0.04527344927191734 -474.39776611328125 0.04434587061405182 0.998733639717102 -0.02386036142706871 74.57843017578125 -0.04419242963194847 0.025821909308433533 0.9986881017684937 -2376.590576171875
* 0.9988744258880615 -0.044865649193525314 0.015422586351633072 -472.11334228515625 0.04357609525322914 0.9962280988693237 0.07506944239139557 76.5965347290039 -0.018740711733698845 -0.07431181520223618 0.9970577359199524 -2361.43359375
* 0.9971989393234253 -0.042239896953105927 0.06173265725374222 -472.2142639160156 0.03430601954460144 0.9916678667068481 0.12418787181377411 80.35499572753906 -0.06647203117609024 -0.12172098457813263 0.9903348088264465 -2359.427001953125
* 0.9989050626754761 -0.037348248064517975 -0.02819291315972805 -475.2322998046875 0.03874719515442848 0.9979357123374939 0.05125976726412773 89.06446075439453 0.026211807504296303 -0.05229511111974716 0.9982864856719971 -2362.1708984375
* 0.998367428779602 -0.019338998943567276 -0.05375517159700394 -482.7896728515625 0.02266610972583294 0.9978080987930298 0.062208618968725204 95.49960327148438 0.05242574214935303 -0.06332465261220932 0.9966139197349548 -2386.491943359375
* 0.9929234385490417 0.008023818954825401 0.11848941445350647 -489.15777587890625 0.01213968824595213 0.9856173396110535 -0.16857017576694489 99.31952667236328 -0.11814560741186142 0.16881540417671204 0.9785401821136475 -2415.779296875
* 0.9988752603530884 0.007055100053548813 0.046898774802684784 -489.31097412109375 0.005818914622068405 0.9631070494651794 -0.2690642476081848 97.9697265625 -0.047074973583221436 0.26903384923934937 0.961978554725647 -2415.811767578125
* 0.9431084990501404 0.0022157803177833557 -0.3324791193008423 -488.3702087402344 0.06656484305858612 0.9784696698188782 0.1953733116388321 93.22309112548828 0.32574453949928284 -0.2063884735107422 0.9226549863815308 -2396.718017578125
* 0.9987725019454956 -0.0143307875841856 -0.04742460697889328 -491.990966796875 0.017847765237092972 0.9970383048057556 0.0748366266489029 92.00289154052734 0.0462031289935112 -0.07559032738208771 0.9960669279098511 -2400.06884765625
* 0.9274619817733765 0.11379760503768921 0.3561815917491913 -501.43756103515625 0.06810130923986435 0.8852119445800781 -0.4601808190345764 86.9649887084961 -0.36767005920410156 0.4510544538497925 0.8132444620132446 -2442.4130859375
* 0.9058695435523987 -0.015795813873410225 0.4232634902000427 -484.5528259277344 0.04792500287294388 0.9967097043991089 -0.06540020555257797 81.1506576538086 -0.42084383964538574 0.07952925562858582 0.903639018535614 -2384.147216796875
* 0.9109031558036804 -0.020328452810645103 0.412120521068573 -472.6575622558594 0.04066755995154381 0.9983468651771545 -0.04066992923617363 79.61480712890625 -0.4106186032295227 0.05380673706531525 0.9102170467376709 -2373.302490234375
* 0.9444962739944458 -0.02187168225646019 0.3277951180934906 -475.064208984375 0.01985003426671028 0.9997602701187134 0.009477291256189346 83.63402557373047 -0.3279305696487427 -0.002443857491016388 0.9446974992752075 -2435.220703125
* 0.9325667023658752 0.006698351353406906 0.360937237739563 -461.1817932128906 0.051474735140800476 0.9871415495872498 -0.15134872496128082 87.4601058959961 -0.35731640458106995 0.15972165763378143 0.9202237725257874 -2411.662353515625
* 0.997999370098114 -0.05249883234500885 0.03524847328662872 -468.66131591796875 0.04006914049386978 0.9563303589820862 0.2895360291004181 97.92028045654297 -0.048917755484580994 -0.2875424325466156 0.9565167427062988 -2454.21826171875
* 0.9987789988517761 -0.046430956572294235 0.016906453296542168 -454.80926513671875 0.04448188096284866 0.9938902854919434 0.10103502869606018 100.2687759399414 -0.021502690389752388 -0.1001584604382515 0.9947380423545837 -2374.15966796875
* 0.9977835416793823 -0.0441679023206234 -0.049782488495111465 -456.7322692871094 0.04717674106359482 0.9970107674598694 0.06122387945652008 99.18767547607422 0.046920906752347946 -0.06343575567007065 0.9968811869621277 -2368.58935546875
* 0.9969552755355835 -0.03275658190250397 -0.0707697793841362 -455.55999755859375 0.040419332683086395 0.9931245446205139 0.10988399386405945 92.55152893066406 0.06667507439851761 -0.11240880191326141 0.9914214015007019 -2366.52490234375
* 0.9995509386062622 -0.029960524290800095 -0.0012308582663536072 -453.19317626953125 0.029970504343509674 0.9979355335235596 0.05684218555688858 82.39678192138672 -4.8316270112991333E-4 -0.05685270205140114 0.9983813762664795 -2358.78466796875
* 0.9984903335571289 -0.004299547057598829 0.05477127805352211 -459.65740966796875 0.008422531187534332 0.997113823890686 -0.07548221200704575 76.38216400146484 -0.05429690331220627 0.07582966238260269 0.995640218257904 -2381.32568359375
* 0.9979960322380066 -0.0026735663414001465 0.06322936713695526 -466.27838134765625 0.009322264231741428 0.9944016337394714 -0.10527610778808594 67.05447387695313 -0.06260208785533905 0.10565455257892609 0.992429256439209 -2430.0224609375
* 0.9996747374534607 -0.01588372141122818 0.019983146339654922 -458.82220458984375 0.016064506024122238 0.999828040599823 -0.009500216692686081 60.85448455810547 -0.019837165251374245 0.009818612597882748 0.9997538328170776 -2401.635498046875
* 0.9982141256332397 -0.021781522780656815 0.05563580244779587 -468.2603454589844 0.017846211791038513 0.9973843097686768 0.07007434219121933 62.75223159790039 -0.05702479928731918 -0.06895547360181808 0.9959874153137207 -2413.0341796875
* 0.9994803071022034 -0.02846691943705082 -0.015166740864515305 -466.1979064941406 0.030014067888259888 0.9929076433181763 0.11505661904811859 63.46637725830078 0.011775396764278412 -0.11545094847679138 0.9932422041893005 -2345.8544921875
* 0.9897990822792053 -0.0012813638895750046 0.14246965944766998 -488.3475646972656 0.020941538736224174 0.9903983473777771 -0.13666418194770813 65.91251373291016 -0.14093433320522308 0.13825345039367676 0.9803168773651123 -2411.866455078125
* 0.7679294347763062 -0.01686416193842888 0.6403136253356934 -489.92828369140625 0.06461691856384277 0.9965947866439819 -0.0512656643986702 70.97269439697266 -0.6372724771499634 0.0807437002658844 0.7663955092430115 -2389.01513671875
* 0.952688455581665 -0.03121890500187874 0.3023436963558197 -501.1579895019531 0.03892286866903305 0.9990537166595459 -0.01952614262700081 76.59930419921875 -0.3014547824859619 0.030370933935046196 0.9529954791069031 -2406.05908203125
* 0.9049293398857117 -0.007667966187000275 0.4254949390888214 -498.5018310546875 0.04842527210712433 0.9951988458633423 -0.08508192747831345 77.08003234863281 -0.4228055477142334 0.0975978747010231 0.9009484052658081 -2367.755859375
* 0.9599506855010986 -0.01888461969792843 0.27953553199768066 -507.9817810058594 0.027445239946246147 0.9992667436599731 -0.026783537119627 79.61322021484375 -0.27883175015449524 0.03338320180773735 0.959758460521698 -2422.47998046875
* 0.9426038861274719 -0.06017006188631058 0.32845035195350647 -497.6917724609375 0.05605769902467728 0.9981886148452759 0.02194911427795887 80.05085754394531 -0.3291826844215393 -0.002276219427585602 0.9442623257637024 -2404.79931640625
* 0.9207615256309509 -0.04048965871334076 0.38802194595336914 -485.630126953125 0.03882956504821777 0.999174952507019 0.012091591022908688 77.88320922851563 -0.38819754123687744 0.0039339871145784855 0.9215666055679321 -2383.153076171875
* 0.9625349044799805 -0.034893665462732315 0.26890721917152405 -481.7855224609375 0.036064792424440384 0.9993516206741333 5.420083180069923E-4 73.31372833251953 -0.26875877380371094 0.00917704775929451 0.9631626009941101 -2402.567138671875
* 0.9696630239486694 -0.022055303677916527 0.24345311522483826 -478.3594055175781 0.037977222353219986 0.9974204897880554 -0.06094944849610329 69.75077819824219 -0.24148806929588318 0.06834636628627777 0.9679926633834839 -2425.866455078125
* 0.9549298882484436 -0.002007480710744858 0.2968282103538513 -458.48052978515625 0.03378837928175926 0.9942111372947693 -0.10201635211706161 63.0022087097168 -0.2949119210243225 0.10744770616292953 0.9494627714157104 -2373.98046875
* 0.9179400205612183 0.013692310079932213 0.39648541808128357 -456.6889343261719 0.038262613117694855 0.9916882514953613 -0.12286195904016495 62.88273239135742 -0.39487823843955994 0.12795016169548035 0.9097787737846375 -2390.55029296875
* 0.9323658347129822 0.01774252951145172 0.3610832393169403 -454.3745422363281 0.07849123328924179 0.9650290012359619 -0.2501258850097656 66.71171569824219 -0.3528999984264374 0.26154980063438416 0.8983600735664368 -2373.921875
* 0.9395022392272949 -0.007036026567220688 0.34247344732284546 -464.26837158203125 0.04252404719591141 0.9944499135017395 -0.09625887125730515 73.04821014404297 -0.3399019241333008 0.10499879717826843 0.9345799088478088 -2391.851806640625
* 0.9368272423744202 -0.015294630080461502 0.3494607210159302 -472.13299560546875 0.06092549115419388 0.9909058809280396 -0.11999279260635376 79.97750854492188 -0.34445393085479736 0.1337035447359085 0.9292322397232056 -2397.487548828125
* 0.9980060458183289 0.0063514369539916515 0.06281572580337524 -475.9709167480469 0.007472371682524681 0.9760134220123291 -0.2175927609205246 88.7403335571289 -0.0626993402838707 0.217627614736557 0.9740148186683655 -2398.55322265625
* 0.9998332262039185 -0.008686810731887817 -0.01612970232963562 -487.67596435546875 0.0029259636066854 0.9450656175613403 -0.32687485218048096 103.0840835571289 0.01807442307472229 0.32677212357521057 0.9449291229248047 -2464.345947265625
* 0.9971534013748169 -0.0042933872900903225 0.07529103755950928 -477.4923095703125 0.02035057544708252 0.9766268730163574 -0.2139872908592224 109.22845458984375 -0.07262078672647476 0.2149098515510559 0.9739290475845337 -2410.681884765625
* 0.969822108745575 -0.0555979460477829 0.23739342391490936 -474.8571472167969 0.024940986186265945 0.9911770820617676 0.13019466400146484 114.57439422607422 -0.2425447702407837 -0.12034336477518082 0.9626458287239075 -2387.4365234375
* 0.968855082988739 -0.027634695172309875 0.24608485400676727 -488.8870544433594 0.025406457483768463 0.9996053576469421 0.01217823475599289 123.63444519042969 -0.24633155763149261 -0.005546078085899353 0.969168484210968 -2433.477783203125
* 0.9818017482757568 -0.0274733267724514 -0.18791556358337402 -476.1135559082031 0.03733675554394722 0.9980924725532532 0.049214210361242294 126.54814910888672 0.18619570136070251 -0.05533378943800926 0.9809519648551941 -2343.858154296875
* 0.9997278451919556 0.02220803126692772 0.007255062460899353 -492.3812561035156 -0.018292594701051712 0.9369509220123291 -0.3489885926246643 134.51852416992188 -0.014556586742401123 0.34875959157943726 0.9370978474617004 -2396.24755859375
* 0.9934059977531433 -0.032120488584041595 -0.11006653308868408 -493.377685546875 0.048203278332948685 0.9879869818687439 0.14684343338012695 140.61355590820313 0.10401862114667892 -0.15117928385734558 0.9830172061920166 -2358.383056640625
* 0.9990788698196411 -0.03160637244582176 -0.029058121144771576 -507.169677734375 0.03204267844557762 0.9993752241134644 0.01508367620408535 147.46112060546875 0.028554493561387062 -0.016000038012862206 0.9994630813598633 -2375.711181640625
* 0.9994505643844604 -0.03280958905816078 -0.00490631815046072 -508.5450439453125 0.03285340219736099 0.9993942975997925 0.011694615706801414 143.89364624023438 0.004511029459536076 -0.011848542839288712 0.999918520450592 -2365.149169921875
* 0.9979848265647888 -0.053967930376529694 0.03340192139148712 -522.2306518554688 0.051052793860435486 0.9952934384346008 0.0823989287018776 153.9554901123047 -0.037700019776821136 -0.08052629977464676 0.9960381388664246 -2401.920654296875
* 0.9962099194526672 -0.06373807042837143 0.05920509621500969 -529.9501953125 0.05922870337963104 0.9954370856285095 0.07484642416238785 159.51431274414063 -0.06371378153562546 -0.07105474919080734 0.9954343438148499 -2386.4580078125
* 0.9980747699737549 -0.062029365450143814 -0.0011105348821729422 -533.0693359375 0.061564136296510696 0.9882755875587463 0.13973581790924072 167.42681884765625 -0.007578758057206869 -0.13953347504138947 0.9901871085166931 -2367.27587890625
* 0.9974844455718994 -0.05235348641872406 0.04781254753470421 -541.50634765625 0.04794299602508545 0.9948863983154297 0.0889240950345993 178.9333953857422 -0.05223187059164047 -0.08640676736831665 0.9948886036872864 -2378.2841796875
* 0.9985399842262268 -0.05355094000697136 0.007226075977087021 -543.6898193359375 0.053009822964668274 0.9967838525772095 0.06014024838805199 180.7694549560547 -0.010431941598653793 -0.059668153524398804 0.998162567615509 -2357.148193359375
* 0.9957191348075867 -0.038262974470853806 0.08415083587169647 -553.7867431640625 0.04095157980918884 0.9986950159072876 -0.030598919838666916 172.26318359375 -0.08287839591503143 0.033914707601070404 0.9959812164306641 -2384.76953125
* 0.9927953481674194 -0.06549616158008575 0.1003478392958641 -563.7523803710938 0.05461640655994415 0.9927098751068115 0.1074669286608696 148.2578582763672 -0.10666298866271973 -0.10121048241853714 0.9891294240951538 -2406.651611328125
* 0.9081397652626038 -0.13723796606063843 0.39553752541542053 -556.3763427734375 0.02640458382666111 0.9616522192955017 0.2730068266391754 116.87666320800781 -0.4178422689437866 -0.23748159408569336 0.8769310116767883 -2368.32666015625
* 0.9975486993789673 -0.04527907446026802 0.05337173491716385 -554.0028686523438 0.04879011958837509 0.9965842366218567 -0.06666089594364166 104.32512664794922 -0.05017952620983124 0.06910207122564316 0.9963454008102417 -2356.6796875
* 0.9980644583702087 -0.032143834978342056 0.05325697362422943 -554.120849609375 0.03786781430244446 0.9931622743606567 -0.11044905334711075 96.5046615600586 -0.049351003021001816 0.11225224286317825 0.992452085018158 -2370.69140625
* 0.9987190365791321 -0.023153889924287796 0.04501447081565857 -548.7286987304688 0.02769191935658455 0.9942740797996521 -0.10323004424571991 91.82710266113281 -0.04237503558397293 0.10434455424547195 0.9936366677284241 -2390.9931640625
* 0.9984615445137024 -0.05510268360376358 0.006358109414577484 -535.9031982421875 0.05486297234892845 0.9979917407035828 0.0317290797829628 82.95234680175781 -0.008102323859930038 -0.03133031725883484 0.9994748830795288 -2379.065673828125
* 0.9982151985168457 -0.0421392060816288 -0.04234318807721138 -522.7213745117188 0.045156463980674744 0.9962873458862305 0.07332508265972137 63.99433517456055 0.03908728063106537 -0.07510507106781006 0.9964079260826111 -2376.261962890625
* 0.9970263242721558 -0.07114094495773315 0.02966051921248436 -516.3004760742188 0.06829934567213058 0.9938268065452576 0.08745049685239792 44.021244049072266 -0.03570720925927162 -0.08516315370798111 0.9957256317138672 -2385.7216796875
* 0.9882800579071045 -0.022124405950307846 0.15104711055755615 -513.3697509765625 0.035846926271915436 0.9954046010971069 -0.08881838619709015 29.230134963989258 -0.1483958512544632 0.09319226443767548 0.9845258593559265 -2401.030029296875
* 0.9771052002906799 -0.038798388093709946 0.20919431746006012 -513.807861328125 0.03086615726351738 0.9986844658851624 0.040996305644512177 20.274023056030273 -0.21051724255084991 -0.033599719405174255 0.9770112633705139 -2416.2275390625
* 0.9371584057807922 -0.007280997931957245 0.3488312363624573 -516.1441040039063 0.021917277947068214 0.9990370273590088 -0.03806315362453461 19.98084831237793 -0.34822478890419006 0.04331698268651962 0.9364083409309387 -2437.67578125
* 0.9526739716529846 -0.016592498868703842 0.3035440146923065 -504.1645202636719 0.061458174139261246 0.9884001612663269 -0.13889652490615845 27.654062271118164 -0.29772523045539856 0.15097832679748535 0.9426360130310059 -2403.064453125
* 0.9079272150993347 0.012415640987455845 0.4189462959766388 -490.7798767089844 0.06559670716524124 0.9830315709114075 -0.17131935060024261 37.116233825683594 -0.4139704406261444 0.18302658200263977 0.891698956489563 -2367.216796875
* 0.9308875203132629 -0.01962875761091709 0.36478081345558167 -491.5401916503906 0.042840637266635895 0.9975312948226929 -0.055680401623249054 40.74155044555664 -0.3627937138080597 0.06746002286672592 0.9294230937957764 -2399.624267578125
* 0.9079466462135315 -0.01864113099873066 0.4186730980873108 -480.2374267578125 0.04983026161789894 0.9967256188392639 -0.06371259689331055 34.010746002197266 -0.4161204695701599 0.07871057093143463 0.9058949947357178 -2364.49267578125
* 0.8999112248420715 -0.005993540398776531 0.43603384494781494 -479.0553894042969 0.04964510351419449 0.994812548160553 -0.08881274610757828 24.142337799072266 -0.433245450258255 0.10157068818807602 0.8955328464508057 -2371.315673828125
* 0.9017156958580017 0.0010742940939962864 0.4323301613330841 -480.1966247558594 0.03706921637058258 0.9961221218109131 -0.07981780171394348 15.443239212036133 -0.4307452142238617 0.08799926191568375 0.8981714844703674 -2377.554931640625
* 0.9421377778053284 -0.03837237507104874 0.33302533626556396 -489.147705078125 0.011828610673546791 0.9966187477111816 0.08133558928966522 13.03442096710205 -0.33502697944641113 -0.07268889993429184 0.9393991231918335 -2399.409912109375
* 0.9153263568878174 0.02276689186692238 0.4020712375640869 -497.4814147949219 0.06390821188688278 0.9775333404541016 -0.20086969435214996 18.6673583984375 -0.3976173400878906 0.20955637097358704 0.8932995200157166 -2394.458740234375
* 0.9464600086212158 0.015236519277095795 0.3224642276763916 -504.541015625 0.027056187391281128 0.9916248321533203 -0.12630292773246765 25.771549224853516 -0.32169467210769653 0.1282651424407959 0.9381141066551208 -2388.92626953125
* 0.9569319486618042 0.0064441002905368805 0.29024389386177063 -511.0565185546875 0.0307460967451334 0.9918788075447083 -0.12343189120292664 29.312591552734375 -0.28868913650512695 0.12703968584537506 0.9489557147026062 -2391.68310546875
* 0.9096980690956116 0.016462981700897217 0.4149460196495056 -515.1192626953125 0.055758800357580185 0.9853209853172302 -0.16136237978935242 31.42217445373535 -0.41151756048202515 0.16992756724357605 0.8954191207885742 -2398.437744140625
* 0.9363477230072021 -0.06916908919811249 0.344195693731308 -511.3020935058594 0.011435183696448803 0.9858956933021545 0.16698214411735535 32.990623474121094 -0.3508976399898529 -0.15241573750972748 0.9239253401756287 -2388.078125
* 0.9271343946456909 -0.03342863544821739 0.37323781847953796 -503.7824401855469 0.033060040324926376 0.9994283318519592 0.007359233219176531 32.18052673339844 -0.37327679991722107 0.005516970530152321 0.9277024269104004 -2384.816162109375
* 0.9379082322120667 -0.01204066351056099 0.3466774821281433 -492.1377258300781 0.05198265612125397 0.9929892420768738 -0.10618051141500473 31.127605438232422 -0.34297505021095276 0.11760884523391724 0.9319517612457275 -2378.924072265625
* 0.9172844290733337 0.06162039190530777 0.39343926310539246 -503.0096740722656 0.05114002525806427 0.9615435004234314 -0.2698569595813751 33.787776947021484 -0.39494383335113525 0.26765480637550354 0.8788503408432007 -2467.022216796875
* 0.9380436539649963 0.005924809258431196 0.3464701175689697 -474.6292419433594 0.03667852655053139 0.9925373196601868 -0.11631122976541519 36.97844314575195 -0.34458020329475403 0.1218128651380539 0.9308188557624817 -2355.019775390625
* 0.9985607862472534 0.009094194509088993 0.05287450924515724 -471.1889953613281 0.004075520671904087 0.969772458076477 -0.24398483335971832 39.35581970214844 -0.05350358039140701 0.2438485324382782 0.9683350324630737 -2389.906982421875
* 0.9278309345245361 0.02031892165541649 0.37244993448257446 -457.876953125 0.05927059426903725 0.9777929782867432 -0.2010268270969391 41.76250076293945 -0.36827003955841064 0.20859363675117493 0.9060150384902954 -2398.303466796875
* 0.9199916124343872 0.02004161849617958 0.39142799377441406 -446.1633605957031 0.026115279644727707 0.9933364391326904 -0.1122698113322258 42.515926361083984 -0.39107608795166016 0.11350935697555542 0.9133304357528687 -2403.822509765625
* 0.9108826518058777 -3.4992449218407273E-4 0.4126679599285126 -430.3575439453125 0.03555896878242493 0.9963464140892029 -0.07767273485660553 41.610172271728516 -0.41113921999931335 0.08542490005493164 0.9075596928596497 -2373.013427734375
* 0.9448304176330566 -0.018143387511372566 0.32706016302108765 -422.8957824707031 0.030801277607679367 0.9989624619483948 -0.033599551767110825 37.089942932128906 -0.32611802220344543 0.04182020202279091 0.944402277469635 -2356.90380859375
* 0.9202283620834351 0.012379700317978859 0.3911885619163513 -425.645751953125 0.04261830076575279 0.9903846383094788 -0.13162672519683838 35.67372512817383 -0.3890629708766937 0.1377982199192047 0.9108453392982483 -2400.05126953125
* 0.9684659242630005 -0.011502200737595558 0.24888421595096588 -421.54217529296875 0.03737753629684448 0.9943332672119141 -0.0995381623506546 35.61585235595703 -0.24633628129959106 0.10570210218429565 0.9634017944335938 -2403.650634765625
* 0.9211266040802002 0.0015676813200116158 0.38926243782043457 -415.9002380371094 0.051895301789045334 0.990568995475769 -0.12682101130485535 35.209259033203125 -0.3857964277267456 0.13701896369457245 0.912351131439209 -2384.314697265625
* 0.9481289982795715 -0.003733259392902255 0.31786686182022095 -411.5780029296875 0.04884996637701988 0.9897619485855103 -0.13412103056907654 34.47590255737305 -0.3141186237335205 0.1426917016506195 0.9385979771614075 -2363.63134765625
* 0.9733883142471313 0.05371234193444252 0.2227821797132492 -420.3087158203125 0.03597394749522209 0.9242605566978455 -0.38006818294525146 36.27154541015625 -0.22633053362369537 0.37796667218208313 0.8977267146110535 -2417.7607421875
* 0.9747555255889893 0.026713108643889427 0.22167474031448364 -411.8482971191406 0.030820481479167938 0.9672040343284607 -0.2521309554576874 38.848819732666016 -0.2211473286151886 0.25259730219841003 0.9419586062431335 -2368.2607421875
* 0.9428327679634094 0.009071909822523594 0.33314526081085205 -418.0985412597656 0.0545225515961647 0.9819579124450684 -0.18107858300209045 45.341697692871094 -0.32878410816192627 0.188890278339386 0.925321102142334 -2391.329345703125
* 0.9322399497032166 -0.016585178673267365 0.3614625930786133 -421.12384033203125 0.03258175030350685 0.9987391233444214 -0.03823727369308472 51.22212219238281 -0.36037924885749817 0.047423675656318665 0.9315983057022095 -2394.3974609375
* 0.9627529978752136 -0.022816797718405724 0.269420862197876 -427.4338073730469 0.014963729307055473 0.9994052648544312 0.031123287975788116 53.316978454589844 -0.2699779272079468 -0.025931887328624725 0.9625160098075867 -2427.620849609375
* 0.9053325653076172 0.012604661285877228 0.424517959356308 -416.9283752441406 0.06843838095664978 0.9821634292602539 -0.17514201998710632 53.56941604614258 -0.4191596806049347 0.18761461973190308 0.8883151412010193 -2353.1328125
* 0.9358185529708862 -0.004647133871912956 0.3524535000324249 -424.80950927734375 0.054630719125270844 0.9897400736808777 -0.132036030292511 57.45417022705078 -0.34823036193847656 0.14281639456748962 0.9264647364616394 -2372.010986328125
* 0.9317174553871155 -0.009540908969938755 0.36306044459342957 -427.7382507324219 0.06932821869850159 0.9859418869018555 -0.1520383507013321 56.787837982177734 -0.35651248693466187 0.16682690382003784 0.9192744493484497 -2370.5947265625
* 0.9779126048088074 -0.019911400973796844 0.20806676149368286 -437.2212219238281 0.029787927865982056 0.9985669851303101 -0.044498831033706665 56.10102081298828 -0.2068900614976883 0.0497141107916832 0.9770992398262024 -2417.977294921875
* 0.9977964758872986 -0.0600091926753521 0.028326287865638733 -434.0507507324219 0.058886829763650894 0.9975219964981079 0.03854408860206604 57.54258346557617 -0.03057733178138733 -0.036790214478969574 0.9988540410995483 -2398.9892578125
* 0.8085750341415405 -0.1347782015800476 0.5727499127388 -435.1961975097656 -0.021142076700925827 0.9661350846290588 0.25717562437057495 59.064231872558594 -0.5880202651023865 -0.22005274891853333 0.7783359289169312 -2406.437744140625
* 0.9527645707130432 -0.01956355758011341 0.3030812442302704 -436.189208984375 0.031648825854063034 0.9988858103752136 -0.03505229577422142 58.94448471069336 -0.30206477642059326 0.04298904538154602 0.952316403388977 -2399.563232421875
* 0.951393187046051 -0.08308717608451843 0.2965615391731262 -438.1172180175781 0.01829008013010025 0.9764747619628906 0.21486225724220276 62.86394500732422 -0.30744409561157227 -0.1989927589893341 0.930525541305542 -2398.929443359375
* 0.9596695303916931 -0.0456099696457386 0.27740800380706787 -438.8825378417969 0.022113678976893425 0.9959465861320496 0.0872061476111412 65.67774200439453 -0.2802680730819702 -0.07755368947982788 0.9567826986312866 -2394.7578125
* 0.9425610899925232 -0.04195097088813782 0.33139076828956604 -443.1520080566406 0.026049520820379257 0.9982960820198059 0.05224846303462982 69.25921630859375 -0.3330247104167938 -0.040614064782857895 0.9420418739318848 -2408.74853515625
* 0.9574312567710876 0.028210055083036423 0.28728193044662476 -439.93377685546875 0.05491602420806885 0.9592280387878418 -0.27725306153297424 75.7534408569336 -0.28339722752571106 0.28122615814208984 0.9168400764465332 -2382.753173828125
* 0.9507172107696533 0.0144496513530612 0.3097245693206787 -436.2320251464844 0.0595242977142334 0.9718207120895386 -0.22808928787708282 81.80382537841797 -0.3042994737625122 0.23528385162353516 0.9230607748031616 -2358.130859375
* 0.9192228317260742 0.005994200706481934 0.39369383454322815 -437.248291015625 0.07391280680894852 0.9794778227806091 -0.18751926720142365 85.59895324707031 -0.38674473762512207 0.2014704942703247 0.8999089002609253 -2352.298095703125
* 0.9611091613769531 -0.03790217638015747 0.2735579311847687 -452.21246337890625 0.03336363285779953 0.9992204308509827 0.021183349192142487 89.5823745727539 -0.2741546630859375 -0.011232033371925354 0.9616190195083618 -2421.07421875
* 0.9165509939193726 0.003507099114358425 0.39990419149398804 -441.49859619140625 0.07353724539279938 0.9814292788505554 -0.17717815935611725 85.83251953125 -0.3931054174900055 0.19180019199848175 0.8992657661437988 -2355.7626953125
* 0.9997298717498779 -0.0019437391310930252 -0.02318975329399109 -452.4994201660156 -0.003915978595614433 0.968372106552124 -0.24948613345623016 86.09674835205078 0.022932827472686768 0.24950891733169556 0.9680999517440796 -2411.892333984375
* 0.9042736291885376 -0.0548829548060894 0.42341291904449463 -454.8026428222656 0.05195271223783493 0.9984807968139648 0.018441736698150635 85.49639129638672 -0.4237879812717438 0.0053216516971588135 0.9057447910308838 -2429.9130859375
* 0.9404845237731934 -0.05166080594062805 0.33588898181915283 -447.1943359375 0.06761879473924637 0.9970625638961792 -0.03601493686437607 80.86314392089844 -0.3330484926700592 0.05658429116010666 0.9412093758583069 -2400.182373046875
* 0.9292626976966858 0.006302323658019304 0.3693675398826599 -438.4433898925781 0.0737597644329071 0.9765517115592957 -0.2022603452205658 79.2491683959961 -0.36198773980140686 0.2151969075202942 0.907002329826355 -2366.549560546875
* 0.940424382686615 -0.06578875333070755 0.3335798680782318 -435.03045654296875 0.04292833060026169 0.9962291121482849 0.07541869580745697 80.73338317871094 -0.33729034662246704 -0.056604623794555664 0.9396963715553284 -2369.94091796875
* 0.9518625140190125 -0.038995567709207535 0.3040373623371124 -438.3438415527344 0.052502311766147614 0.9979583621025085 -0.03641234338283539 81.86671447753906 -0.3020035922527313 0.05062255263328552 0.9519607424736023 -2410.107421875
* 0.9479377269744873 -0.013528700917959213 0.31817084550857544 -430.62359619140625 0.057306863367557526 0.9900310635566711 -0.12867675721645355 81.23279571533203 -0.31326496601104736 0.14021074771881104 0.9392572045326233 -2392.739501953125
* 0.9620409607887268 -0.019350338727235794 0.2722212076187134 -428.6714782714844 0.04624041169881821 0.9946160316467285 -0.09275803714990616 82.3189926147461 -0.26896771788597107 0.10182464122772217 0.9577506184577942 -2395.91796875
* 0.9637514352798462 -0.02441096305847168 0.2656855881214142 -427.95928955078125 0.039326269179582596 0.997925341129303 -0.05100804939866066 81.70899963378906 -0.26389631628990173 0.059607673436403275 0.9627065062522888 -2399.2109375
* 0.9310636520385742 0.05931755527853966 0.3600047826766968 -421.529541015625 0.09200321137905121 0.9166304469108582 -0.389008104801178 79.66561889648438 -0.353072851896286 0.39531123638153076 0.8479779958724976 -2372.478515625
* 0.9314700961112976 -0.0014007415156811476 0.3638174831867218 -421.4848937988281 0.05077819153666496 0.9907030463218689 -0.12622343003749847 77.79307556152344 -0.36026471853256226 0.13604705035686493 0.922875165939331 -2373.9130859375
* 0.9640515446662903 -0.06557886302471161 0.25749868154525757 -423.284912109375 0.028243614360690117 0.988874614238739 0.14605632424354553 75.90315246582031 -0.26421916484832764 -0.13353195786476135 0.9551730155944824 -2391.19189453125
* 0.9988698363304138 -0.042662471532821655 0.02098567597568035 -419.6841735839844 0.04303760081529617 0.9989067316055298 -0.0183299258351326 73.02684020996094 -0.02018892765045166 0.01921287178993225 0.9996107220649719 -2379.4912109375
* 0.9987701773643494 -0.03592928126454353 -0.03418494760990143 -419.1336975097656 0.03681308776140213 0.9989869594573975 0.025931911543011665 69.47764587402344 0.03321024030447006 -0.027157895267009735 0.9990784525871277 -2380.239990234375
* 0.999788224697113 -0.01763918437063694 0.010679058730602264 -422.27239990234375 0.019183572381734848 0.985338568687439 -0.16953609883785248 65.85346221923828 -0.007540302351117134 0.16970491409301758 0.9854651093482971 -2393.060546875
* 0.9992552995681763 -0.03859090805053711 -0.0011229189112782478 -427.3259582519531 0.03814103826880455 0.9915205836296082 -0.12423641979694366 62.920616149902344 0.005899461917579174 0.12410124391317368 0.9922510385513306 -2401.766357421875
* 0.9875545501708984 -0.03135880455374718 0.1541244387626648 -440.5968933105469 0.03611954301595688 0.9989490509033203 -0.028261035680770874 64.549072265625 -0.15308398008346558 0.03347661346197128 0.9876450300216675 -2450.8701171875
* 0.99789959192276 -0.03815024718642235 -0.05236828699707985 -435.5024719238281 0.04487767443060875 0.9899365901947021 0.13421601057052612 66.82142639160156 0.0467124879360199 -0.13628333806991577 0.9895670413970947 -2399.30712890625
* 0.9954663515090942 -0.029662564396858215 0.09037916362285614 -446.3775634765625 0.02807341143488884 0.9994325637817383 0.01867702603340149 73.66706085205078 -0.09088990092277527 -0.016054578125476837 0.9957305788993835 -2441.8134765625
