#
#
#
#
#
#
#
#
#
#
#
#
#
#
#
#
#
#
#
#
#
#
#
#
#
#
#
#
#
#
#
#
#
#
#
#
#
#
#
#
#
#
#
#
#
#
#
#
#
#
#
#
#
#
#
#
#
#
#
#
#
#
#
#
#
#
#
#
#
#
#
#
#
#
#
#
#
#
#
#
#
#
#
#
#
#
#
#
#
#
#
#
#
#
#
#
#
#
#
#
#
#
#
#
#
#
#
#
#
#
#
#
#
#
#
#
#
#
#
#
#
#
#
#
#
#
#
#
#
#
#
#
#
#
#
#
#
#
#
#
#
#
#
#
#
#
#
#
#
#
#
#
#
#
#
#
#
#
#
#
#
#
#
#
#
#
#
#
#
#
#
#
#
#
#
#
#
#
#
#
#
#
#
#
#
#
#
#
#
#
#
#
#
#
#
#
#
#
#
#
#
#
#
#
#
#
#
#
#
#
#
#
#
#
#
#
#
#
#
#
#
#
#
#
#
#
#
#
#
#
#
#
#
#
#
#
#
#
#
#
#
#
#
#
#
#
#
#
#
#
#
#
#
#
#
#
#
#
#
#
#
#
#
#
#
#
#
#
#
#
#
#
#
#
#
#
#
#
#
#
#
#
#
#
#
#
#
#
#
#
#
#
#
#
#
#
#
#
#
#
#
#
#
#
#
#
#
#
#
#
#
#
#
#
#
#
#
#
#
#
#
#
#
#
#
#
#
#
#
#
#
#
#
#
#
#
#
#
#
#
#
#
#
#
#
#
#
#
#
#
#
#
#
#
#
#
#
#
#
#
#
#
#
#
#
#
#
#
#
#
#
#
#
#
#
#
#
#
#
#
#
#
#
#
#
#
#
#
#
#
#
#
#
#
#
#
#
#
#
#
#
#
#
#
#
#
#
#
#
#
#
#
#
#
#
#
#
#
#
#
#
#
#
#
#
#
#
#
#
#
#
#
#
#
#
#
#
#
#
#
#
#
#
#
#
#
#
#
#
#
#
#
#
#
#
#
#
#
#
#
#
#
#
* 0.9966495633125305 -0.051310207694768906 -0.06369530409574509 -223.8094940185547 0.05356815457344055 0.9979761838912964 0.03426322713494301 -83.44917297363281 0.06180834397673607 -0.037560444325208664 0.9973810315132141 -528.4608154296875
* 0.9968514442443848 -0.04052383452653885 -0.06815627962350845 -219.29208374023438 0.04129509627819061 0.999097466468811 0.009946346282958984 -83.35516357421875 0.06769171357154846 -0.01272952277213335 0.9976250529289246 -531.01708984375
* 0.9944051504135132 -0.05363121256232262 -0.09100671112537384 -219.95013427734375 0.05972614139318466 0.9960551857948303 0.06562639027833939 -73.75432586669922 0.08712809532880783 -0.07069467008113861 0.9936854839324951 -535.7337646484375
* 0.9944545030593872 -0.049095749855041504 -0.09300462901592255 -218.42269897460938 0.051327936351299286 0.998444676399231 0.021762484684586525 -57.123111724853516 0.0917915552854538 -0.026415525004267693 0.995427668094635 -533.8696899414063
* 0.9949308633804321 -0.06632605195045471 -0.07558832317590714 -220.23895263671875 0.07001590728759766 0.9964259266853333 0.047257181257009506 -43.4752311706543 0.07218381017446518 -0.052309997379779816 0.9960185289382935 -542.2583618164063
* 0.9952398538589478 -0.05574672669172287 -0.07993733882904053 -220.93788146972656 0.056122951209545135 0.9984208941459656 0.0024669754784554243 -25.503660202026367 0.07967361807823181 -0.006941555999219418 0.9967966675758362 -543.196533203125
* 0.9968048334121704 -0.058828406035900116 -0.054030891507864 -224.99136352539063 0.05985172092914581 0.9980536699295044 0.0175212062895298 -14.345938682556152 0.05289503559470177 -0.020699070766568184 0.9983854293823242 -551.8540649414063
* 0.9950312972068787 -0.050957776606082916 -0.08553386479616165 -221.04287719726563 0.05125178396701813 0.9986851215362549 0.0012446535984054208 -10.244139671325684 0.08535802364349365 -0.00562224630266428 0.9963343739509583 -544.2514038085938
* 0.9962448477745056 -0.05204718932509422 -0.06919025629758835 -225.96380615234375 0.0541258379817009 0.9981269836425781 0.028515014797449112 -12.68560791015625 0.06757660210132599 -0.0321529246866703 0.9971957802772522 -552.734375
* 0.9954996705055237 -0.04446924477815628 -0.08368372917175293 -232.05821228027344 0.04791530966758728 0.9980649352073669 0.03963214531540871 -18.21318817138672 0.08175943791866302 -0.043463535606861115 0.9957038760185242 -546.114501953125
* 0.9964706301689148 -0.05519779399037361 -0.06324261426925659 -244.24063110351563 0.058040790259838104 0.997342586517334 0.04403539374470711 -31.03021240234375 0.06064396724104881 -0.04755062237381935 0.9970260858535767 -556.5787353515625
* 0.9979315400123596 -0.039670299738645554 -0.05058730021119118 -246.13629150390625 0.04089999198913574 0.9988865852355957 0.02351166121661663 -44.93498611450195 0.04959835484623909 -0.02553202211856842 0.9984427094459534 -557.3751831054688
* 0.9981737732887268 -0.03617718443274498 -0.04837820678949356 -247.9712677001953 0.03758378326892853 0.9988871812820435 0.028490744531154633 -53.097694396972656 0.04729375243186951 -0.03025691956281662 0.9984225034713745 -563.2042846679688
* 0.9986112117767334 -0.03138598054647446 -0.04231535270810127 -247.12234497070313 0.03202592581510544 0.9993813633918762 0.014534038491547108 -58.058616638183594 0.04183311387896538 -0.015869012102484703 0.9989983439445496 -563.7600708007813
* 0.9990637898445129 -0.04324154928326607 -0.0013118900824338198 -250.99734497070313 0.04325692355632782 0.9980722665786743 0.04450291767716408 -61.01763916015625 -6.149033433757722E-4 -0.04451795294880867 0.9990081191062927 -577.2874755859375
* 0.9987632632255554 -0.03174978867173195 -0.038262732326984406 -243.4674530029297 0.03179677948355675 0.9994941353797913 6.239123176783323E-4 -60.3687744140625 0.03822365775704384 -0.0018397304229438305 0.9992672204971313 -568.8547973632813
* 0.9981434941291809 -0.03841283544898033 -0.04726693779230118 -240.01925659179688 0.04048720747232437 0.9982220530509949 0.04374374821782112 -68.08826446533203 0.0455026775598526 -0.045576196163892746 0.997923731803894 -564.6788940429688
* 0.9988534450531006 -0.03362811356782913 -0.03407367691397667 -242.21534729003906 0.03453904390335083 0.9990516901016235 0.026511268690228462 -78.9991683959961 0.03314993530511856 -0.027657708153128624 0.9990673661231995 -566.6870727539063
* 0.9982724189758301 -0.040475521236658096 -0.0425894670188427 -240.53785705566406 0.0419168584048748 0.9985588192939758 0.033515263348817825 -88.121826171875 0.04117165133357048 -0.03524252399802208 0.9985301494598389 -562.13134765625
* 0.9977262020111084 -0.0352795273065567 -0.05742601305246353 -233.0709228515625 0.03720118850469589 0.9987711310386658 0.032747771590948105 -106.81629943847656 0.05620022118091583 -0.03480956330895424 0.9978123307228088 -560.929443359375
* 0.9986810088157654 -0.02357521839439869 -0.04561039060354233 -222.67259216308594 0.02411678619682789 0.9996446371078491 0.011363205499947071 -126.99870300292969 0.045326415449380875 -0.01244813296943903 0.9988943934440613 -564.4005737304688
#
#
#
#
#
#
#
#
#
#
* 0.9984084963798523 -0.055913131684064865 -0.00731674674898386 -168.05191040039063 0.05614818260073662 0.9977704882621765 0.036079566925764084 -124.88308715820313 0.005282303784042597 -0.03643446043133736 0.9993222951889038 -577.3484497070313
* 0.9981756210327148 -0.05091254413127899 -0.032447271049022675 -163.53712463378906 0.052010707557201385 0.9980764985084534 0.03374222666025162 -117.25493621826172 0.0306661669164896 -0.03536976873874664 0.9989039301872253 -574.606201171875
* 0.9979705214500427 -0.04939189925789833 -0.040183957666158676 -163.2307586669922 0.050918594002723694 0.9979898929595947 0.03773326054215431 -113.59034729003906 0.038238681852817535 -0.03970428556203842 0.9984797835350037 -570.7909545898438
* 0.9977238178253174 -0.04281553253531456 -0.052089985460042953 -164.194580078125 0.04322825372219086 0.9990429282188416 0.006698635872453451 -111.69707489013672 0.05175254866480827 -0.008936641737818718 0.9986202120780945 -567.2311401367188
* 0.9959754347801208 -0.04883944243192673 -0.07514645904302597 -164.7036895751953 0.05080203339457512 0.9984121322631836 0.02434319630265236 -112.95830535888672 0.07383745163679123 -0.028064318001270294 0.9968755841255188 -564.9938354492188
* 0.9983275532722473 -0.05060136318206787 -0.027944404631853104 -168.64199829101563 0.05192771553993225 0.9974616765975952 0.048723652958869934 -112.99978637695313 0.02540718950331211 -0.050094760954380035 0.9984214901924133 -573.7161254882813
* 0.9978703856468201 -0.048465367406606674 -0.043647974729537964 -169.37933349609375 0.04947479069232941 0.998528778553009 0.02219969779253006 -107.69659423828125 0.042507052421569824 -0.02431339956820011 0.99880051612854 -566.9591064453125
* 0.9977313876152039 -0.049999650567770004 -0.04507236182689667 -175.23782348632813 0.052206721156835556 0.9974312782287598 0.04904768243432045 -106.66578674316406 0.042503416538238525 -0.05129101127386093 0.9977790713310242 -568.0034790039063
* 0.9986168146133423 -0.05115567147731781 -0.012124110013246536 -184.2622833251953 0.051878686994314194 0.99627286195755 0.06891488283872604 -106.86540985107422 0.00855273101478815 -0.06945005804300308 0.9975488781929016 -575.4423828125
* 0.9979344010353088 -0.06052079796791077 -0.021529922261834145 -187.11279296875 0.061929695308208466 0.9954887628555298 0.07188180834054947 -102.8443374633789 0.017081622034311295 -0.07306818664073944 0.9971806406974792 -570.3639526367188
* 0.9977619051933289 -0.04163656756281853 -0.052316341549158096 -188.48191833496094 0.04243866354227066 0.9989983439445496 0.014191579073667526 -102.4481201171875 0.05167225003242493 -0.01638157106935978 0.9985296726226807 -564.5150756835938
* 0.997812807559967 -0.04938676953315735 -0.04393066465854645 -191.64950561523438 0.05124593526124954 0.9977983832359314 0.04209943860769272 -106.3497543334961 0.041753966361284256 -0.044260136783123016 0.9981470704078674 -566.1031494140625
* 0.9985043406486511 -0.050250403583049774 -0.02152090147137642 -196.22671508789063 0.05171612650156021 0.9959384202957153 0.07370270043611526 -111.3752212524414 0.01772907003760338 -0.07470696419477463 0.9970477223396301 -569.0874633789063
* 0.9977906346321106 -0.04976242780685425 -0.04400724545121193 -198.20541381835938 0.05214887112379074 0.9971399903297424 0.054701175540685654 -115.55139923095703 0.041158512234687805 -0.0568767748773098 0.9975322484970093 -565.40673828125
* 0.998022198677063 -0.05995812267065048 -0.01886422000825405 -203.20460510253906 0.06134381145238876 0.9945836663246155 0.08390616625547409 -119.6303482055664 0.013730356469750404 -0.0848989486694336 0.9962946772575378 -570.9698486328125
* 0.9987185001373291 -0.04365828260779381 -0.025581970810890198 -202.5179901123047 0.04471949487924576 0.9981066584587097 0.04222734272480011 -116.3675308227539 0.023689139634370804 -0.04331878572702408 0.9987801313400269 -570.2636108398438
* 0.9986733198165894 -0.04526989161968231 -0.024521909654140472 -197.309814453125 0.04634518921375275 0.9979141354560852 0.04493700712919235 -108.14518737792969 0.022435631603002548 -0.04601540043950081 0.9986884593963623 -571.733154296875
* 0.9984933137893677 -0.038026757538318634 -0.03955003619194031 -184.3007049560547 0.03959270194172859 0.9984374642372131 0.039429061114788055 -98.26121520996094 0.03798806667327881 -0.040937092155218124 0.9984390735626221 -572.63671875
* 0.9974663853645325 -0.008461377583444118 -0.07062900066375732 -164.41123962402344 0.007226949092000723 0.9998151659965515 -0.017804088070988655 -89.63736724853516 0.07076584547758102 0.017247002571821213 0.9973435997962952 -566.6666870117188
* 0.9990031719207764 -0.023370223119854927 -0.03802359476685524 -146.5063018798828 0.02448924444615841 0.9992771744728088 0.029065465554594994 -88.89242553710938 0.03731605038046837 -0.029969200491905212 0.9988536834716797 -572.438720703125
* 0.9985548853874207 -4.3117758468724787E-4 -0.05373331531882286 -131.22816467285156 8.804677054286003E-4 0.999965488910675 0.008219936862587929 -87.92964172363281 0.0537271648645401 -0.00825693178921938 0.9985212087631226 -570.1672973632813
* 0.9980497360229492 -0.0013939359923824668 -0.06240228936076164 -124.05681610107422 0.004155798815190792 0.9990203976631165 0.04404917359352112 -85.01504516601563 0.062279004603624344 -0.044224172830581665 0.9970781207084656 -570.0367431640625
* 0.9996238350868225 -0.002783200703561306 -0.027267709374427795 -121.41923522949219 0.0036799737717956305 0.999459445476532 0.03265931084752083 -81.4495620727539 0.027161309495568275 -0.03274894505739212 0.9990941286087036 -571.525634765625
* 0.997917890548706 -0.008510787039995193 -0.06392630189657211 -121.50330352783203 0.010825409553945065 0.9992982149124146 0.03584904968738556 -78.18022918701172 0.06357558071613312 -0.036468010395765305 0.9973101615905762 -570.2676391601563
* 0.9972461462020874 -0.015937509015202522 -0.07242317497730255 -122.92721557617188 0.02125519886612892 0.9970926642417908 0.07316853106021881 -76.56531524658203 0.07104573398828506 -0.07450798898935318 0.9946861267089844 -569.5724487304688
* 0.9992754459381104 -0.015147196128964424 -0.03490004315972328 -128.80311584472656 0.01741064339876175 0.9977132081985474 0.06530275195837021 -79.58592987060547 0.03383030369877815 -0.06586465239524841 0.9972546100616455 -572.4072875976563
* 0.9983788132667542 -0.02038852870464325 -0.05313032120466232 -137.9053192138672 0.023111902177333832 0.998429000377655 0.051035456359386444 -85.193603515625 0.05200553685426712 -0.052182238548994064 0.9972822666168213 -570.4299926757813
* 0.9975166320800781 -0.020768001675605774 -0.06729090958833694 -150.6770477294922 0.02770194411277771 0.9942213892936707 0.10371039062738419 -93.40603637695313 0.06474743038415909 -0.10531854629516602 0.9923281669616699 -570.7906494140625
* 0.998161256313324 -0.013583346270024776 -0.05906150862574577 -163.74778747558594 0.018325062468647957 0.9965949058532715 0.08038917183876038 -104.35134887695313 0.05776767432689667 -0.08132527768611908 0.9950119256973267 -569.9102783203125
* 0.9990463256835938 -0.022849049419164658 -0.03718758374452591 -175.63262939453125 0.02542523853480816 0.9972110986709595 0.07016532868146896 -116.78328704833984 0.03547986224293709 -0.07104551792144775 0.9968416690826416 -569.4163208007813
* 0.9986857175827026 -0.01891905814409256 -0.047616977244615555 -182.61141967773438 0.02119779959321022 0.9986376166343689 0.04767817631363869 -129.28929138183594 0.04664928838610649 -0.048626482486724854 0.9977268576622009 -568.396240234375
#
#
#
#
#
#
#
#
#
#
#
#
#
#
#
#
#
#
#
#
#
#
#
#
#
#
#
#
#
#
#
#
#
#
#
#
#
#
#
#
#
#
#
#
#
#
#
#
#
#
#
#
#
#
#
#
#
#
#
#
#
#
#
#
#
#
#
#
#
#
#
#
#
#
#
#
#
#
#
#
#
#
#
#
#
#
#
#
#
#
#
#
#
#
#
#
#
#
#
#
#
#
#
#
#
#
#
#
#
#
#
#
#
#
#
#
#
#
#
#
#
#
#
#
#
#
#
#
#
#
#
#
#
#
#
#
#
#
#
#
#
#
#
#
#
#
#
#
#
#
#
#
#
#
#
#
#
#
#
#
#
#
#
#
#
#
#
#
#
#
#
#
#
#
#
#
#
#
#
#
#
#
#
#
#
#
#
#
#
#
#
#
#
#
#
#
#
#
#
#
#
#
#
#
#
#
#
#
#
#
#
#
#
#
#
#
#
#
#
#
#
#
#
#
#
#
#
#
#
#
#
#
#
#
#
#
#
#
#
#
#
#
#
#
#
#
#
#
#
#
#
#
#
#
#
#
#
#
#
#
#
#
#
#
#
#
#
#
#
#
#
#
#
#
#
#
#
#
#
#
#
#
#
#
#
#
#
#
#
#
#
#
#
#
#
#
#
#
#
#
#
#
#
#
#
#
#
#
#
#
* 0.9990437626838684 -0.033292438834905624 -0.0283200666308403 -179.8196563720703 0.03396708518266678 0.9991248250007629 0.024422891438007355 -72.63055419921875 0.027477247640490532 -0.025358617305755615 0.999301552772522 -650.1841430664063
* 0.9998488426208496 -0.017217129468917847 0.0021606888622045517 -181.6932373046875 0.017201602458953857 0.9998499155044556 -0.0022217240184545517 -66.03971099853516 -0.0021271351724863052 0.0022613704204559326 0.9999960064888 -644.9329223632813
* 0.9986152648925781 -0.03223707154393196 0.04155825823545456 -179.16017150878906 0.02906029298901558 0.9968023300170898 0.07444054633378983 -59.24394989013672 -0.04383014142513275 -0.07312697917222977 0.9963598251342773 -644.3576049804688
* 0.9985987544059753 -0.022469142451882362 -0.04789850860834122 -173.317138671875 0.021766681224107742 0.9996551275253296 -0.014716281555593014 -52.83244323730469 0.04820770025253296 0.01365590002387762 0.9987446665763855 -630.2818603515625
* 0.9976526498794556 -0.031491219997406006 -0.06079425662755966 -174.59425354003906 0.0334971658885479 0.9989072680473328 0.03260215371847153 -47.344932556152344 0.059696245938539505 -0.03455923870205879 0.9976188540458679 -627.8828125
* 0.9967507719993591 -0.06842927634716034 -0.042472485452890396 -179.59274291992188 0.07407436519861221 0.9858210682868958 0.15056711435317993 -45.307254791259766 0.031562257558107376 -0.15322116017341614 0.987688422203064 -627.5650024414063
* 0.9962825775146484 -0.03414500504732132 0.0790809616446495 -187.95782470703125 0.031238827854394913 0.9988105297088623 0.03744767978787422 -36.92843246459961 -0.08027060329914093 -0.03483524173498154 0.9961647987365723 -638.7128295898438
* 0.9996305704116821 -0.023468000814318657 0.013659922406077385 -186.14306640625 0.023406535387039185 0.999721348285675 0.0031683780252933502 -29.084171295166016 -0.013735497370362282 -0.0028446619398891926 0.9999021887779236 -626.9365844726563
* 0.9972172379493713 -0.03693564981222153 -0.0647481307387352 -179.8784637451172 0.03958143666386604 0.9984001517295837 0.04038790985941887 -33.41680908203125 0.0631479024887085 -0.04283549636602402 0.9970851540565491 -615.080322265625
* 0.9991126656532288 -0.03907763212919235 -0.015666304156184196 -177.44325256347656 0.03959498181939125 0.9985812902450562 0.03561469167470932 -33.161312103271484 0.014247404411435127 -0.03620053082704544 0.9992436766624451 -620.9598999023438
* 0.9992353320121765 -0.034416116774082184 -0.01851523667573929 -174.1138153076172 0.034618258476257324 0.999330997467041 0.011826726607978344 -29.29520606994629 0.018090885132551193 -0.01245578657835722 0.9997594952583313 -615.5400390625
* 0.9916578531265259 -0.043873097747564316 -0.12119587510824203 -166.43887329101563 0.055112872272729874 0.99430912733078 0.0911746695637703 -31.54790496826172 0.1165013313293457 -0.09709072858095169 0.9884342551231384 -607.9356689453125
* 0.992755115032196 -0.04146920144557953 -0.112765833735466 -156.54188537597656 0.043576426804065704 0.9989148378372192 0.016466334462165833 -31.914756774902344 0.11195586621761322 -0.021258093416690826 0.9934864640235901 -613.8389282226563
#
* 0.9897719025611877 -0.024429049342870712 -0.14053235948085785 -118.03231048583984 0.02355416677892208 0.9996865391731262 -0.008729543536901474 -26.32142448425293 0.1407066136598587 0.005337998736649752 0.9900373220443726 -603.6690063476563
* 0.988776445388794 -0.03415418788790703 -0.1454276293516159 -105.56021881103516 0.034650057554244995 0.9994016289710999 6.01949286647141E-5 -29.303680419921875 0.14534366130828857 -0.005090791266411543 0.9893684983253479 -597.6446533203125
* 0.9950001239776611 -0.025844672694802284 -0.09644479304552078 -98.39360046386719 0.02443598210811615 0.9995591044425964 -0.016985304653644562 -30.956069946289063 0.09684627503156662 0.014551520347595215 0.995193362236023 -596.087158203125
* 0.995414674282074 -0.03200547397136688 -0.09011127054691315 -92.0872802734375 0.03518400341272354 0.9988519549369812 0.03257386386394501 -34.73680877685547 0.0889703780412674 -0.03558719530701637 0.9953987002372742 -598.2140502929688
* 0.9921023845672607 -0.031031867489218712 -0.12150968611240387 -84.06552124023438 0.03849295899271965 0.9975441098213196 0.058552056550979614 -35.42046356201172 0.11939942836761475 -0.0627591535449028 0.9908612370491028 -588.2420654296875
* 0.9972653388977051 -0.022396355867385864 -0.07039232552051544 -81.69261169433594 0.026424864307045937 0.998132586479187 0.0551111102104187 -33.063350677490234 0.06903160363435745 -0.056812699884176254 0.9959959387779236 -595.4498291015625
* 0.9988242387771606 -0.024304181337356567 -0.041884131729602814 -81.08326721191406 0.027683032676577568 0.9964842200279236 0.07910147309303284 -28.59372329711914 0.0398193784058094 -0.08016019314527512 0.995986819267273 -592.5460205078125
* 0.994937539100647 -0.025835227221250534 -0.09709079563617706 -81.57498931884766 0.03269011527299881 0.9971214532852173 0.06844208389520645 -23.253934860229492 0.09504815936088562 -0.07126174867153168 0.9929193258285522 -585.0572509765625
* 0.9958426356315613 -0.01638936810195446 -0.08957454562187195 -81.88238525390625 0.024485347792506218 0.9957596659660339 0.08869743347167969 -21.276948928833008 0.0877460390329361 -0.09051419049501419 0.992022693157196 -578.5794677734375
* 0.9990813732147217 -0.009028663858771324 -0.04182850569486618 -83.00180053710938 0.011075553484261036 0.9988775849342346 0.04609775170683861 -16.12894630432129 0.041370224207639694 -0.04651080071926117 0.9980612993240356 -582.6060791015625
* 0.9987831711769104 -0.002215407555922866 -0.04921252653002739 -83.6573715209961 0.0027915090322494507 0.9999556541442871 0.009228277020156384 -4.040281295776367 0.04919470474123955 -0.00934646651148796 0.9987460374832153 -579.2095947265625
* 0.9975197315216064 -0.03149716928601265 0.06290369480848312 -87.11248016357422 0.027936162427067757 0.9978958964347839 0.05854497477412224 11.808271408081055 -0.06461046636104584 -0.05663474649190903 0.9963027834892273 -585.2626953125
* 0.9936410188674927 -0.01281318161636591 -0.11183854192495346 -88.22315979003906 0.02292071469128132 0.9958152770996094 0.08849138766527176 27.401674270629883 0.11024168878793716 -0.09048433601856232 0.9897781014442444 -563.8151245117188
* 0.9958816766738892 -0.008789618499577045 -0.09020471572875977 -91.75469970703125 0.011561425402760506 0.9995166063308716 0.028931554406881332 35.86798858642578 0.08991172164678574 -0.029847417026758194 0.9955030679702759 -564.2052001953125
* 0.9901397228240967 -0.004032663069665432 -0.1400054693222046 -98.71407318115234 0.011238510720431805 0.9986947774887085 0.04986671730875969 38.23287582397461 0.13962657749652863 -0.050940606743097305 0.9888937473297119 -562.3063354492188
* 0.9910483360290527 0.01325959526002407 -0.13282251358032227 -109.0302963256836 -0.014317227527499199 0.9998683929443359 -0.007904492318630219 44.42631912231445 0.1327049732208252 0.009743422269821167 0.9911083579063416 -566.1194458007813
* 0.9857110977172852 0.02151217684149742 -0.16704846918582916 -122.19918060302734 -0.010372997261583805 0.9977301359176636 0.06656667590141296 43.986793518066406 0.1681060940027237 -0.0638747438788414 0.9836979508399963 -554.80517578125
* 0.9881611466407776 0.034470655024051666 -0.1494782716035843 -138.76539611816406 -0.033402953296899796 0.9994048476219177 0.008857176639139652 30.99997329711914 0.14969922602176666 -0.0037511601112782955 0.9887251257896423 -559.0987548828125
* 0.9923130869865417 0.031129926443099976 -0.11975062638521194 -148.7660675048828 -0.028678635135293007 0.999366819858551 0.02115529589354992 21.720958709716797 0.12033800780773163 -0.017550278455018997 0.9925785064697266 -554.0775146484375
* 0.9967116713523865 0.019732795655727386 -0.0785563588142395 -154.45689392089844 -0.013958320952951908 0.9973157644271851 0.07190641015768051 17.462020874023438 0.07976913452148438 -0.07056546211242676 0.9943132996559143 -559.19091796875
* 0.9945710897445679 0.039685361087322235 -0.09616643190383911 -156.02809143066406 -0.03895249590277672 0.999208927154541 0.008259240537881851 13.654120445251465 0.09642267227172852 -0.004460284020751715 0.9953312277793884 -552.5797119140625
* 0.9964726567268372 0.02526320517063141 -0.07999035716056824 -167.0298614501953 -0.022301867604255676 0.9990963339805603 0.03623591363430023 12.212610244750977 0.08083818107843399 -0.034316081553697586 0.9961369633674622 -557.7363891601563
* 0.9940951466560364 0.03355823829770088 -0.10316561162471771 -174.92185974121094 -0.028693361207842827 0.9984774589538574 0.04715259373188019 6.441102981567383 0.10459555685520172 -0.043905895203351974 0.9935457706451416 -546.791259765625
* 0.9969642758369446 0.029214154928922653 -0.07213345915079117 -186.09483337402344 -0.025518177077174187 0.9984237551689148 0.05002836510539055 -3.0404107570648193 0.07348594814538956 -0.04802769795060158 0.9961397051811218 -551.981201171875
* 0.9987503290176392 0.02344045415520668 -0.04407636448740959 -193.66122436523438 -0.022374577820301056 0.9995124936103821 0.021865101531147957 -5.300013542175293 0.04457204416394234 -0.020843492820858955 0.9987892508506775 -560.3787841796875
* 0.9975358843803406 0.031271178275346756 -0.06275863945484161 -192.19326782226563 -0.029812661930918694 0.9993114471435547 0.022176658734679222 -2.8008408546447754 0.06341351568698883 -0.02024286426603794 0.9977826476097107 -556.982666015625
* 0.9953990578651428 0.036693524569272995 -0.08847899734973907 -186.35687255859375 -0.03695636987686157 0.9993152618408203 -0.002673898357897997 -5.694929599761963 0.08832485973834991 0.0059396736323833466 0.9960746169090271 -551.353271484375
* 0.996217668056488 0.03542594611644745 -0.0793071761727333 -182.11314392089844 -0.035161085426807404 0.9993783831596375 0.0032426912803202868 -3.1062235832214355 0.07937732338905334 -4.3370435014367104E-4 0.9968451857566833 -553.9497680664063
* 0.9961487054824829 0.030571216717362404 -0.08214212954044342 -178.42245483398438 -0.030761094763875008 0.9995256662368774 -0.0024905356112867594 -1.1924632787704468 0.08203162997961044 0.00501590920612216 0.9966177344322205 -553.3757934570313
* 0.996536910533905 0.024106353521347046 -0.07954385876655579 -179.94293212890625 -0.021237747743725777 0.9991552233695984 0.03523983806371689 -6.373034477233887 0.08033084869384766 -0.0334203839302063 0.9962084293365479 -554.8919677734375
* 0.9977470636367798 0.025694264099001884 -0.06192602589726448 -186.5454864501953 -0.02311183698475361 0.998927116394043 0.04018094763159752 -6.7664008140563965 0.06289665400981903 -0.03865111619234085 0.9972719550132751 -557.4264526367188
* 0.9969593286514282 0.029304223135113716 -0.07216383516788483 -192.0322265625 -0.027168938890099525 0.9992187023162842 0.028772082179784775 -0.8415656089782715 0.07295522838830948 -0.02671586349606514 0.9969779849052429 -556.16015625
* 0.9976484179496765 0.026683427393436432 -0.06308562308549881 -193.69998168945313 -0.025418806821107864 0.9995002150535583 0.018900958821177483 7.114850044250488 0.06356306374073029 -0.017244840040802956 0.9978294968605042 -556.31396484375
* 0.996346116065979 0.03669185936450958 -0.07708527147769928 -191.7190704345703 -0.037108875811100006 0.9992979168891907 -0.005524101201444864 15.425814628601074 0.07683300971984863 0.008372662588953972 0.9970093965530396 -556.0830078125
* 0.9976921081542969 0.02191866934299469 -0.06421861797571182 -188.85733032226563 -0.020434224978089333 0.9995543360710144 0.021850649267435074 17.578521728515625 0.06467361003160477 -0.020479874685406685 0.9976968169212341 -554.7052001953125
* 0.9973446726799011 0.01917479932308197 -0.0702134221792221 -187.2029266357422 -0.016550863161683083 0.9992133378982544 0.036092691123485565 15.256306648254395 0.07085497677326202 -0.03482671454548836 0.996878981590271 -552.3165893554688
* 0.9968335628509521 0.03268124535679817 -0.072447270154953 -187.92367553710938 -0.033789586275815964 0.9993064999580383 -0.01577167771756649 13.057641983032227 0.07188614457845688 0.018177896738052368 0.9972476959228516 -554.2357177734375
* 0.9985260963439941 0.01961394213140011 -0.0505443774163723 -188.99227905273438 -0.01780177839100361 0.999273955821991 0.03374352306127548 11.78718090057373 0.05117418244481087 -0.03278595954179764 0.9981520175933838 -557.966064453125
* 0.997825026512146 0.029899094253778458 -0.05869368091225624 -190.8546600341797 -0.029252108186483383 0.9995255470275879 0.009844261221587658 17.169225692749023 0.05896474048495293 -0.008097791112959385 0.9982277154922485 -558.71923828125
* 0.998023509979248 0.02088990993797779 -0.05921400338411331 -194.0387725830078 -0.018336037173867226 0.9989773631095886 0.04137725383043289 28.61684799194336 0.06002248451113701 -0.04020168259739876 0.9973877668380737 -554.5380859375
* 0.9981036186218262 0.02869514189660549 -0.05439828336238861 -197.98118591308594 -0.02862798608839512 0.999592125415802 -1.6373256221413612E-4 32.1829948425293 0.05437596142292023 0.0017288820818066597 0.9985196590423584 -556.0985107421875
* 0.9962248206138611 0.016483444720506668 -0.08519282937049866 -193.82383728027344 -0.012824595905840397 0.9990398287773132 0.041937414556741714 26.155628204345703 0.08580704033374786 -0.04067852720618248 0.995481550693512 -548.0574340820313
* 0.997820258140564 0.019863029941916466 -0.06287917494773865 -193.95437622070313 -0.01962370239198208 0.9998061060905457 0.0025379308499395847 18.476116180419922 0.06292204558849335 -0.001290369895286858 0.9980181455612183 -553.0320434570313
* 0.9974098205566406 0.019538838416337967 -0.0691768079996109 -198.1814422607422 -0.015240280888974667 0.9980570077896118 0.060444921255111694 16.606945037841797 0.07022811472415924 -0.05922609940171242 0.9957718253135681 -552.3470458984375
* 0.996128499507904 0.01734037511050701 -0.08614473044872284 -208.5413818359375 -0.012503048405051231 0.9984089732170105 0.05501700937747955 17.5841064453125 0.08696643263101578 -0.05371894687414169 0.9947624802589417 -553.0150146484375
* 0.9967249035835266 0.019898802042007446 -0.07834042608737946 -218.64581298828125 -0.016335150226950645 0.9988833069801331 0.044373102486133575 16.761676788330078 0.07914061844348907 -0.042940035462379456 0.9959388375282288 -551.4927368164063
* 0.9983999729156494 0.02098052389919758 -0.05244935676455498 -228.43960571289063 -0.019691210240125656 0.999549388885498 0.022739116102457047 14.325745582580566 0.052907444536685944 -0.021661849692463875 0.9983651041984558 -554.5886840820313
* 0.9985241889953613 0.017519120126962662 -0.051343660801649094 -235.98037719726563 -0.01637069322168827 0.999659538269043 0.02041037566959858 13.241870880126953 0.05168841406702995 -0.019531644880771637 0.9984729290008545 -556.2689208984375
* 0.9991849064826965 0.015970565378665924 -0.03698695823550224 -239.60238647460938 -0.015012980438768864 0.9996280074119568 0.022851508110761642 10.772077560424805 0.03734280541539192 -0.022269532084465027 0.999055027961731 -555.306884765625
* 0.9987188577651978 0.014921991154551506 -0.04828615486621857 -241.0915069580078 -0.01372742373496294 0.9996535778045654 0.022539129480719566 9.761733055114746 0.04861043766140938 -0.02183934673666954 0.9985796809196472 -552.8821411132813
* 0.9991345405578613 0.01187886856496334 -0.03978479653596878 -244.3462371826172 -0.01070968434214592 0.9995929002761841 0.026516519486904144 10.946866035461426 0.04008828476071358 -0.026059448719024658 0.9988569617271423 -552.1297607421875
* 0.9995294213294983 0.015571574680507183 -0.02631259337067604 -249.26162719726563 -0.014763541519641876 0.9995496869087219 0.02619706094264984 13.124502182006836 0.02671331912279129 -0.025788208469748497 0.9993111491203308 -557.0221557617188
* 0.9987006187438965 0.019229507073760033 -0.047128885984420776 -248.39305114746094 -0.018606314435601234 0.9997669458389282 0.01112256571650505 14.451106071472168 0.047336433082818985 -0.010223116725683212 0.9988273978233337 -552.2573852539063
* 0.9996696710586548 0.012859353795647621 -0.02211320959031582 -249.5789794921875 -0.012684526853263378 0.9999178647994995 0.00268072122707963 18.911434173583984 0.022150520235300064 -0.002391260350123048 0.9997525215148926 -555.68017578125
* 0.9990873336791992 0.014780576340854168 -0.03999916836619377 -245.2164764404297 -0.01434462983161211 0.9998653531074524 0.008209592662751675 21.586471557617188 0.04011980816721916 -0.007620248477905989 0.9991666078567505 -553.9541625976563
* 0.9982852935791016 0.02244047448039055 -0.054008569568395615 -237.59884643554688 -0.022570019587874413 0.9997391700744629 -0.003987754229456186 18.63995361328125 0.053909655660390854 0.005208022892475128 0.9985330104827881 -552.91064453125
* 0.998673677444458 0.0205632783472538 -0.04713863879442215 -230.2130889892578 -0.02013789676129818 0.9997747540473938 0.006975668016821146 12.457489013671875 0.047276124358177185 -0.006009042728692293 0.9988645315170288 -554.7537231445313
* 0.9984261393547058 0.017207615077495575 -0.053320445120334625 -221.9324188232422 -0.018161268904805183 0.9996430277824402 -0.019689448177814484 7.2489447593688965 0.05296728387475014 0.020634956657886505 0.9983837008476257 -554.2579956054688
* 0.9984239339828491 0.01293881330639124 -0.05455421283841133 -213.8086395263672 -0.01288892887532711 0.9999183416366577 -9.074624394997954E-4 3.515122890472412 0.05454273894429207 0.0016172562027350068 0.9985107779502869 -556.1336669921875
* 0.9973940849304199 0.005437393207103014 -0.07189822942018509 -203.33558654785156 -0.0035458533093333244 0.9996888637542725 0.024763019755482674 6.340378761291504 0.07201531529426575 -0.024435564875602722 0.9971047639846802 -555.3175048828125
* 0.998473048210144 0.01314820721745491 -0.053596336394548416 -193.57720947265625 -0.01413230411708355 0.9996969699859619 -0.020247282460331917 12.546725273132324 0.0533185675740242 0.020981909707188606 0.9983577132225037 -558.6068115234375
* 0.9970176815986633 0.021461181342601776 -0.07408902049064636 -181.1165771484375 -0.021788673475384712 0.9997509121894836 -0.00521714985370636 13.933976173400879 0.0739632397890091 0.006823989097028971 0.997238278388977 -554.2548828125
* 0.9974611401557922 0.0045420764945447445 -0.07102470099925995 -171.69068908691406 -0.0010633101919665933 0.9988832473754883 0.04727531969547272 16.723268508911133 0.07116491347551346 -0.04707186296582222 0.9963539242744446 -557.2191772460938
* 0.9976930022239685 0.017681561410427094 -0.06549729406833649 -164.33489990234375 -0.016790809109807014 0.9997850060462952 0.012321366928517818 22.600378036499023 0.06570576131343842 -0.011185137555003166 0.9977770447731018 -556.183349609375
* 0.9964820742607117 0.01560899056494236 -0.08230213820934296 -158.1123504638672 -0.01446007564663887 0.999811589717865 0.01310031395405531 25.6326961517334 0.08249583840370178 -0.011856086552143097 0.996521532535553 -553.4806518554688
* 0.9958854913711548 0.014307399280369282 -0.08944913744926453 -151.63294982910156 -0.012271412648260593 0.9996857047080994 0.021948667243123055 25.01919937133789 0.08973981440067291 -0.0207526832818985 0.9957497119903564 -552.64697265625
* 0.994279146194458 0.008412822149693966 -0.10645091533660889 -145.3328094482422 -0.00694484356790781 0.9998927712440491 0.01304014865309 21.559345245361328 0.1065540462732315 -0.012218276038765907 0.9942325949668884 -550.8147583007813
* 0.9943653345108032 0.01351658534258604 -0.10511147975921631 -141.90223693847656 -0.012714605778455734 0.9998953342437744 0.007168635260313749 14.133514404296875 0.10520216077566147 -0.005783773027360439 0.9944347739219666 -548.9761962890625
* 0.9950157999992371 0.008614035323262215 -0.09931142628192902 -141.92233276367188 -0.0040210033766925335 0.9989732503890991 0.04516635835170746 8.237618446350098 0.09960336238145828 -0.04453400522470474 0.9940308332443237 -550.3262939453125
* 0.99737948179245 0.00497749587520957 -0.07212921977043152 -143.21005249023438 -0.0027527622878551483 0.9995695948600769 0.029268817976117134 5.543548107147217 0.072248674929142 -0.02898564003407955 0.9969660639762878 -554.608154296875
* 0.996536374092102 0.009732837788760662 -0.08254559338092804 -144.7523193359375 -0.0053317975252866745 0.9986377358436584 0.05194178223609924 6.928858757019043 0.08294350653886795 -0.051313865929841995 0.995232880115509 -554.087646484375
* 0.9961525201797485 0.005236500408500433 -0.08744034171104431 -146.77471923828125 -0.001059077912941575 0.9989242553710938 0.046399395912885666 10.725080490112305 0.08759411424398422 -0.04612038657069206 0.9950886368751526 -552.1416015625
* 0.9971630573272705 0.013878780417144299 -0.07393454760313034 -151.3412628173828 -0.013791904784739017 0.9999066591262817 8.095044177025557E-5 12.235596656799316 0.07393350452184677 9.470054064877331E-4 0.9972633719444275 -554.8350219726563
* 0.996195912361145 0.008656606078147888 -0.0866713672876358 -158.31907653808594 -0.005606394726783037 0.9994075298309326 0.03401002660393715 12.526202201843262 0.08691927045583725 -0.03338681161403656 0.995656430721283 -553.7282104492188
* 0.9960050582885742 0.0020053843036293983 -0.0892358124256134 -167.7187957763672 0.003461902728304267 0.9982094168663025 0.05974230915307999 13.103089332580566 0.08920075744390488 -0.05980474129319191 0.9942172169685364 -551.2974853515625
* 0.9963647723197937 4.187120066490024E-5 -0.0851501002907753 -176.15878295898438 0.003795471042394638 0.9990474581718445 0.043509215116500854 9.911651611328125 0.0850757285952568 -0.04366637021303177 0.9954178333282471 -552.1066284179688
* 0.9984315633773804 0.00920951459556818 -0.055161528289318085 -179.89300537109375 -0.008224657736718655 0.9998412132263184 0.01591012254357338 6.633447170257568 0.05530406907200813 -0.015423496253788471 0.9983510375022888 -556.322021484375
* 0.9989039301872253 -0.004703945014625788 -0.04649611562490463 -178.62278747558594 0.006376494653522968 0.9994258284568787 0.03332759439945221 6.752058982849121 0.04631749913096428 -0.03357966989278793 0.9983628392219543 -555.4697265625
* 0.9954789876937866 0.004874131642282009 -0.0948198065161705 -176.49481201171875 -0.001650172402150929 0.9994623064994812 0.03280059993267059 7.520601749420166 0.09493358433246613 -0.032487913966178894 0.9949539303779602 -552.162109375
* 0.9977885484695435 0.007754342630505562 -0.06596169620752335 -177.97828674316406 -0.005705184768885374 0.9995529651641846 0.02940596453845501 8.67035961151123 0.06616505235433578 -0.028956657275557518 0.997389018535614 -553.7000122070313
* 0.9975834488868713 0.0035823804792016745 -0.0693357065320015 -180.29226684570313 -6.133482092991471E-4 0.9991570711135864 0.04108765348792076 9.809283256530762 0.06942932307720184 -0.040937941521406174 0.9967470765113831 -553.1236572265625
* 0.9958899617195129 0.0027543269097805023 -0.0904906615614891 -175.91639709472656 -8.534175576642156E-4 0.9998067021369934 0.01972830854356289 3.8196067810058594 0.09053242951631546 -0.019562048837542534 0.9957019686698914 -553.1121826171875
* 0.997297465801239 0.022694453597068787 -0.06982548534870148 -171.85446166992188 -0.023097939789295197 0.9997125864028931 -0.006677133496850729 1.011878252029419 0.06965859979391098 0.008280033245682716 0.9975371360778809 -554.4630126953125
* 0.9976125955581665 0.014544413425028324 -0.06745605915784836 -169.78675842285156 -0.012364211492240429 0.9994482398033142 0.030880097299814224 6.356583118438721 0.06787277013063431 -0.029964348301291466 0.9972445368766785 -554.7821655273438
* 0.9968084692955017 0.015294728800654411 -0.07830463349819183 -167.9734344482422 -0.01589261367917061 0.9998388290405273 -0.008534527383744717 12.97994327545166 0.07816626876592636 0.009759847074747086 0.9968931078910828 -554.6068115234375
* 0.9964061975479126 0.0028085634112358093 -0.08461345732212067 -162.94207763671875 -0.0024051405489444733 0.9999925494194031 0.0034672885667532682 14.741588592529297 0.08462745696306229 -0.0032433271408081055 0.9964078664779663 -552.1885375976563
* 0.9978138208389282 0.008254322223365307 -0.06551346927881241 -160.1424102783203 -0.0065504806116223335 0.9996828436851501 0.02437463402748108 12.980440139770508 0.06569869816303253 -0.023884249851107597 0.9975541234016418 -556.208251953125
* 0.9959009289741516 -4.063505621161312E-4 -0.09040836244821548 -161.3167266845703 0.003758650738745928 0.9993605017662048 0.035599417984485626 12.037055015563965 0.09034103155136108 -0.035785429179668427 0.9952682256698608 -554.464599609375
* 0.9976245164871216 6.668955320492387E-4 -0.06882847100496292 -170.02346801757813 0.0032704691402614117 0.998462975025177 0.0553533174097538 13.848111152648926 0.06876448541879654 -0.05543910339474678 0.9960917830467224 -557.3848266601563
* 0.9968702793121338 7.844243082217872E-4 -0.07900361716747284 -179.34092712402344 0.0038992329500615597 0.9983330368995667 0.05761067941784859 16.445924758911133 0.07892202585935593 -0.05773060768842697 0.9952081441879272 -553.89697265625
* 0.9966644644737244 0.007461602799594402 -0.08122086524963379 -189.30506896972656 -0.00652712257578969 0.9999271035194397 0.010305373929440975 22.66250228881836 0.08129667490720749 -0.009732872247695923 0.9966428279876709 -555.5198364257813
* 0.9988019466400146 0.0068441410548985004 -0.04837869107723236 -196.14425659179688 -0.005622515920549631 0.9997234344482422 0.022897880524396896 30.091096878051758 0.04852680489420891 -0.022590480744838715 0.9985668063163757 -554.9598999023438
* 0.997488260269165 -1.3230521290097386E-5 -0.07078113406896591 -200.2847137451172 0.003423682413995266 0.9989192485809326 0.046384744346141815 33.455875396728516 0.07070890814065933 -0.04650271683931351 0.9964128136634827 -553.1192016601563
* 0.9984683990478516 0.004682449158281088 -0.055061373859643936 -204.88189697265625 -0.004525118973106146 0.9999909400939941 8.267854573205113E-4 35.428321838378906 0.05506952852010727 -5.683560157194734E-4 0.9984827637672424 -555.37353515625
