#
#
#
#
#
#
#
#
#
#
#
#
#
#
#
#
#
#
#
#
#
#
#
#
#
#
#
#
#
#
#
#
#
#
#
#
#
#
#
#
#
#
#
#
#
#
#
#
#
#
#
#
#
#
#
#
#
#
#
#
#
#
#
#
#
#
#
#
#
#
#
#
#
#
#
#
#
#
#
#
#
#
#
#
#
#
#
#
#
#
#
#
#
#
#
#
#
#
#
#
#
#
#
#
#
#
#
#
#
#
#
#
#
#
#
#
#
#
#
#
#
#
#
#
#
#
#
#
#
#
#
#
#
#
#
#
#
#
#
#
#
#
#
#
#
#
#
#
#
#
#
#
#
#
#
#
#
#
#
#
#
#
#
#
#
#
#
#
#
#
#
#
#
#
#
#
#
#
#
#
#
#
#
#
#
#
#
#
#
#
#
#
#
#
#
#
#
#
#
#
#
#
#
#
#
#
#
#
#
#
#
#
#
#
#
#
#
#
#
#
#
#
#
#
#
#
#
#
#
#
* 0.9941655993461609 0.03360322490334511 0.10567431151866913 -94.81047058105469 -0.0018269760766997933 0.9987240433692932 -0.04338731989264488 127.49736785888672 -0.10699335485696793 0.03968840837478638 0.993468701839447 -510.18212890625
* 0.987461507320404 0.0024930275976657867 0.15992207825183868 -93.89676666259766 0.022629069164395332 0.9993060231208801 0.01452275738120079 114.00431823730469 -0.15987050533294678 -0.013997246511280537 0.9870401620864868 -518.1204833984375
* 0.9997838735580444 0.0316818431019783 -0.009481512010097504 -89.52009582519531 -0.005090974271297455 0.997275710105896 -0.06892591714859009 97.13798522949219 0.007328853011131287 0.06572078913450241 0.9978123903274536 -528.5599975585938
* 0.9867276549339294 0.0061010741628706455 0.1642940491437912 -79.04729461669922 0.008914623409509659 0.9968291521072388 0.07475125789642334 82.14930725097656 -0.16336902976036072 -0.075584277510643 0.983666718006134 -516.9450073242188
#
#
#
* 0.9981890320777893 0.03875088319182396 0.047636520117521286 -81.77739715576172 -0.04071445390582085 0.9959768056869507 0.07919568568468094 -3.1997172832489014 -0.04452173784375191 -0.08098575472831726 0.9957199692726135 -521.131103515625
* 0.9920713305473328 0.006000714376568794 -0.1261366456747055 -81.12841033935547 0.006386245600879192 0.9963998794555664 0.08393934369087219 -9.214229583740234 0.1260375827550888 -0.08406845480203629 0.9884564280509949 -503.2513427734375
* 0.9999754428863525 0.011031714268028736 -0.008901694789528847 -86.98246002197266 -0.008567576296627522 0.9967972040176392 0.0788741260766983 -15.449211120605469 0.009596200659871101 -0.07878588885068893 0.9968448281288147 -515.955810546875
* 0.998178243637085 0.015370206907391548 -0.05963022634387016 -92.0125961303711 -0.011307875625789165 0.9991137981414795 0.03928183391690254 -24.549144744873047 0.060033053159713745 -0.03852754086256027 0.9974520206451416 -514.3386840820313
* 0.9994345903396606 0.02903749607503414 0.0209493525326252 -102.10871124267578 -0.0265701524913311 0.9989952445030212 -0.03466751426458359 -40.312889099121094 -0.02208137698471546 0.03409593179821968 0.9991739392280579 -532.0994262695313
#
* 0.9809853434562683 0.01945926435291767 -0.19310151040554047 -119.11255645751953 -0.006379184313118458 0.9976527690887451 0.06818179786205292 -51.776344299316406 0.19397471845149994 -0.06565241515636444 0.9788072109222412 -510.7515869140625
#
#
#
#
#
* 0.9951847195625305 0.033471085131168365 -0.09246265888214111 -178.94796752929688 -0.03439157456159592 0.9992536306381226 -0.01630697399377823 71.44795989990234 0.09184050559997559 0.019504684954881668 0.9955818057060242 -510.9432678222656
* 0.9987086653709412 0.015965741127729416 -0.048871684819459915 -186.05393981933594 -0.014251230284571648 0.9996675252914429 0.02045504003763199 72.6854476928711 0.04917706176638603 -0.019635358825325966 0.9985961318016052 -504.0707702636719
* 0.9998070001602173 5.8444322348805144E-5 0.021168993785977364 -192.47207641601563 2.0360010967124254E-4 0.9997360706329346 0.02201087959110737 61.90873718261719 -0.02116495370864868 -0.021905463188886642 0.9995350241661072 -508.7273254394531
* 0.9975346326828003 -0.003633640008047223 -0.07052283734083176 -186.72796630859375 0.007331022527068853 0.9990733861923218 0.0418977215886116 52.9978141784668 0.07030217349529266 -0.04221442714333534 0.9966310858726501 -493.3646240234375
* 0.9954392313957214 -0.011429006233811378 -0.0950370728969574 -184.2940216064453 0.012321805581450462 0.9999017715454102 0.0011554623488336802 55.563873291015625 0.09501170367002487 -0.0022245151922106743 0.9954726696014404 -505.8876953125
* 0.9934091567993164 0.014317221008241177 -0.11399638652801514 -171.83285522460938 -0.015902025625109673 0.9996634125709534 -0.019410492852330208 62.10624694824219 0.11367437243461609 0.021191708743572235 0.9932910799980164 -503.0313415527344
* 0.9949871897697449 0.013032595627009869 -0.09946088492870331 -161.3367462158203 -0.01297635119408369 0.9998753070831299 -0.006115536671131849 68.7521743774414 0.09936346858739853 0.007472054101526737 0.995022177696228 -504.2085876464844
* 0.996776819229126 0.006423274055123329 -0.08035349100828171 -153.49862670898438 -0.005530262365937233 0.9999602437019348 0.0022732929792255163 76.09991455078125 0.0803605169057846 -0.0017249248921871185 0.9967634081840515 -506.73992919921875
* 0.99563068151474 -1.560602249810472E-4 -0.09370960295200348 -143.99789428710938 0.004715532995760441 0.9991397261619568 0.04066869989037514 79.94403839111328 0.09361910820007324 -0.0408359169960022 0.9947692155838013 -494.65863037109375
* 0.9963219165802002 0.009993799962103367 -0.08546747267246246 -140.8334197998047 -0.010188773274421692 0.9998724460601807 -0.010375000536441803 79.47815704345703 0.08534799516201019 0.011304146610200405 0.9962860345840454 -496.0405578613281
* 0.995827317237854 0.01908063516020775 -0.08958689868450165 -138.05210876464844 -0.016732173040509224 0.9996614456176758 0.018795885145664215 80.07833862304688 0.08990965783596039 -0.01712173782289028 0.9958016276359558 -494.1939392089844
* 0.9975680112838745 0.021253159269690514 -0.06684541702270508 -137.58865356445313 -0.021250557154417038 0.9997004866600037 -0.010173460468649864 86.18727111816406 0.06660342961549759 0.011665666475892067 0.9977102279663086 -501.49810791015625
* 0.9961971640586853 0.023057319223880768 -0.08438901603221893 -132.82485961914063 -0.022807294502854347 0.9997068643569946 -0.004715736955404282 92.48310089111328 0.08424948155879974 0.006718980614095926 0.9964209198951721 -499.431640625
* 0.9896284937858582 0.027081487700343132 -0.14129357039928436 -125.2432632446289 -0.029606368392705917 0.9993194937705994 -0.020978868007659912 95.64672088623047 0.14062201976776123 0.02504074014723301 0.9897454380989075 -497.73779296875
* 0.9870998859405518 0.03335660323500633 -0.15678933262825012 -117.96684265136719 -0.0483100451529026 0.9940593838691711 -0.097304567694664 97.75749206542969 0.15260297060012817 0.10371878743171692 0.9828287959098816 -497.3163757324219
* 0.9937702417373657 0.013763222843408585 -0.11087360233068466 -112.18004608154297 -0.01501159556210041 0.999720573425293 -0.017016196623444557 99.50033569335938 0.11060285568237305 0.01867096871137619 0.9936881065368652 -497.5889587402344
* 0.9962302446365356 0.013807701878249645 -0.08600184321403503 -108.95822143554688 -0.01314815878868103 0.9998915791511536 -2.3621623404324055E-4 99.65242767333984 0.08598409593105316 0.0014626653864979744 0.9962942004203796 -498.7745361328125
* 0.9913339018821716 0.03283371403813362 -0.1274389922618866 -106.635009765625 -0.03000621683895588 0.9993593096733093 0.01835046522319317 96.25252532958984 0.1279526948928833 -0.014270864427089691 0.9916762709617615 -495.7767028808594
* 0.998091995716095 0.016846150159835815 -0.059918053448200226 -105.98021697998047 -0.015297199599444866 0.9997612833976746 0.014122244901955128 92.7076187133789 0.06013656035065651 -0.01308203674852848 0.998103141784668 -502.4377136230469
* 0.9912039041519165 0.03121579810976982 -0.12884840369224548 -103.62105560302734 -0.026389870792627335 0.999072253704071 0.03338153660297394 86.92141723632813 0.12976406514644623 -0.029590889811515808 0.9911019206047058 -491.80804443359375
* 0.9941633343696594 0.0236903615295887 -0.10554400086402893 -105.07642364501953 -0.024740807712078094 0.999550461769104 -0.015582431107759476 85.888916015625 0.105120949447155 0.018199048936367035 0.9942916035652161 -494.0321960449219
* 0.9896693229675293 0.0394367016851902 -0.13806113600730896 -109.04960632324219 -0.04236741364002228 0.9987996220588684 -0.02367284893989563 87.35260772705078 0.13695338368415833 0.029373683035373688 0.9901405572891235 -496.3029479980469
* 0.9895336627960205 0.03874562308192253 -0.1392240971326828 -113.47370910644531 -0.0378250777721405 0.9992543458938599 0.004019450396299362 87.93603515625 0.13926801085472107 0.0013852007687091827 0.9902524352073669 -494.7074890136719
* 0.9918178915977478 0.037639617919921875 -0.1222376823425293 -122.01747131347656 -0.03857506066560745 0.9991701245307922 -0.01128106378018856 91.0914535522461 0.12170370668172836 0.016000347211956978 0.9924362301826477 -501.3094482421875
* 0.9917832612991333 0.02211342751979828 -0.12624740600585938 -127.95801544189453 -0.019794553518295288 0.9996865391731262 0.013835228979587555 92.16595458984375 0.12650762498378754 -0.011125911958515644 0.9919019937515259 -496.0096130371094
* 0.988407552242279 0.03481307625770569 -0.14798709750175476 -136.01861572265625 -0.034884918481111526 0.999365508556366 -0.002820692490786314 91.68148803710938 0.1477871984243393 0.008046885952353477 0.9889852404594421 -493.3010559082031
* 0.9887877106666565 0.03430422022938728 -0.14554628729820251 -144.6071319580078 -0.03023740090429783 0.9992061257362366 0.025082843378186226 89.54229736328125 0.14628386497497559 -0.02030402049422264 0.9890331029891968 -495.05462646484375
* 0.99284428358078 0.030318690463900566 -0.115770123898983 -153.6983184814453 -0.02924470044672489 0.9995396137237549 0.004676641896367073 87.25630187988281 0.11585167050361633 -0.0011610127985477448 0.9932646751403809 -495.8540344238281
* 0.9970455765724182 0.024801921099424362 -0.0731203705072403 -161.8015899658203 -0.022960782051086426 0.9995863437652588 0.016012966632843018 85.15399169921875 0.07348135113716125 -0.01419009268283844 0.9971943497657776 -497.02667236328125
* 0.9970040321350098 0.02553759142756462 -0.07343297451734543 -166.88917541503906 -0.022735215723514557 0.9993008971214294 0.028935056179761887 83.35023498535156 0.07411466538906097 -0.027082089334726334 0.9968806505203247 -495.66387939453125
* 0.9991614818572998 0.0087293004617095 -0.04076530411839485 -169.791015625 -0.006409581750631332 0.9991964101791382 0.03900958597660065 84.9495849609375 0.04106907546520233 -0.038618676364421844 0.9984083771705627 -497.0213317871094
* 0.9994284510612488 0.013474357314407825 -0.0319831520318985 -169.870361328125 -0.011501464061439037 0.9991596937179565 0.038779862225055695 90.75428009033203 0.03247440606355667 -0.03829295560717583 0.9987374544143677 -500.04083251953125
* 0.9994763731956482 0.0275631882250309 0.018684018403291702 -170.18650817871094 -0.02640943042933941 0.9993735551834106 -0.022612955421209335 101.40875244140625 -0.019300922751426697 0.022203948348760605 0.9995658993721008 -510.2703857421875
* 0.9999889135360718 0.008805117569863796 -0.0025422656908631325 -165.16867065429688 -0.00793589185923338 0.9986474514007568 0.05095524340867996 107.66162872314453 0.002983725629746914 -0.05083753541111946 0.9987012147903442 -502.0191650390625
* 0.9996164441108704 0.016344115138053894 -0.023697907105088234 -162.27809143066406 -0.015358097851276398 0.9997994899749756 0.011004568077623844 112.9447250366211 0.023868322372436523 -0.010539733804762363 0.9996582269668579 -498.12799072265625
* 0.9988172650337219 0.03419913724064827 -0.03544384241104126 -160.04515075683594 -0.03487515076994896 0.9985761642456055 -0.039817772805690765 117.29380798339844 0.03402495011687279 0.04110276326537132 0.9985740184783936 -497.220458984375
* 0.997889518737793 0.03040200099349022 -0.05791435018181801 -155.21009826660156 -0.030797185376286507 0.9993301630020142 -0.018620291724801064 116.56838989257813 0.05730292201042175 0.020460858941078186 0.9981456995010376 -494.8661193847656
* 0.9939061999320984 0.04660093039274216 -0.10020291805267334 -150.3171844482422 -0.054927095770835876 0.9944397807121277 -0.08960194885730743 112.7571029663086 0.09546097368001938 0.09465478360652924 0.9909210801124573 -505.866943359375
#
#
#
#
#
#
#
#
* 0.9979611039161682 0.04300163313746452 0.046945128589868546 -16.437387466430664 -0.03779212012887001 0.9925035834312439 -0.11636879295110703 -50.27172088623047 -0.05159960687160492 0.1143157109618187 0.992103099822998 -523.303466796875
* 0.9366796612739563 0.045270659029483795 0.347218781709671 -26.209875106811523 -0.07264795899391174 0.9952684640884399 0.06477966159582138 -60.66826248168945 -0.3426419496536255 -0.08594299107789993 0.9355265498161316 -511.5584716796875
* 0.9073370099067688 0.0513351634144783 0.41723307967185974 -39.031436920166016 -0.07280497997999191 0.9967663884162903 0.034491050988435745 -61.80581283569336 -0.4141113758087158 -0.0617123544216156 0.9081315398216248 -507.563720703125
* 0.9281662106513977 0.034361016005277634 0.3705484867095947 -50.736595153808594 -0.060989078134298325 0.9964084029197693 0.05902523174881935 -58.262962341308594 -0.36718836426734924 -0.07742512971162796 0.9269183874130249 -511.732177734375
* 0.9523428678512573 0.02332346886396408 0.3041028082370758 -58.854557037353516 -0.038974329829216 0.9982944130897522 0.043848879635334015 -54.6181640625 -0.3025617003440857 -0.05365205556154251 0.9516183733940125 -507.9047546386719
* 0.950520932674408 0.03584875538945198 0.3085518181324005 -63.56783676147461 -0.05802001431584358 0.9964454174041748 0.06134868040680885 -54.446266174316406 -0.3052552342414856 -0.07625589519739151 0.9492122530937195 -507.92633056640625
* 0.9630969166755676 0.01756298542022705 0.26854297518730164 -65.86656951904297 -0.03623960539698601 0.9973796606063843 0.06288233399391174 -55.7085075378418 -0.2667354941368103 -0.07033419609069824 0.9611996412277222 -509.0638427734375
* 0.9917995929718018 0.015831153839826584 -0.12673556804656982 -66.24176788330078 -0.001811011927202344 0.9935112595558167 0.11386702954769135 -57.60732650756836 0.12771113216876984 -0.11274385452270508 0.9853821992874146 -504.4993591308594
* 0.9851726293563843 0.009199035353958607 -0.1712576448917389 -63.13534927368164 -0.0010502012446522713 0.9987394213676453 0.05051775276660919 -59.93290710449219 0.17150145769119263 -0.04962954670190811 0.9839327335357666 -502.2001647949219
* 0.9904788732528687 0.016854647547006607 -0.13655291497707367 -58.120361328125 -0.011525915935635567 0.9990099668502808 0.04335701838135719 -60.30579376220703 0.13714413344860077 -0.04141110181808472 0.9896848201751709 -505.5243225097656
* 0.9940223097801208 0.006698098499327898 -0.10887622833251953 -52.9665641784668 1.6049941768869758E-4 0.9977409839630127 0.0674276128411293 -58.3782844543457 0.10907725244760513 -0.06708253920078278 0.9917668104171753 -509.6641845703125
* 0.9887840747833252 0.009165588766336441 -0.14900147914886475 -49.2675895690918 0.012034596875309944 0.989510178565979 0.14407794177532196 -54.390655517578125 0.14875364303588867 -0.1442948430776596 0.9782896637916565 -504.1132507324219
#
* 0.9894254803657532 0.006957815028727055 -0.14487412571907043 -51.48845672607422 -0.0010438411263749003 0.9991635084152222 0.04087990149855614 -49.31229019165039 0.14503706991672516 -0.04029658064246178 0.9886053204536438 -506.14813232421875
* 0.9830605387687683 0.01215145830065012 -0.182876855134964 -57.75185775756836 0.007906223647296429 0.9940574765205383 0.10856927931308746 -43.22755813598633 0.18310901522636414 -0.10817624628543854 0.9771229028701782 -506.1849060058594
* 0.9825876951217651 0.015929732471704483 -0.18511392176151276 -66.72758483886719 0.00142906594555825 0.9956387281417847 0.09328149259090424 -37.18016052246094 0.18579217791557312 -0.09192200005054474 0.9782800078392029 -508.2518005371094
* 0.9835554957389832 0.011886199936270714 -0.18021343648433685 -75.70846557617188 -0.002697524381801486 0.9986864924430847 0.051165323704481125 -32.03739929199219 0.18058453500270844 -0.04983799532055855 0.9822960495948792 -504.2866516113281
* 0.9840095639228821 0.005743509624153376 -0.17802196741104126 -82.83008575439453 0.010632982477545738 0.9958014488220215 0.09091926366090775 -29.71913719177246 0.1777963787317276 -0.09135853499174118 0.9798173308372498 -499.7508239746094
* 0.9927797913551331 -0.003514420473948121 -0.11989707499742508 -88.55049133300781 0.005473197437822819 0.9998562932014465 0.01603887230157852 -30.340740203857422 0.11982312053442001 -0.016579462215304375 0.9926567077636719 -500.93243408203125
* 0.9958615303039551 -0.008348315954208374 -0.09049615263938904 -90.79108428955078 0.01642039604485035 0.9959086179733276 0.08886052668094635 -33.37660598754883 0.08938369899988174 -0.08997894823551178 0.9919244050979614 -503.0853576660156
* 0.986214816570282 -0.009357296861708164 -0.1652037501335144 -88.57042694091797 0.0245465487241745 0.9956245422363281 0.0901615172624588 -36.57145309448242 0.16363687813282013 -0.0929739847779274 0.9821295738220215 -497.33935546875
* 0.9887238144874573 0.0035296385176479816 -0.14970706403255463 -86.2633056640625 0.007018854841589928 0.9975295662879944 0.06989535689353943 -37.665496826171875 0.14958356320858002 -0.07015815377235413 0.9862566590309143 -500.3083801269531
* 0.9929327964782715 -0.0012250342406332493 -0.11866912990808487 -83.48468780517578 0.008759369142353535 0.9979740381240845 0.06301659345626831 -36.024169921875 0.11835112422704697 -0.06361089646816254 0.990932047367096 -506.0577392578125
* 0.9973440766334534 -0.016483398154377937 -0.07093937695026398 -80.81702423095703 0.02175908163189888 0.9969987273216248 0.07429686188697815 -30.99411392211914 0.06950139999389648 -0.07564330101013184 0.9947096705436707 -509.7960510253906
* 0.9956061244010925 0.006102410610765219 -0.09343712031841278 -77.30517578125 -0.002695078030228615 0.9993269443511963 0.03658367693424225 -24.160919189453125 0.09359709173440933 -0.03617130219936371 0.9949527382850647 -505.9410095214844
* 0.9989482760429382 0.002891334006562829 -0.0457519069314003 -74.32184600830078 -0.001237679272890091 0.999343752861023 0.036200862377882004 -18.145954132080078 0.04582614451646805 -0.036106355488300323 0.9982964992523193 -508.3106384277344
* 0.9978505969047546 -7.28204264305532E-4 -0.06551988422870636 -71.85115814208984 0.005312250927090645 0.9975422024726868 0.06986571848392487 -13.261303901672363 0.06530757248401642 -0.07006379961967468 0.9954022169113159 -506.3853759765625
* 0.9822346568107605 -0.0013105955440551043 -0.18765008449554443 -69.62694549560547 0.004106378182768822 0.9998860359191895 0.014527739956974983 -9.450900077819824 0.18760928511619568 -0.015040379948914051 0.9821284413337708 -495.99176025390625
* 0.9986711740493774 0.007467962801456451 -0.05098337680101395 -69.28742218017578 -0.004816650412976742 0.9986359477043152 0.05199030041694641 -5.582066059112549 0.051301658153533936 -0.05167583003640175 0.9973451495170593 -505.6759033203125
* 0.9969213604927063 -0.0018527767388150096 -0.07838187366724014 -67.92894744873047 0.009837883524596691 0.994771420955658 0.10165106505155563 -1.245355248451233 0.0777832642197609 -0.102109394967556 0.9917271733283997 -503.3065490722656
* 0.9976516366004944 -0.00548569206148386 -0.06826663017272949 -67.58232879638672 0.010496808215975761 0.997253954410553 0.07331004738807678 4.032715797424316 0.06767654418945313 -0.07385464757680893 0.9949697852134705 -503.2917785644531
* 0.9979333281517029 -0.017580809071660042 -0.06179942190647125 -70.66830444335938 0.02813451737165451 0.9842808246612549 0.17435497045516968 12.710163116455078 0.057762205600738525 -0.1757335215806961 0.9827414155006409 -506.6468811035156
* 0.9919408559799194 0.006656397599726915 -0.12652283906936646 -78.84507751464844 -3.142326604574919E-4 0.9987438321113586 0.05010506883263588 23.012845993041992 0.12669697403907776 -0.04966168850660324 0.9906972646713257 -514.4307861328125
* 0.9947028160095215 0.005590345710515976 -0.10263509303331375 -92.99481201171875 0.0024685647804290056 0.9969302415847778 0.07825569808483124 36.70616912841797 0.102757029235363 -0.0780947133898735 0.9916358590126038 -525.175048828125
* 0.9981274604797363 -0.003855258459225297 -0.061037544161081314 -108.095703125 0.0063456264324486256 0.999150812625885 0.04071042314171791 52.75672149658203 0.06082826480269432 -0.0410216823220253 0.9973046779632568 -530.55322265625
* 0.9999845623970032 -0.0053843120113015175 -8.336295140907168E-4 -118.47748565673828 0.005440231412649155 0.9939286112785339 0.1098925769329071 67.80975341796875 2.3634641547687352E-4 -0.10989561676979065 0.9939427971839905 -524.30712890625
* 0.9957072734832764 0.008689257316291332 -0.09214253723621368 -123.06161499023438 -0.00399291655048728 0.9986873865127563 0.05106406286358833 78.40196228027344 0.09246479719877243 -0.050477124750614166 0.9944354295730591 -504.2302551269531
* 0.9895939230918884 0.013859394937753677 -0.14321453869342804 -127.0381088256836 -0.012269686907529831 0.9998527765274048 0.011998924426734447 82.50409698486328 0.14335927367210388 -0.01011703535914421 0.9896187782287598 -490.2781066894531
* 0.9876523613929749 0.01203969493508339 -0.15619303286075592 -136.26144409179688 -0.009709492325782776 0.9998297691345215 0.015692930668592453 83.34707641601563 0.1563549041748047 -0.013982778415083885 0.9876016974449158 -491.1839599609375
* 0.9939010143280029 0.007902487181127071 -0.1099855974316597 -143.99627685546875 -0.008092284202575684 0.9999665021896362 -0.001251123147085309 81.17693328857422 0.10997152328491211 0.0021333550103008747 0.9939321875572205 -490.24822998046875
* 0.9955438375473022 0.004257840104401112 -0.09419608116149902 -148.09475708007813 -0.00577583909034729 0.9998583197593689 -0.01581570692360401 79.95027160644531 0.09411489963531494 0.016289126127958298 0.9954277873039246 -490.05706787109375
* 0.996396005153656 5.809353897348046E-4 -0.08481302857398987 -151.83998107910156 -0.0016398971201851964 0.9999220967292786 -0.012380467727780342 80.7797622680664 0.08479873836040497 0.012474755756556988 0.9963197708129883 -491.8944396972656
* 0.9993847608566284 -7.896384340710938E-4 -0.03504339978098869 -154.65728759765625 0.0010993799660354853 0.9999598264694214 0.008907530456781387 83.96709442138672 0.035034436732530594 -0.008940762840211391 0.9993459582328796 -494.4362487792969
* 0.9961347579956055 0.01989971101284027 -0.0855463519692421 -156.48849487304688 -0.019327737390995026 0.9997847676277161 0.007544966880232096 85.74658203125 0.0856776013970375 -0.005862593650817871 0.9963054656982422 -489.8547668457031
* 0.9955152273178101 -0.017387323081493378 -0.09298257529735565 -162.20164489746094 0.02103605307638645 0.9990395903587341 0.03843846544623375 86.60826873779297 0.09222443401813507 -0.040222276002168655 0.994925320148468 -492.402099609375
* 0.9943249821662903 0.013495177030563354 -0.10551956295967102 -167.88758850097656 -0.012299285270273685 0.9998522996902466 0.012004817835986614 82.8439712524414 0.10566551983356476 -0.010639089159667492 0.9943445920944214 -488.86083984375
* 0.997806191444397 0.006557115353643894 -0.06586805731058121 -175.21221923828125 -0.004166231490671635 0.9993280172348022 0.03641626611351967 78.22826385498047 0.0660620927810669 -0.03606218099594116 0.9971634745597839 -492.0148620605469
* 0.9989091157913208 4.4124008854851127E-4 -0.0466826930642128 -179.2448272705078 0.0015176970046013594 0.9991170763969421 0.041984349489212036 73.26632690429688 0.04665950685739517 -0.0420096181333065 0.998026967048645 -492.0332946777344
* 0.9985265731811523 0.016011495143175125 -0.05183829739689827 -178.64012145996094 -0.016562476754188538 0.9998112320899963 -0.010157323442399502 68.8746109008789 0.05166538059711456 0.01100072916597128 0.9986037015914917 -490.3628234863281
* 0.9943845868110657 0.016543306410312653 -0.10451986640691757 -175.0907745361328 -0.014861807227134705 0.999747097492218 0.016875822097063065 66.1316146850586 0.10477215051651001 -0.015227915719151497 0.9943795204162598 -489.267578125
* 0.9957754015922546 0.01499637495726347 -0.09058220684528351 -169.866943359375 -0.011026205494999886 0.9989615082740784 0.04420619457960129 64.61089324951172 0.09115060418844223 -0.04302089661359787 0.9949072599411011 -493.79901123046875
* 0.9965003132820129 -2.4827171000652015E-4 -0.08357997238636017 -164.124755859375 -9.984328644350171E-4 0.9998893141746521 -0.014836987480521202 61.948463439941406 0.08357394486665726 0.01486831996589899 0.9963905215263367 -497.5716857910156
* 0.9961192011833191 0.020657457411289215 -0.08554736524820328 -156.0733184814453 -0.02278745174407959 0.9994531273841858 -0.02396039478480816 59.72859191894531 0.08500515669584274 0.025816623121500015 0.9960458874702454 -495.5516357421875
* 0.9931007623672485 0.02070540189743042 -0.11541542410850525 -149.28346252441406 -0.022151827812194824 0.999691367149353 -0.011236525140702724 57.27366638183594 0.115146704018116 0.013715461827814579 0.9932537078857422 -492.8537902832031
* 0.998588502407074 0.012648504227399826 -0.05157187581062317 -145.66908264160156 -0.012217797338962555 0.9998871684074402 0.008719033561646938 55.78290557861328 0.051675841212272644 -0.008076840080320835 0.9986311793327332 -499.205810546875
* 0.9979327917098999 0.0023690678644925356 -0.064211905002594 -141.32533264160156 -0.0016158707439899445 0.9999285340309143 0.011828120797872543 53.34989547729492 0.06423485279083252 -0.011700103990733624 0.997866153717041 -496.8971252441406
* 0.9958125352859497 0.0022924416698515415 -0.0913824811577797 -137.84776306152344 0.0019760546274483204 0.9989102482795715 0.046626947820186615 50.4757194519043 0.09138932079076767 -0.04661249369382858 0.9947236776351929 -492.39312744140625
* 0.99629145860672 0.020714176818728447 -0.08350347727537155 -137.9235382080078 -0.024110237136483192 0.9989153742790222 -0.039830394089221954 48.400489807128906 0.08258737623691559 0.04169582203030586 0.9957111477851868 -497.89019775390625
* 0.998180627822876 -0.0036235512234270573 -0.060173094272613525 -137.16954040527344 0.006892464589327574 0.9985029101371765 0.05425872281193733 46.39151382446289 0.059885893017053604 -0.05457497015595436 0.9967121481895447 -496.6419372558594
* 0.9944686889648438 0.012277152389287949 -0.10430650413036346 -136.96128845214844 -0.00978296808898449 0.999653697013855 0.024420008063316345 43.821876525878906 0.10456973314285278 -0.02326470986008644 0.9942452907562256 -492.1707763671875
* 0.9967854022979736 0.014609746634960175 -0.07876557111740112 -139.64132690429688 -0.013209880329668522 0.9997450709342957 0.018304457888007164 43.902915954589844 0.0790124237537384 -0.01720532402396202 0.9967250823974609 -497.6658020019531
* 0.9948381185531616 0.024749699980020523 -0.09840352833271027 -140.1748046875 -0.02284746617078781 0.9995298385620117 0.020443260669708252 44.10921096801758 0.09886274486780167 -0.018089665099978447 0.9949365854263306 -494.8802185058594
* 0.9960038065910339 0.0018566360231488943 -0.08928357064723969 -139.7133331298828 0.002154716057702899 0.9989914894104004 0.04484625533223152 44.2382926940918 0.0892762839794159 -0.0448596216738224 0.9949961304664612 -492.77191162109375
* 0.9990195035934448 0.001055180560797453 -0.04424216225743294 -140.84503173828125 6.705749547109008E-4 0.999237060546875 0.03904533013701439 46.49862289428711 0.04424906149506569 -0.039036914706230164 0.9982575178146362 -499.8461608886719
* 0.9972342848777771 -0.0038019383791834116 -0.074215367436409 -139.4395751953125 0.007794163189828396 0.9985308647155762 0.05361997336149216 47.52238464355469 0.07390196621417999 -0.054050322622060776 0.9957996606826782 -494.8815002441406
* 0.9954906702041626 0.01195001695305109 -0.09409601241350174 -140.5635528564453 -0.009902878664433956 0.9997037649154663 0.02222636342048645 49.20771026611328 0.09433324635028839 -0.021194498986005783 0.9953149557113647 -493.06451416015625
* 0.9966569542884827 0.014427514746785164 -0.08040646463632584 -141.1496124267578 -0.01150142028927803 0.9992572069168091 0.036775775253772736 51.66779708862305 0.08087681978940964 -0.03572824224829674 0.9960833787918091 -490.8162841796875
* 0.9993097186088562 -0.005369886290282011 -0.03673716261982918 -144.1443634033203 0.007743691559880972 0.9978635907173157 0.06486921012401581 55.514644622802734 0.036309801042079926 -0.06510914117097855 0.9972172379493713 -498.5602111816406
* 0.9971532225608826 0.003022984601557255 -0.07532958686351776 -142.0030059814453 -0.001751944306306541 0.9998542666435242 0.016975944861769676 58.4710578918457 0.07536943256855011 -0.01679583638906479 0.9970142245292664 -494.0262756347656
* 0.9953374266624451 0.004577311687171459 -0.0963359922170639 -138.66600036621094 0.0013318447163328528 0.9981234073638916 0.06121831014752388 60.44975280761719 0.09643495827913284 -0.061061419546604156 0.9934645891189575 -491.3612060546875
* 0.9957600235939026 0.02510470524430275 -0.08848605304956436 -137.60890197753906 -0.02444920316338539 0.9996647238731384 0.008520467206835747 61.04682540893555 0.08866981416940689 -0.006321126129478216 0.9960410594940186 -495.2884521484375
* 0.9977214336395264 0.01509386021643877 -0.06574378162622452 -137.0508575439453 -0.012801586650311947 0.9992983937263489 0.03519769757986069 60.80356979370117 0.06622843444347382 -0.03427610173821449 0.9972156882286072 -497.4702453613281
* 0.994985044002533 0.0028639864176511765 -0.09997361898422241 -136.04696655273438 0.0010186065919697285 0.9992467164993286 0.03879515826702118 58.441749572753906 0.10000896453857422 -0.038702674210071564 0.9942335486412048 -490.5408630371094
* 0.996599555015564 0.012610219419002533 -0.08141519129276276 -137.8842315673828 -0.010041387751698494 0.9994398951530457 0.031923990696668625 59.060184478759766 0.08177170157432556 -0.03099813126027584 0.9961689710617065 -495.07403564453125
* 0.9953029155731201 0.006864217575639486 -0.09655599296092987 -138.21424865722656 -0.002001593355089426 0.9987271428108215 0.050400469452142715 58.13760757446289 0.09677859395742416 -0.049970708787441254 0.9940506815910339 -492.1396789550781
* 0.9978912472724915 0.019106118008494377 -0.06201625615358353 -140.6116180419922 -0.01976841688156128 0.9997543096542358 -0.010031160898506641 59.74171447753906 0.061808884143829346 0.011235779151320457 0.998024582862854 -498.0989990234375
* 0.9963269233703613 0.022298090159893036 -0.08266555517911911 -140.36032104492188 -0.023664196953177452 0.9995992183685303 -0.015543220564723015 59.68996047973633 0.08228537440299988 0.017442163079977036 0.9964559674263 -496.4930419921875
* 0.9939228296279907 0.026805829256772995 -0.10675651580095291 -138.98715209960938 -0.025866927579045296 0.9996134638786316 0.010200676508247852 57.98836135864258 0.10698822885751724 -0.0073774224147200584 0.994232714176178 -493.20269775390625
* 0.9979797005653381 0.014528222382068634 -0.06183581054210663 -138.8057861328125 -0.01263184193521738 0.9994395971298218 0.031001189723610878 55.7160758972168 0.062251072376966476 -0.030157677829265594 0.9976045489311218 -494.1842346191406
* 0.9952644109725952 0.017654836177825928 -0.09557898342609406 -138.8195037841797 -0.016528526321053505 0.9997840523719788 0.012597039341926575 52.91029357910156 0.09578029066324234 -0.010957811959087849 0.995341956615448 -491.89532470703125
* 0.9942461252212524 0.02595662884414196 -0.10391929745674133 -140.64599609375 -0.026556696742773056 0.9996378421783447 -0.004363140091300011 50.10586929321289 0.10376794636249542 0.0070975953713059425 0.9945760369300842 -493.1557312011719
* 0.9984647035598755 0.0138389952480793 -0.05361977592110634 -141.6015167236328 -0.013043317943811417 0.9997991323471069 0.015221267007291317 47.260440826416016 0.053819164633750916 -0.014498723670840263 0.9984452724456787 -494.8785705566406
* 0.997812807559967 0.011043602600693703 -0.06516203284263611 -143.12843322753906 -0.009028442203998566 0.9994727373123169 0.03118879348039627 43.6959228515625 0.06547163426876068 -0.03053247183561325 0.9973871111869812 -496.8666076660156
* 0.9975172877311707 8.623971370980144E-4 -0.0704062208533287 -142.51959228515625 0.002159316325560212 0.9990780353546143 0.04287702217698097 42.081016540527344 0.07037784159183502 -0.04292279854416847 0.9965964555740356 -493.9059143066406
* 0.9956790208816528 0.029439285397529602 -0.08806272596120834 -143.98699951171875 -0.03176374360918999 0.9991808533668518 -0.02507367543876171 40.0322380065918 0.08725200593471527 0.02776237204670906 0.9957992434501648 -497.8559265136719
* 0.9956763982772827 0.019471246749162674 -0.0908171609044075 -143.4390106201172 -0.018158545717597008 0.9997181296348572 0.01529455091804266 38.07345962524414 0.0910889208316803 -0.013579495251178741 0.9957500100135803 -493.2966003417969
* 0.997399628162384 0.0017591099021956325 -0.07203612476587296 -145.4335174560547 0.004164088051766157 0.9966204762458801 0.08203838020563126 38.69190216064453 0.07193651795387268 -0.0821252390742302 0.9940223097801208 -496.6911926269531
* 0.9968680143356323 0.008630458265542984 -0.07859988510608673 -146.7698211669922 -0.004693056922405958 0.9987289905548096 0.05018356814980507 39.34328842163086 0.07893263548612595 -0.049657728523015976 0.9956423044204712 -496.1852111816406
* 0.9938217997550964 0.013956117443740368 -0.11009896546602249 -145.26950073242188 -0.009627066552639008 0.999161958694458 0.03978351876139641 40.792762756347656 0.11056149750947952 -0.038478001952171326 0.9931240677833557 -487.7087707519531
* 0.9974271655082703 0.003443205263465643 -0.07159072905778885 -148.86767578125 -0.0014163237065076828 0.9995959401130676 0.02838926389813423 38.403053283691406 0.07165908813476563 -0.02821502275764942 0.9970299005508423 -498.6656799316406
* 0.9993914365768433 0.010607772506773472 0.033197466284036636 -151.87188720703125 -0.010072345845401287 0.9998155236244202 -0.01635359413921833 28.840871810913086 -0.03336537256836891 0.01600910723209381 0.9993149042129517 -513.8135375976563
#
* 0.9997380971908569 0.012952908873558044 -0.018852652981877327 -148.48873901367188 -0.01232426892966032 0.999356210231781 0.03370125964283943 11.116781234741211 0.019275914877653122 -0.033458493649959564 0.999254584312439 -503.9516296386719
* 0.9991065263748169 -0.012623543851077557 -0.04032641649246216 -149.81886291503906 0.016506271436810493 0.9950741529464722 0.09775245934724808 15.241118431091309 0.03889273479580879 -0.09832914918661118 0.994394063949585 -504.9604187011719
* 0.9999457597732544 -0.004599622916430235 -0.009314948692917824 -152.28500366210938 0.0050336639396846294 0.9988146424293518 0.04842144250869751 23.6409854888916 0.00908009335398674 -0.048464078456163406 0.998784065246582 -509.28179931640625
* 0.9984883666038513 0.0047769928351044655 -0.054748039692640305 -150.0376434326172 -0.0024901842698454857 0.9991158246994019 0.04197708144783974 27.481782913208008 0.05489906668663025 -0.04177567735314369 0.9976179599761963 -498.2978210449219
* 0.9961420893669128 0.021418679505586624 -0.08509542793035507 -149.97335815429688 -0.022767791524529457 0.9996320009231567 -0.014775494113564491 25.9005069732666 0.08474651724100113 0.016657553613185883 0.9962635636329651 -497.7900390625
* 0.9962704181671143 0.013146763667464256 -0.08527109771966934 -148.87701416015625 -0.012725813314318657 0.9999037384986877 0.0056170211173594 21.69915771484375 0.0853356122970581 -0.004509298596531153 0.9963423013687134 -497.037353515625
* 0.9940462708473206 0.01305217295885086 -0.10816825181245804 -147.3863983154297 -0.013650094158947468 0.9998963475227356 -0.00467959837988019 18.86374855041504 0.10809484869241714 0.006129876244813204 0.9941219091415405 -492.7925109863281
* 0.9956240057945251 -6.676227203570306E-4 -0.09344026446342468 -148.2286376953125 0.002800161484628916 0.9997363090515137 0.022819604724645615 18.35834503173828 0.09339931607246399 -0.022979766130447388 0.995363712310791 -496.63275146484375
* 0.9975074529647827 -0.0027881665155291557 -0.07049766182899475 -147.3222198486328 0.004178703762590885 0.9997968077659607 0.019752664491534233 18.747867584228516 0.07042717933654785 -0.01999638043344021 0.9973166584968567 -496.5344543457031
* 0.996617317199707 0.010678313672542572 -0.08147934079170227 -146.5086669921875 -0.006949888542294502 0.9989154934883118 0.046050820499658585 21.821420669555664 0.08188162744045258 -0.04532715305685997 0.9956110119819641 -496.60015869140625
* 0.9997677803039551 0.004068478941917419 -0.02113480120897293 -147.12969970703125 -0.0037372387014329433 0.9998615980148315 0.016245078295469284 27.78192901611328 0.021196875721216202 -0.016160689294338226 0.9996448755264282 -501.82427978515625
* 0.9999502301216125 -0.005419957917183638 0.008313899859786034 -147.5030059814453 0.005013518501073122 0.9988932013511658 0.046778902411460876 33.826900482177734 -0.008559317328035831 -0.04673326015472412 0.9988709688186646 -506.3177185058594
* 0.9987380504608154 0.009024216793477535 -0.049394045025110245 -144.0555877685547 -0.007232947275042534 0.9993057250976563 0.03656157851219177 37.51584243774414 0.04968860745429993 -0.0361565425992012 0.9981102347373962 -498.80206298828125
* 0.9962430596351624 0.014277836307883263 -0.08541007339954376 -141.1397247314453 -0.014119758270680904 0.9998974800109863 0.00259283185005188 39.0562744140625 0.08543725311756134 -0.0013754889369010925 0.9963427782058716 -496.42401123046875
* 0.9978281855583191 0.006578525528311729 -0.06553313881158829 -140.09359741210938 -0.004671539179980755 0.9995575547218323 0.02939024567604065 40.04750061035156 0.06569641083478928 -0.02901863306760788 0.9974177479743958 -499.73699951171875
* 0.9970709681510925 0.01927878148853779 -0.07400547713041306 -137.03720092773438 -0.018662912771105766 0.9997842907905579 0.009164229035377502 40.77497863769531 0.07416510581970215 -0.007754602003842592 0.9972159266471863 -496.321044921875
#
* 0.9982699751853943 0.005674470216035843 -0.058515675365924835 -133.82186889648438 -0.002027430571615696 0.9980417490005493 0.06252560019493103 48.636680603027344 0.058754757046699524 -0.06229829415678978 0.9963266849517822 -498.49017333984375
* 0.998943030834198 -0.010355861857533455 -0.0447763130068779 -131.91943359375 0.012770691886544228 0.9984368085861206 0.05442172288894653 55.25660705566406 0.044141605496406555 -0.05493553727865219 0.9975137114524841 -499.5042419433594
* 0.9964674115180969 0.017678309231996536 -0.08209472894668579 -128.58067321777344 -0.01627100445330143 0.9997057914733887 0.018014218658208847 60.203880310058594 0.08238789439201355 -0.016614366322755814 0.996461808681488 -497.7636413574219
* 0.9942430853843689 0.023961283266544342 -0.10443186014890671 -125.15644836425781 -0.029074938967823982 0.9984467625617981 -0.04753511771559715 63.34586715698242 0.10312951356172562 0.050298236310482025 0.9933953881263733 -493.7517395019531
* 0.9976237416267395 0.005356457084417343 -0.06868475675582886 -124.38436126708984 -0.0026137763634324074 0.9991870522499084 0.040239911526441574 66.18974304199219 0.06884334236383438 -0.03996431082487106 0.9968266487121582 -495.317626953125
* 0.9967844486236572 0.01787979155778885 -0.0781053751707077 -126.111328125 -0.0149837676435709 0.9991751313209534 0.0377538800239563 68.3490219116211 0.07871485501527786 -0.0364617183804512 0.9962301254272461 -492.5587158203125
* 0.9957713484764099 0.02482791058719158 -0.0884440466761589 -132.71250915527344 -0.02815893292427063 0.9989411234855652 -0.0363948754966259 71.85455322265625 0.08744566142559052 0.0387318953871727 0.9954160451889038 -498.7798767089844
* 0.9953279495239258 0.018490346148610115 -0.09476175904273987 -138.41795349121094 -0.01997472532093525 0.9996952414512634 -0.014535089023411274 76.74470520019531 0.09446299076080322 0.016360457986593246 0.9953939318656921 -497.0314025878906
* 0.9943581223487854 0.010032184422016144 -0.10559683293104172 -141.3792266845703 -0.011612108908593655 0.9998326301574707 -0.01417463831603527 80.20307159423828 0.1054357960820198 0.015321322716772556 0.9943080544471741 -490.99664306640625
* 0.9984965920448303 0.022538304328918457 -0.049960002303123474 -143.46322631835938 -0.023927269503474236 0.99934983253479 -0.02698872610926628 82.47450256347656 0.04931808263063431 0.0281439907848835 0.9983865022659302 -493.030517578125
