#
#
#
#
#
#
#
#
#
#
#
#
#
#
#
#
#
#
#
#
#
#
#
#
#
#
#
#
#
#
#
#
#
#
#
#
#
#
#
#
#
#
#
#
#
#
#
#
#
#
#
#
#
#
#
#
#
#
#
#
#
#
#
#
#
#
#
#
#
#
#
#
#
#
#
#
#
#
#
#
#
#
#
#
#
#
#
#
#
#
#
#
#
#
#
#
#
#
#
#
#
#
#
#
#
#
#
#
#
#
#
#
#
#
#
#
#
#
#
#
#
#
#
#
#
#
#
#
#
#
#
#
#
#
#
#
#
#
#
#
#
#
#
#
#
#
#
#
#
#
#
#
#
#
#
#
#
#
#
#
#
#
#
#
#
#
#
#
#
#
#
#
#
#
#
#
#
#
#
#
#
#
#
#
#
#
#
#
#
#
#
#
#
#
#
#
#
#
#
#
#
#
#
#
#
#
#
#
#
#
#
#
#
#
#
*1 0.9920483827590942 0.10010684281587601 0.07627007365226746 -119.63420867919922
*1 0.9920483827590942 0.10010684281587601 0.07627007365226746 -119.63420867919922
*2 -0.1080448180437088 0.9882407188415527 0.10820196568965912 371.1640319824219
*1 0.9920483827590942 0.10010684281587601 0.07627007365226746 -119.63420867919922
*2 -0.1080448180437088 0.9882407188415527 0.10820196568965912 371.1640319824219
*3 -0.064541757106781 -0.11558305472135544 0.9911987781524658 -1250.95703125
*1 0.9930633306503296 0.09824512898921967 0.06458631902933121 -126.14714050292969
*1 0.9930633306503296 0.09824512898921967 0.06458631902933121 -126.14714050292969
*2 -0.10405677556991577 0.9901439547538757 0.0937454029917717 346.42913818359375
*1 0.9930633306503296 0.09824512898921967 0.06458631902933121 -126.14714050292969
*2 -0.10405677556991577 0.9901439547538757 0.0937454029917717 346.42913818359375
*3 -0.05474003031849861 -0.09981664270162582 0.9934989809989929 -1250.6392822265625
*1 0.9926244616508484 0.10049005597829819 0.06779877841472626 -130.85894775390625
*1 0.9926244616508484 0.10049005597829819 0.06779877841472626 -130.85894775390625
*2 -0.10361161082983017 0.9936380982398987 0.044148039072752 327.1400451660156
*1 0.9926244616508484 0.10049005597829819 0.06779877841472626 -130.85894775390625
*2 -0.10361161082983017 0.9936380982398987 0.044148039072752 327.1400451660156
*3 -0.06293131411075592 -0.05084801837801933 0.9967217445373535 -1258.32568359375
*1 0.9857385158538818 0.09644753485918045 0.1378973126411438 -132.41868591308594
*1 0.9857385158538818 0.09644753485918045 0.1378973126411438 -132.41868591308594
*2 -0.09342330694198608 0.9952253699302673 -0.028278883546590805 312.681396484375
*1 0.9857385158538818 0.09644753485918045 0.1378973126411438 -132.41868591308594
*2 -0.09342330694198608 0.9952253699302673 -0.028278883546590805 312.681396484375
*3 -0.139966681599617 0.0149919418618083 0.9900428056716919 -1269.60546875
*1 0.9935045838356018 0.10078108310699463 0.05282118171453476 -131.1287078857422
*1 0.9935045838356018 0.10078108310699463 0.05282118171453476 -131.1287078857422
*2 -0.1004476323723793 0.9949022531509399 -0.009004689753055573 294.1253662109375
*1 0.9935045838356018 0.10078108310699463 0.05282118171453476 -131.1287078857422
*2 -0.1004476323723793 0.9949022531509399 -0.009004689753055573 294.1253662109375
*3 -0.05345971882343292 0.00363960862159729 0.9985635280609131 -1266.1385498046875
*1 0.9937108159065247 0.11132455617189407 0.011996287852525711 -131.0316162109375
*1 0.9937108159065247 0.11132455617189407 0.011996287852525711 -131.0316162109375
*2 -0.11140049248933792 0.993760883808136 0.005534278228878975 275.5071105957031
*1 0.9937108159065247 0.11132455617189407 0.011996287852525711 -131.0316162109375
*2 -0.11140049248933792 0.993760883808136 0.005534278228878975 275.5071105957031
*3 -0.01130562275648117 -0.006836708635091782 0.9999129176139832 -1252.875
*1 0.9820616245269775 0.11969387531280518 -0.14569374918937683 -131.56494140625
*1 0.9820616245269775 0.11969387531280518 -0.14569374918937683 -131.56494140625
*2 -0.13150513172149658 0.9885295629501343 -0.07427698373794556 258.8270263671875
*1 0.9820616245269775 0.11969387531280518 -0.14569374918937683 -131.56494140625
*2 -0.13150513172149658 0.9885295629501343 -0.07427698373794556 258.8270263671875
*3 0.1351318657398224 0.09210323542356491 0.986537754535675 -1222.1285400390625
*1 0.9835994839668274 0.11686889827251434 -0.13737529516220093 -132.78599548339844
*1 0.9835994839668274 0.11686889827251434 -0.13737529516220093 -132.78599548339844
*2 -0.13948078453540802 0.975779116153717 -0.16852737963199615 254.50253295898438
*1 0.9835994839668274 0.11686889827251434 -0.13737529516220093 -132.78599548339844
*2 -0.13948078453540802 0.975779116153717 -0.16852737963199615 254.50253295898438
*3 0.11435212194919586 0.18492388725280762 0.9760773777961731 -1222.7791748046875
*1 0.9934791922569275 0.11395009607076645 -0.0035771001130342484 -134.9151611328125
*1 0.9934791922569275 0.11395009607076645 -0.0035771001130342484 -134.9151611328125
*2 -0.11179804056882858 0.9675755500793457 -0.22649553418159485 253.5411376953125
*1 0.9934791922569275 0.11395009607076645 -0.0035771001130342484 -134.9151611328125
*2 -0.11179804056882858 0.9675755500793457 -0.22649553418159485 253.5411376953125
*3 -0.022348366677761078 0.22541776299476624 0.9740059971809387 -1260.70263671875
*1 0.9914825558662415 0.11707101762294769 -0.05705247074365616 -133.85520935058594
*1 0.9914825558662415 0.11707101762294769 -0.05705247074365616 -133.85520935058594
*2 -0.12928977608680725 0.9375297427177429 -0.32299181818962097 241.50338745117188
*1 0.9914825558662415 0.11707101762294769 -0.05705247074365616 -133.85520935058594
*2 -0.12928977608680725 0.9375297427177429 -0.32299181818962097 241.50338745117188
*3 0.015675172209739685 0.3276163637638092 0.9446809887886047 -1270.5072021484375
*1 0.989309549331665 0.1381998062133789 0.04653698578476906 -132.90402221679688
*1 0.989309549331665 0.1381998062133789 0.04653698578476906 -132.90402221679688
*2 -0.10357560962438583 0.8905673623085022 -0.442903608083725 224.78268432617188
*1 0.989309549331665 0.1381998062133789 0.04653698578476906 -132.90402221679688
*2 -0.10357560962438583 0.8905673623085022 -0.442903608083725 224.78268432617188
*3 -0.10265378654003143 0.43334802985191345 0.8953614830970764 -1268.4468994140625
*1 0.9892805814743042 0.13736659288406372 0.04952459782361984 -138.61343383789063
*1 0.9892805814743042 0.13736659288406372 0.04952459782361984 -138.61343383789063
*2 -0.10816693305969238 0.917208731174469 -0.3834444284439087 209.56393432617188
*1 0.9892805814743042 0.13736659288406372 0.04952459782361984 -138.61343383789063
*2 -0.10816693305969238 0.917208731174469 -0.3834444284439087 209.56393432617188
*3 -0.09809714555740356 0.3739764988422394 0.9222358465194702 -1283.263427734375
*1 0.9807755947113037 0.14658990502357483 0.1287979781627655 -145.46084594726563
*1 0.9807755947113037 0.14658990502357483 0.1287979781627655 -145.46084594726563
*2 -0.0832119882106781 0.9112063646316528 -0.4034605324268341 191.4424285888672
*1 0.9807755947113037 0.14658990502357483 0.1287979781627655 -145.46084594726563
*2 -0.0832119882106781 0.9112063646316528 -0.4034605324268341 191.4424285888672
*3 -0.17650511860847473 0.384986013174057 0.9058874249458313 -1283.805908203125
*1 0.9598785638809204 0.11830580979585648 -0.25423452258110046 -152.17750549316406
*1 0.9598785638809204 0.11830580979585648 -0.25423452258110046 -152.17750549316406
*2 -0.14239394664764404 0.9866970181465149 -0.07845272868871689 177.236572265625
*1 0.9598785638809204 0.11830580979585648 -0.25423452258110046 -152.17750549316406
*2 -0.14239394664764404 0.9866970181465149 -0.07845272868871689 177.236572265625
*3 0.24157072603702545 0.11150576919317245 0.9639555811882019 -1279.0921630859375
*1 0.9941410422325134 0.10426530987024307 -0.028470508754253387 -156.8463592529297
*1 0.9941410422325134 0.10426530987024307 -0.028470508754253387 -156.8463592529297
*2 -0.10582824051380157 0.9925586581230164 -0.06024584919214249 164.61178588867188
*1 0.9941410422325134 0.10426530987024307 -0.028470508754253387 -156.8463592529297
*2 -0.10582824051380157 0.9925586581230164 -0.06024584919214249 164.61178588867188
*3 0.021976735442876816 0.06290508806705475 0.9977776408195496 -1269.6793212890625
*1 0.9892184138298035 0.11730311810970306 -0.08766429126262665 -161.50111389160156
*1 0.9892184138298035 0.11730311810970306 -0.08766429126262665 -161.50111389160156
*2 -0.12548808753490448 0.9875845313072205 -0.09450659155845642 153.93496704101563
*1 0.9892184138298035 0.11730311810970306 -0.08766429126262665 -161.50111389160156
*2 -0.12548808753490448 0.9875845313072205 -0.09450659155845642 153.93496704101563
*3 0.07548963278532028 0.10448772460222244 0.9916571378707886 -1262.390869140625
*1 0.9908642172813416 0.11903810501098633 -0.06337155401706696 -167.6631622314453
*1 0.9908642172813416 0.11903810501098633 -0.06337155401706696 -167.6631622314453
*2 -0.12452764064073563 0.9880250692367554 -0.09111059457063675 144.5945281982422
*1 0.9908642172813416 0.11903810501098633 -0.06337155401706696 -167.6631622314453
*2 -0.12452764064073563 0.9880250692367554 -0.09111059457063675 144.5945281982422
*3 0.05176670849323273 0.09816897660493851 0.9938225150108337 -1265.34228515625
*1 0.9940769076347351 0.10866399109363556 0.0010822415351867676 -174.67333984375
*1 0.9940769076347351 0.10866399109363556 0.0010822415351867676 -174.67333984375
*2 -0.108423613011837 0.9924213886260986 -0.05784400552511215 135.60012817382813
*1 0.9940769076347351 0.10866399109363556 0.0010822415351867676 -174.67333984375
*2 -0.108423613011837 0.9924213886260986 -0.05784400552511215 135.60012817382813
*3 -0.0073599666357040405 0.05738328397274017 0.9983252286911011 -1277.54150390625
*1 0.993995189666748 0.10681325942277908 -0.0237160325050354 -175.37649536132813
*1 0.993995189666748 0.10681325942277908 -0.0237160325050354 -175.37649536132813
*2 -0.10830864310264587 0.9913155436515808 -0.07459533959627151 124.64064025878906
*1 0.993995189666748 0.10681325942277908 -0.0237160325050354 -175.37649536132813
*2 -0.10830864310264587 0.9913155436515808 -0.07459533959627151 124.64064025878906
*3 0.015541939064860344 0.07671529799699783 0.9969320893287659 -1258.4942626953125
*1 0.9820122122764587 0.10265673696994781 -0.15846557915210724 -169.66079711914063
*1 0.9820122122764587 0.10265673696994781 -0.15846557915210724 -169.66079711914063
*2 -0.11839938163757324 0.9885755777359009 -0.09328319132328033 118.19708251953125
*1 0.9820122122764587 0.10265673696994781 -0.15846557915210724 -169.66079711914063
*2 -0.11839938163757324 0.9885755777359009 -0.09328319132328033 118.19708251953125
*3 0.1470787227153778 0.11036671698093414 0.9829483032226563 -1229.9132080078125
*1 0.9848330020904541 0.11575808376073837 -0.12923571467399597 -166.24240112304688
*1 0.9848330020904541 0.11575808376073837 -0.12923571467399597 -166.24240112304688
*2 -0.12777096033096313 0.9878174066543579 -0.0888429582118988 119.70787811279297
*1 0.9848330020904541 0.11575808376073837 -0.12923571467399597 -166.24240112304688
*2 -0.12777096033096313 0.9878174066543579 -0.0888429582118988 119.70787811279297
*3 0.1173766627907753 0.104007288813591 0.9876261949539185 -1235.9954833984375
*1 0.9815071821212769 0.11415600031614304 -0.1536550223827362 -161.07684326171875
*1 0.9815071821212769 0.11415600031614304 -0.1536550223827362 -161.07684326171875
*2 -0.12758347392082214 0.9885554909706116 -0.08051174879074097 119.11040496826172
*1 0.9815071821212769 0.11415600031614304 -0.1536550223827362 -161.07684326171875
*2 -0.12758347392082214 0.9885554909706116 -0.08051174879074097 119.11040496826172
*3 0.1427053064107895 0.09862594306468964 0.9848392605781555 -1227.9893798828125
*1 0.9846488237380981 0.11696607619524002 -0.1295507848262787 -160.04550170898438
*1 0.9846488237380981 0.11696607619524002 -0.1295507848262787 -160.04550170898438
*2 -0.1269158273935318 0.9893443584442139 -0.07135628163814545 120.41815948486328
*1 0.9846488237380981 0.11696607619524002 -0.1295507848262787 -160.04550170898438
*2 -0.1269158273935318 0.9893443584442139 -0.07135628163814545 120.41815948486328
*3 0.11982373148202896 0.08670216053724289 0.9890021085739136 -1227.6224365234375
*1 0.9910019636154175 0.11749633401632309 -0.06409036368131638 -164.5426483154297
*1 0.9910019636154175 0.11749633401632309 -0.06409036368131638 -164.5426483154297
*2 -0.12441074848175049 0.9852643609046936 -0.11737856268882751 117.67378234863281
*1 0.9910019636154175 0.11749633401632309 -0.06409036368131638 -164.5426483154297
*2 -0.12441074848175049 0.9852643609046936 -0.11737856268882751 117.67378234863281
*3 0.04935401678085327 0.124295175075531 0.9910171031951904 -1243.9105224609375
*1 0.9823543429374695 0.11213061213493347 -0.14968150854110718 -162.78634643554688
*1 0.9823543429374695 0.11213061213493347 -0.14968150854110718 -162.78634643554688
*2 -0.12743951380252838 0.9871033430099487 -0.09689080715179443 109.5755844116211
*1 0.9823543429374695 0.11213061213493347 -0.14968150854110718 -162.78634643554688
*2 -0.12743951380252838 0.9871033430099487 -0.09689080715179443 109.5755844116211
*3 0.136886328458786 0.11425569653511047 0.9839754700660706 -1224.0950927734375
*1 0.9873816967010498 0.10976596176624298 -0.11413467675447464 -161.5431365966797
*1 0.9873816967010498 0.10976596176624298 -0.11413467675447464 -161.5431365966797
*2 -0.1205630898475647 0.988396942615509 -0.09239908307790756 107.97014617919922
*1 0.9873816967010498 0.10976596176624298 -0.11413467675447464 -161.5431365966797
*2 -0.1205630898475647 0.988396942615509 -0.09239908307790756 107.97014617919922
*3 0.10266771912574768 0.1049928367137909 0.9891591668128967 -1224.5810546875
*1 0.9872981905937195 0.10468609631061554 -0.11950334906578064 -161.47042846679688
*1 0.9872981905937195 0.10468609631061554 -0.11950334906578064 -161.47042846679688
*2 -0.11243852227926254 0.991844117641449 -0.06003632768988609 109.32384490966797
*1 0.9872981905937195 0.10468609631061554 -0.11950334906578064 -161.47042846679688
*2 -0.11243852227926254 0.991844117641449 -0.06003632768988609 109.32384490966797
*3 0.11224335432052612 0.07270976155996323 0.9910170435905457 -1228.09814453125
*1 0.9868597388267517 0.11333850026130676 -0.1151527538895607 -162.6379852294922
*1 0.9868597388267517 0.11333850026130676 -0.1151527538895607 -162.6379852294922
*2 -0.12426069378852844 0.9879273176193237 -0.09252195060253143 106.09864807128906
*1 0.9868597388267517 0.11333850026130676 -0.1151527538895607 -162.6379852294922
*2 -0.12426069378852844 0.9879273176193237 -0.09252195060253143 106.09864807128906
*3 0.10327589511871338 0.10561437904834747 0.9890297055244446 -1225.0826416015625
*1 0.9898824691772461 0.10941558331251144 -0.09032607078552246 -166.17262268066406
*1 0.9898824691772461 0.10941558331251144 -0.09032607078552246 -166.17262268066406
*2 -0.11564499884843826 0.9910407662391663 -0.06682614982128143 101.93684387207031
*1 0.9898824691772461 0.10941558331251144 -0.09032607078552246 -166.17262268066406
*2 -0.11564499884843826 0.9910407662391663 -0.06682614982128143 101.93684387207031
*3 0.08220463246107101 0.0765950083732605 0.993667721748352 -1232.8358154296875
*1 0.9941236972808838 0.10713714361190796 0.015415012836456299 -172.1065673828125
*1 0.9941236972808838 0.10713714361190796 0.015415012836456299 -172.1065673828125
*2 -0.10524678975343704 0.9900262951850891 -0.09366056323051453 96.10317993164063
*1 0.9941236972808838 0.10713714361190796 0.015415012836456299 -172.1065673828125
*2 -0.10524678975343704 0.9900262951850891 -0.09366056323051453 96.10317993164063
*3 -0.025296196341514587 0.09148703515529633 0.9954848289489746 -1259.893310546875
*1 0.991581916809082 0.11721047759056091 -0.05499995872378349 -175.64797973632813
*1 0.991581916809082 0.11721047759056091 -0.05499995872378349 -175.64797973632813
*2 -0.12174039334058762 0.9886708855628967 -0.0878085047006607 82.50440979003906
*1 0.991581916809082 0.11721047759056091 -0.05499995872378349 -175.64797973632813
*2 -0.12174039334058762 0.9886708855628967 -0.0878085047006607 82.50440979003906
*3 0.04408442601561546 0.09376426041126251 0.9946178793907166 -1254.17919921875
*1 0.9934160709381104 0.11052695661783218 -0.03010435588657856 -180.2420196533203
*1 0.9934160709381104 0.11052695661783218 -0.03010435588657856 -180.2420196533203
*2 -0.11298661679029465 0.988725483417511 -0.09827074408531189 71.70988464355469
*1 0.9934160709381104 0.11052695661783218 -0.03010435588657856 -180.2420196533203
*2 -0.11298661679029465 0.988725483417511 -0.09827074408531189 71.70988464355469
*3 0.01890300028026104 0.101024329662323 0.9947043657302856 -1254.667724609375
*1 0.9927244782447815 0.11505001783370972 -0.03548987954854965 -182.46078491210938
*1 0.9927244782447815 0.11505001783370972 -0.03548987954854965 -182.46078491210938
*2 -0.11673278361558914 0.9919267892837524 -0.049557071179151535 62.44089126586914
*1 0.9927244782447815 0.11505001783370972 -0.03548987954854965 -182.46078491210938
*2 -0.11673278361558914 0.9919267892837524 -0.049557071179151535 62.44089126586914
*3 0.029501453042030334 0.05333852767944336 0.9981405735015869 -1251.6690673828125
*1 0.9871662259101868 0.11485573649406433 -0.11094503104686737 -182.69911193847656
*1 0.9871662259101868 0.11485573649406433 -0.11094503104686737 -182.69911193847656
*2 -0.1177295669913292 0.9928517937660217 -0.019653255119919777 55.524845123291016
*1 0.9871662259101868 0.11485573649406433 -0.11094503104686737 -182.69911193847656
*2 -0.1177295669913292 0.9928517937660217 -0.019653255119919777 55.524845123291016
*3 0.10789435356855392 0.03246171399950981 0.9936321973800659 -1234.8624267578125
*1 0.9929527044296265 0.11781023442745209 -0.012785688042640686 -190.4148406982422
*1 0.9929527044296265 0.11781023442745209 -0.012785688042640686 -190.4148406982422
*2 -0.11849258095026016 0.9886537194252014 -0.09232889860868454 50.58929443359375
*1 0.9929527044296265 0.11781023442745209 -0.012785688042640686 -190.4148406982422
*2 -0.11849258095026016 0.9886537194252014 -0.09232889860868454 50.58929443359375
*3 0.0017629414796829224 0.0931924432516098 0.9956465363502502 -1266.18359375
*1 0.9901429414749146 0.11185567826032639 0.08427972346544266 -196.6473388671875
*1 0.9901429414749146 0.11185567826032639 0.08427972346544266 -196.6473388671875
*2 -0.10449396818876266 0.9906909465789795 -0.08725666254758835 37.541465759277344
*1 0.9901429414749146 0.11185567826032639 0.08427972346544266 -196.6473388671875
*2 -0.10449396818876266 0.9906909465789795 -0.08725666254758835 37.541465759277344
*3 -0.09325575083494186 0.07758903503417969 0.9926143288612366 -1280.0291748046875
*1 0.9933562874794006 0.11327266693115234 -0.02025584876537323 -197.9154815673828
*1 0.9933562874794006 0.11327266693115234 -0.02025584876537323 -197.9154815673828
*2 -0.11457445472478867 0.98997962474823 -0.08254862576723099 24.41720962524414
*1 0.9933562874794006 0.11327266693115234 -0.02025584876537323 -197.9154815673828
*2 -0.11457445472478867 0.98997962474823 -0.08254862576723099 24.41720962524414
*3 0.010701961815357208 0.08432020246982574 0.9963812232017517 -1261.9739990234375
*1 0.9933180212974548 0.1068391427397728 -0.0436181016266346 -199.97337341308594
*1 0.9933180212974548 0.1068391427397728 -0.0436181016266346 -199.97337341308594
*2 -0.1070319190621376 0.9942541122436523 -0.002016298472881317 16.107213973999023
*1 0.9933180212974548 0.1068391427397728 -0.0436181016266346 -199.97337341308594
*2 -0.1070319190621376 0.9942541122436523 -0.002016298472881317 16.107213973999023
*3 0.04315165430307388 0.0066705122590065 0.999046266078949 -1250.443359375
*1 0.9923513531684875 0.10329381376504898 -0.06757999956607819 -202.9311065673828
*1 0.9923513531684875 0.10329381376504898 -0.06757999956607819 -202.9311065673828
*2 -0.1039993166923523 0.9945536851882935 -0.006941014900803566 11.47427749633789
*1 0.9923513531684875 0.10329381376504898 -0.06757999956607819 -202.9311065673828
*2 -0.1039993166923523 0.9945536851882935 -0.006941014900803566 11.47427749633789
*3 0.06649458408355713 0.01391535997390747 0.9976897239685059 -1242.0748291015625
*1 0.9906966090202332 0.10327019542455673 -0.08861879259347916 -206.6348114013672
*1 0.9906966090202332 0.10327019542455673 -0.08861879259347916 -206.6348114013672
*2 -0.105305977165699 0.9942672252655029 -0.01855745166540146 7.407427787780762
*1 0.9906966090202332 0.10327019542455673 -0.08861879259347916 -206.6348114013672
*2 -0.105305977165699 0.9942672252655029 -0.01855745166540146 7.407427787780762
*3 0.08619396388530731 0.02771606296300888 0.9958927035331726 -1236.833984375
*1 0.9932217597961426 0.10080203413963318 -0.05785520374774933 -209.4856414794922
*1 0.9932217597961426 0.10080203413963318 -0.05785520374774933 -209.4856414794922
*2 -0.1015922799706459 0.9947679042816162 -0.010810894891619682 5.899980068206787
*1 0.9932217597961426 0.10080203413963318 -0.05785520374774933 -209.4856414794922
*2 -0.1015922799706459 0.9947679042816162 -0.010810894891619682 5.899980068206787
*3 0.056462351232767105 0.016614427790045738 0.9982663989067078 -1236.6776123046875
*1 0.9915686845779419 0.10392949730157852 -0.0773826390504837 -210.730712890625
*1 0.9915686845779419 0.10392949730157852 -0.0773826390504837 -210.730712890625
*2 -0.10901419073343277 0.9919386506080627 -0.06461137533187866 4.481115341186523
*1 0.9915686845779419 0.10392949730157852 -0.0773826390504837 -210.730712890625
*2 -0.10901419073343277 0.9919386506080627 -0.06461137533187866 4.481115341186523
*3 0.07004343718290329 0.07250160723924637 0.9949057102203369 -1229.63720703125
*1 0.9945838451385498 0.1008305549621582 -0.02518022432923317 -213.71006774902344
*1 0.9945838451385498 0.1008305549621582 -0.02518022432923317 -213.71006774902344
*2 -0.1012805849313736 0.9947110414505005 -0.017124980688095093 1.9944474697113037
*1 0.9945838451385498 0.1008305549621582 -0.02518022432923317 -213.71006774902344
*2 -0.1012805849313736 0.9947110414505005 -0.017124980688095093 1.9944474697113037
*3 0.023319926112890244 0.019581656903028488 0.9995362162590027 -1236.3887939453125
*1 0.9926642179489136 0.10270658135414124 -0.06377317756414413 -213.07107543945313
*1 0.9926642179489136 0.10270658135414124 -0.06377317756414413 -213.07107543945313
*2 -0.10446882247924805 0.994217574596405 -0.024872789159417152 -2.2100589275360107
*1 0.9926642179489136 0.10270658135414124 -0.06377317756414413 -213.07107543945313
*2 -0.10446882247924805 0.994217574596405 -0.024872789159417152 -2.2100589275360107
*3 0.06084943935275078 0.03135180100798607 0.9976544380187988 -1225.0753173828125
*1 0.9922574758529663 0.10002752393484116 -0.07360297441482544 -214.91360473632813
*1 0.9922574758529663 0.10002752393484116 -0.07360297441482544 -214.91360473632813
*2 -0.10053034126758575 0.9949296712875366 -0.0030992068350315094 -2.949765205383301
*1 0.9922574758529663 0.10002752393484116 -0.07360297441482544 -214.91360473632813
*2 -0.10053034126758575 0.9949296712875366 -0.0030992068350315094 -2.949765205383301
*3 0.07291939854621887 0.010473694652318954 0.9972828030586243 -1224.7916259765625
*1 0.9935535788536072 0.10007787495851517 -0.05323042720556259 -217.79542541503906
*1 0.9935535788536072 0.10007787495851517 -0.05323042720556259 -217.79542541503906
*2 -0.1009620800614357 0.9947906732559204 -0.014111504890024662 -7.630315780639648
*1 0.9935535788536072 0.10007787495851517 -0.05323042720556259 -217.79542541503906
*2 -0.1009620800614357 0.9947906732559204 -0.014111504890024662 -7.630315780639648
*3 0.051540493965148926 0.01939394697546959 0.9984825253486633 -1224.78564453125
*1 0.9917413592338562 0.09706031531095505 -0.08382253348827362 -221.32887268066406
*1 0.9917413592338562 0.09706031531095505 -0.08382253348827362 -221.32887268066406
*2 -0.09790129214525223 0.9951789975166321 -0.005927074700593948 -14.947673797607422
*1 0.9917413592338562 0.09706031531095505 -0.08382253348827362 -221.32887268066406
*2 -0.09790129214525223 0.9951789975166321 -0.005927074700593948 -14.947673797607422
*3 0.08284276723861694 0.014083615504205227 0.9964630603790283 -1221.913818359375
*1 0.9875550866127014 0.09087973833084106 -0.1283491849899292 -227.87789916992188
*1 0.9875550866127014 0.09087973833084106 -0.1283491849899292 -227.87789916992188
*2 -0.08637437969446182 0.9954485893249512 0.04028206691145897 -18.16099739074707
*1 0.9875550866127014 0.09087973833084106 -0.1283491849899292 -227.87789916992188
*2 -0.08637437969446182 0.9954485893249512 0.04028206691145897 -18.16099739074707
*3 0.13142547011375427 -0.028695549815893173 0.9909105896949768 -1219.0745849609375
*1 0.97575443983078 0.08797463029623032 -0.20040296018123627 -239.28097534179688
*1 0.97575443983078 0.08797463029623032 -0.20040296018123627 -239.28097534179688
*2 -0.08000238984823227 0.9956594705581665 0.04757215082645416 -19.493196487426758
*1 0.97575443983078 0.08797463029623032 -0.20040296018123627 -239.28097534179688
*2 -0.08000238984823227 0.9956594705581665 0.04757215082645416 -19.493196487426758
*3 0.2037179172039032 -0.030386898666620255 0.9785578846931458 -1212.432861328125
*1 0.9828958511352539 0.08408509194850922 -0.16383840143680573 -252.72117614746094
*1 0.9828958511352539 0.08408509194850922 -0.16383840143680573 -252.72117614746094
*2 -0.07164499163627625 0.9941815137863159 0.08044396340847015 -21.059642791748047
*1 0.9828958511352539 0.08408509194850922 -0.16383840143680573 -252.72117614746094
*2 -0.07164499163627625 0.9941815137863159 0.08044396340847015 -21.059642791748047
*3 0.1696488857269287 -0.0673307329416275 0.9832017421722412 -1208.6707763671875
*1 0.9831066727638245 0.07900813966989517 -0.16509535908699036 -265.4230651855469
*1 0.9831066727638245 0.07900813966989517 -0.16509535908699036 -265.4230651855469
*2 -0.07360377162694931 0.9965396523475647 0.038631632924079895 -21.880462646484375
*1 0.9831066727638245 0.07900813966989517 -0.16509535908699036 -265.4230651855469
*2 -0.07360377162694931 0.9965396523475647 0.038631632924079895 -21.880462646484375
*3 0.1675758957862854 -0.025828246027231216 0.9855206608772278 -1204.4761962890625
*1 0.985349714756012 0.07226281613111496 -0.15447193384170532 -276.7010803222656
*1 0.985349714756012 0.07226281613111496 -0.15447193384170532 -276.7010803222656
*2 -0.06747505813837051 0.9970702528953552 0.03604593500494957 -22.81984519958496
*1 0.985349714756012 0.07226281613111496 -0.15447193384170532 -276.7010803222656
*2 -0.06747505813837051 0.9970702528953552 0.03604593500494957 -22.81984519958496
*3 0.1566237211227417 -0.025095731019973755 0.9873393774032593 -1200.3338623046875
*1 0.98768150806427 0.06942076981067657 -0.14022710919380188 -291.53485107421875
*1 0.98768150806427 0.06942076981067657 -0.14022710919380188 -291.53485107421875
*2 -0.06343067437410355 0.9968901872634888 0.04677455127239227 -26.11564064025879
*1 0.98768150806427 0.06942076981067657 -0.14022710919380188 -291.53485107421875
*2 -0.06343067437410355 0.9968901872634888 0.04677455127239227 -26.11564064025879
*3 0.14303772151470184 -0.03730455040931702 0.9890138506889343 -1209.0538330078125
*1 0.9935001134872437 0.06767217069864273 -0.09151898324489594 -302.0152893066406
*1 0.9935001134872437 0.06767217069864273 -0.09151898324489594 -302.0152893066406
*2 -0.06508097052574158 0.9973975419998169 0.03104923665523529 -29.688085556030273
*1 0.9935001134872437 0.06767217069864273 -0.09151898324489594 -302.0152893066406
*2 -0.06508097052574158 0.9973975419998169 0.03104923665523529 -29.688085556030273
*3 0.09338150918483734 -0.024892162531614304 0.995319128036499 -1204.8746337890625
*1 0.9969884753227234 0.06380237638950348 -0.044057123363018036 -309.1732482910156
*1 0.9969884753227234 0.06380237638950348 -0.044057123363018036 -309.1732482910156
*2 -0.0639498308300972 0.9979521036148071 -0.0018623340874910355 -32.015167236328125
*1 0.9969884753227234 0.06380237638950348 -0.044057123363018036 -309.1732482910156
*2 -0.0639498308300972 0.9979521036148071 -0.0018623340874910355 -32.015167236328125
*3 0.04384759068489075 0.004673296585679054 0.9990272521972656 -1202.59814453125
*1 0.9978797435760498 0.0621531642973423 -0.019255060702562332 -312.0506591796875
*1 0.9978797435760498 0.0621531642973423 -0.019255060702562332 -312.0506591796875
*2 -0.06229059770703316 0.9980380535125732 -0.006430706940591335 -33.91966247558594
*1 0.9978797435760498 0.0621531642973423 -0.019255060702562332 -312.0506591796875
*2 -0.06229059770703316 0.9980380535125732 -0.006430706940591335 -33.91966247558594
*3 0.018817100673913956 0.0076156118884682655 0.9997938275337219 -1197.1837158203125
*1 0.9977861642837524 0.06258131563663483 -0.022452492266893387 -312.274169921875
*1 0.9977861642837524 0.06258131563663483 -0.022452492266893387 -312.274169921875
*2 -0.06369452178478241 0.9965786337852478 -0.05268144607543945 -35.496036529541016
*1 0.9977861642837524 0.06258131563663483 -0.022452492266893387 -312.274169921875
*2 -0.06369452178478241 0.9965786337852478 -0.05268144607543945 -35.496036529541016
*3 0.01907830871641636 0.053994063287973404 0.9983588457107544 -1196.970947265625
*1 0.9985838532447815 0.05317147076129913 9.431298822164536E-4 -311.8779602050781
*1 0.9985838532447815 0.05317147076129913 9.431298822164536E-4 -311.8779602050781
*2 -0.05314501374959946 0.9983816146850586 -0.020274385809898376 -36.65712356567383
*1 0.9985838532447815 0.05317147076129913 9.431298822164536E-4 -311.8779602050781
*2 -0.05314501374959946 0.9983816146850586 -0.020274385809898376 -36.65712356567383
*3 -0.0020201168954372406 0.020194675773382187 0.9997939467430115 -1205.478271484375
*1 0.9971873760223389 0.05141545087099075 -0.05451224744319916 -305.9361572265625
*1 0.9971873760223389 0.05141545087099075 -0.05451224744319916 -305.9361572265625
*2 -0.05419044941663742 0.9972462058067322 -0.05064398795366287 -35.8809928894043
*1 0.9971873760223389 0.05141545087099075 -0.05451224744319916 -305.9361572265625
*2 -0.05419044941663742 0.9972462058067322 -0.05064398795366287 -35.8809928894043
*3 0.051757775247097015 0.05345472693443298 0.9972279071807861 -1198.4217529296875
*1 0.9956486225128174 0.05610357224941254 -0.07439085841178894 -299.4856872558594
*1 0.9956486225128174 0.05610357224941254 -0.07439085841178894 -299.4856872558594
*2 -0.05800850689411163 0.9980366826057434 -0.023648345842957497 -36.417762756347656
*1 0.9956486225128174 0.05610357224941254 -0.07439085841178894 -299.4856872558594
*2 -0.05800850689411163 0.9980366826057434 -0.023648345842957497 -36.417762756347656
*3 0.07291758060455322 0.027859874069690704 0.9969486594200134 -1199.3428955078125
*1 0.9925346374511719 0.05195751041173935 -0.11033207923173904 -290.3000183105469
*1 0.9925346374511719 0.05195751041173935 -0.11033207923173904 -290.3000183105469
*2 -0.05659922584891319 0.9976227879524231 -0.039329156279563904 -37.334503173828125
*1 0.9925346374511719 0.05195751041173935 -0.11033207923173904 -290.3000183105469
*2 -0.05659922584891319 0.9976227879524231 -0.039329156279563904 -37.334503173828125
*3 0.10802590101957321 0.045279406011104584 0.9931163191795349 -1197.4356689453125
*1 0.9884033203125 0.05341290682554245 -0.14213937520980835 -280.74139404296875
*1 0.9884033203125 0.05341290682554245 -0.14213937520980835 -280.74139404296875
*2 -0.05953316017985344 0.9974597692489624 -0.03913147747516632 -36.3275032043457
*1 0.9884033203125 0.05341290682554245 -0.14213937520980835 -280.74139404296875
*2 -0.05953316017985344 0.9974597692489624 -0.03913147747516632 -36.3275032043457
*3 0.13968774676322937 0.04713883623480797 0.989072859287262 -1204.0257568359375
*1 0.9854317903518677 0.05363421142101288 -0.16138529777526855 -268.46661376953125
*1 0.9854317903518677 0.05363421142101288 -0.16138529777526855 -268.46661376953125
*2 -0.06156802177429199 0.9971092343330383 -0.04454238712787628 -33.71430206298828
*1 0.9854317903518677 0.05363421142101288 -0.16138529777526855 -268.46661376953125
*2 -0.06156802177429199 0.9971092343330383 -0.04454238712787628 -33.71430206298828
*3 0.1585293412208557 0.05382881313562393 0.9858857989311218 -1208.197509765625
*1 0.9785011410713196 0.06275924295186996 -0.19645461440086365 -252.76345825195313
*1 0.9785011410713196 0.06275924295186996 -0.19645461440086365 -252.76345825195313
*2 -0.07105711847543716 0.9968427419662476 -0.03545316308736801 -32.046539306640625
*1 0.9785011410713196 0.06275924295186996 -0.19645461440086365 -252.76345825195313
*2 -0.07105711847543716 0.9968427419662476 -0.03545316308736801 -32.046539306640625
*3 0.19360893964767456 0.04864960536360741 0.9798718094825745 -1204.5125732421875
*1 0.9778217673301697 0.06269321590662003 -0.1998290717601776 -237.88011169433594
*1 0.9778217673301697 0.06269321590662003 -0.1998290717601776 -237.88011169433594
*2 -0.0687205120921135 0.9973635673522949 -0.02334514819085598 -33.597354888916016
*1 0.9778217673301697 0.06269321590662003 -0.1998290717601776 -237.88011169433594
*2 -0.0687205120921135 0.9973635673522949 -0.02334514819085598 -33.597354888916016
*3 0.19783823192119598 0.03655888885259628 0.979552686214447 -1208.884521484375
*1 0.9776721596717834 0.0640064924955368 -0.2001444548368454 -223.79319763183594
*1 0.9776721596717834 0.0640064924955368 -0.2001444548368454 -223.79319763183594
*2 -0.07223253697156906 0.9968073964118958 -0.0340462401509285 -38.72005844116211
*1 0.9776721596717834 0.0640064924955368 -0.2001444548368454 -223.79319763183594
*2 -0.07223253697156906 0.9968073964118958 -0.0340462401509285 -38.72005844116211
*3 0.19732585549354553 0.047742150723934174 0.979174792766571 -1212.22314453125
*1 0.9788682460784912 0.0664239451289177 -0.19339647889137268 -209.74301147460938
*1 0.9788682460784912 0.0664239451289177 -0.19339647889137268 -209.74301147460938
*2 -0.07365375012159348 0.9968209862709045 -0.03040957823395729 -43.61002731323242
*1 0.9788682460784912 0.0664239451289177 -0.19339647889137268 -209.74301147460938
*2 -0.07365375012159348 0.9968209862709045 -0.03040957823395729 -43.61002731323242
*3 0.1907612830400467 0.04401048272848129 0.980649471282959 -1206.949951171875
*1 0.9846699237823486 0.07727724313735962 -0.15636684000492096 -199.9748077392578
*1 0.9846699237823486 0.07727724313735962 -0.15636684000492096 -199.9748077392578
*2 -0.08080873638391495 0.9965968132019043 -0.01632211171090603 -45.72597885131836
*1 0.9846699237823486 0.07727724313735962 -0.15636684000492096 -199.9748077392578
*2 -0.08080873638391495 0.9965968132019043 -0.01632211171090603 -45.72597885131836
*3 0.15457290410995483 0.028706811368465424 0.9875643253326416 -1209.476318359375
*1 0.983781099319458 0.07677676528692245 -0.16210271418094635 -190.71572875976563
*1 0.983781099319458 0.07677676528692245 -0.16210271418094635 -190.71572875976563
*2 -0.08213549852371216 0.9962673783302307 -0.026586556807160378 -46.783504486083984
*1 0.983781099319458 0.07677676528692245 -0.16210271418094635 -190.71572875976563
*2 -0.08213549852371216 0.9962673783302307 -0.026586556807160378 -46.783504486083984
*3 0.15945594012737274 0.039468858391046524 0.9864159226417542 -1205.855712890625
*1 0.9866427183151245 0.08165024220943451 -0.14094899594783783 -184.50344848632813
*1 0.9866427183151245 0.08165024220943451 -0.14094899594783783 -184.50344848632813
*2 -0.08333118259906769 0.9965046048164368 -0.006029417738318443 -49.07211685180664
*1 0.9866427183151245 0.08165024220943451 -0.14094899594783783 -184.50344848632813
*2 -0.08333118259906769 0.9965046048164368 -0.006029417738318443 -49.07211685180664
*3 0.1399635374546051 0.017693426460027695 0.9899987578392029 -1212.5921630859375
*1 0.987920880317688 0.07980314642190933 -0.1328193098306656 -178.40866088867188
*1 0.987920880317688 0.07980314642190933 -0.1328193098306656 -178.40866088867188
*2 -0.08573663979768753 0.9955340623855591 -0.03953390568494797 -51.34791564941406
*1 0.987920880317688 0.07980314642190933 -0.1328193098306656 -178.40866088867188
*2 -0.08573663979768753 0.9955340623855591 -0.03953390568494797 -51.34791564941406
*3 0.1290707290172577 0.05044296756386757 0.9903517961502075 -1217.3692626953125
*1 0.9860003590583801 0.07936817407608032 -0.14663243293762207 -171.26730346679688
*1 0.9860003590583801 0.07936817407608032 -0.14663243293762207 -171.26730346679688
*2 -0.07982249557971954 0.9968060255050659 0.0028168819844722748 -51.109336853027344
*1 0.9860003590583801 0.07936817407608032 -0.14663243293762207 -171.26730346679688
*2 -0.07982249557971954 0.9968060255050659 0.0028168819844722748 -51.109336853027344
*3 0.14638718962669373 0.008926205337047577 0.9891873002052307 -1215.3426513671875
*1 0.9861196279525757 0.08283188939094543 -0.14388923346996307 -164.1045684814453
*1 0.9861196279525757 0.08283188939094543 -0.14388923346996307 -164.1045684814453
*2 -0.08816659450531006 0.9956220984458923 -0.031066637486219406 -50.391639709472656
*1 0.9861196279525757 0.08283188939094543 -0.14388923346996307 -164.1045684814453
*2 -0.08816659450531006 0.9956220984458923 -0.031066637486219406 -50.391639709472656
*3 0.1406855434179306 0.043320756405591965 0.989106297492981 -1216.548828125
*1 0.9912073612213135 0.09353547543287277 -0.09357492625713348 -159.18402099609375
*1 0.9912073612213135 0.09353547543287277 -0.09357492625713348 -159.18402099609375
*2 -0.09819195419549942 0.9940856099128723 -0.04641116037964821 -48.19932556152344
*1 0.9912073612213135 0.09353547543287277 -0.09357492625713348 -159.18402099609375
*2 -0.09819195419549942 0.9940856099128723 -0.04641116037964821 -48.19932556152344
*3 0.08867990970611572 0.05519050732254982 0.994530200958252 -1225.54443359375
*1 0.995266854763031 0.09317170083522797 -0.02756965160369873 -156.7988739013672
*1 0.995266854763031 0.09317170083522797 -0.02756965160369873 -156.7988739013672
*2 -0.09437244385480881 0.9944799542427063 -0.045882899314165115 -42.443870544433594
*1 0.995266854763031 0.09317170083522797 -0.02756965160369873 -156.7988739013672
*2 -0.09437244385480881 0.9944799542427063 -0.045882899314165115 -42.443870544433594
*3 0.02314194291830063 0.04826665297150612 0.9985665678977966 -1238.1353759765625
*1 0.9940996766090393 0.1073446199297905 0.015495572239160538 -154.8177490234375
*1 0.9940996766090393 0.1073446199297905 0.015495572239160538 -154.8177490234375
*2 -0.10465208441019058 0.9868808388710022 -0.12294699251651764 -34.26344680786133
*1 0.9940996766090393 0.1073446199297905 0.015495572239160538 -154.8177490234375
*2 -0.10465208441019058 0.9868808388710022 -0.12294699251651764 -34.26344680786133
*3 -0.028490541502833366 0.12059907615184784 0.992292582988739 -1242.9635009765625
*1 0.9942301511764526 0.10713762789964676 0.005001283250749111 -151.98114013671875
*1 0.9942301511764526 0.10713762789964676 0.005001283250749111 -151.98114013671875
*2 -0.10620864480733871 0.9899412989616394 -0.0934760719537735 -25.922222137451172
*1 0.9942301511764526 0.10713762789964676 0.005001283250749111 -151.98114013671875
*2 -0.10620864480733871 0.9899412989616394 -0.0934760719537735 -25.922222137451172
*3 -0.014966328628361225 0.09240469336509705 0.9956092834472656 -1235.8892822265625
*1 0.9944901466369629 0.10277128964662552 0.020601484924554825 -151.8760986328125
*1 0.9944901466369629 0.10277128964662552 0.020601484924554825 -151.8760986328125
*2 -0.10052992403507233 0.9908415675163269 -0.0901588574051857 -17.887577056884766
*1 0.9944901466369629 0.10277128964662552 0.020601484924554825 -151.8760986328125
*2 -0.10052992403507233 0.9908415675163269 -0.0901588574051857 -17.887577056884766
*3 -0.029679112136363983 0.08759018033742905 0.9957146048545837 -1239.5606689453125
*1 0.991631269454956 0.11132116615772247 0.06536123156547546 -151.20281982421875
*1 0.991631269454956 0.11132116615772247 0.06536123156547546 -151.20281982421875
*2 -0.0978093147277832 0.9783449769020081 -0.18241813778877258 -9.118488311767578
*1 0.991631269454956 0.11132116615772247 0.06536123156547546 -151.20281982421875
*2 -0.0978093147277832 0.9783449769020081 -0.18241813778877258 -9.118488311767578
*3 -0.08425341546535492 0.1744978129863739 0.9810465574264526 -1236.24462890625
*1 0.9938125610351563 0.10495423525571823 0.03630920499563217 -152.11602783203125
*1 0.9938125610351563 0.10495423525571823 0.03630920499563217 -152.11602783203125
*2 -0.10164637863636017 0.991317868232727 -0.08342013508081436 -0.919428825378418
*1 0.9938125610351563 0.10495423525571823 0.03630920499563217 -152.11602783203125
*2 -0.10164637863636017 0.991317868232727 -0.08342013508081436 -0.919428825378418
*3 -0.04474980756640434 0.07921244949102402 0.995853066444397 -1244.0089111328125
*1 0.9955048561096191 0.09309697151184082 -0.017326097935438156 -152.33641052246094
