#
#
#
#
#
#
#
#
#
#
#
#
#
#
#
#
#
#
#
#
#
#
#
#
#
#
#
#
#
#
#
#
#
#
#
#
#
#
#
#
#
#
#
#
#
#
#
#
#
#
#
#
#
#
#
#
#
#
#
#
#
#
#
#
#
#
#
#
#
#
#
#
#
#
#
#
#
#
#
#
#
#
#
#
#
#
#
#
#
#
#
#
#
#
#
#
#
#
#
#
#
#
#
#
#
#
#
#
#
#
#
#
#
#
#
#
#
#
#
#
#
#
#
#
#
#
#
#
#
#
#
#
#
#
#
#
#
#
#
#
#
#
#
#
#
#
#
#
#
#
#
#
#
#
#
#
#
#
#
#
#
#
#
#
#
#
#
#
#
#
#
#
#
#
#
#
#
#
#
#
#
#
#
#
#
#
#
#
#
#
#
#
#
#
#
#
#
#
#
#
#
#
#
#
#
#
#
#
#
#
#
#
#
#
#
#
#
#
#
#
#
#
#
#
#
#
#
#
#
#
#
#
#
#
#
#
#
*1 0.908765435218811 0.10561535507440567 -0.40371978282928467 -90.00154113769531
*1 0.908765435218811 0.10561535507440567 -0.40371978282928467 -90.00154113769531
*2 -0.09154786169528961 0.9943324327468872 0.05406106263399124 -55.146427154541016
*1 0.908765435218811 0.10561535507440567 -0.40371978282928467 -90.00154113769531
*2 -0.09154786169528961 0.9943324327468872 0.05406106263399124 -55.146427154541016
*3 0.4071427583694458 -0.012169432826340199 0.9132837057113647 -1254.399658203125
*1 0.9304776191711426 0.09361875802278519 -0.3541831374168396 -111.15950775146484
*1 0.9304776191711426 0.09361875802278519 -0.3541831374168396 -111.15950775146484
*2 -0.08216159045696259 0.995496392250061 0.04729718342423439 -42.693275451660156
*1 0.9304776191711426 0.09361875802278519 -0.3541831374168396 -111.15950775146484
*2 -0.08216159045696259 0.995496392250061 0.04729718342423439 -42.693275451660156
*3 0.3570173978805542 -0.01490902528166771 0.9339789748191833 -1261.9088134765625
*1 0.9096028804779053 0.10017944872379303 -0.4032188951969147 -133.5876007080078
*1 0.9096028804779053 0.10017944872379303 -0.4032188951969147 -133.5876007080078
*2 -0.0684884712100029 0.9933720827102661 0.09231311082839966 -29.43216896057129
*1 0.9096028804779053 0.10017944872379303 -0.4032188951969147 -133.5876007080078
*2 -0.0684884712100029 0.9933720827102661 0.09231311082839966 -29.43216896057129
*3 0.40979573130607605 -0.05635271966457367 0.910435140132904 -1256.461669921875
#
#
#
*1 0.9510042667388916 0.042451515793800354 -0.3062487244606018 -243.1044464111328
*1 0.9510042667388916 0.042451515793800354 -0.3062487244606018 -243.1044464111328
*2 -0.03865840658545494 0.9990819096565247 0.018454842269420624 10.21110725402832
*1 0.9510042667388916 0.042451515793800354 -0.3062487244606018 -243.1044464111328
*2 -0.03865840658545494 0.9990819096565247 0.018454842269420624 10.21110725402832
*3 0.3067517876625061 -0.005712095648050308 0.9517725706100464 -1226.055419921875
*1 0.9891341924667358 0.031198667362332344 -0.14366476237773895 -266.4925231933594
*1 0.9891341924667358 0.031198667362332344 -0.14366476237773895 -266.4925231933594
*2 -0.036208391189575195 0.9988199472427368 -0.03236384689807892 21.455028533935547
*1 0.9891341924667358 0.031198667362332344 -0.14366476237773895 -266.4925231933594
*2 -0.036208391189575195 0.9988199472427368 -0.03236384689807892 21.455028533935547
*3 0.14248621463775635 0.0372135266661644 0.9890971779823303 -1247.4559326171875
*1 0.9949740767478943 0.023668821901082993 -0.09729177504777908 -276.48779296875
*1 0.9949740767478943 0.023668821901082993 -0.09729177504777908 -276.48779296875
*2 -0.03276166319847107 0.9951348304748535 -0.09291419386863708 32.162841796875
*1 0.9949740767478943 0.023668821901082993 -0.09729177504777908 -276.48779296875
*2 -0.03276166319847107 0.9951348304748535 -0.09291419386863708 32.162841796875
*3 0.09461994469165802 0.09563416242599487 0.9909093976020813 -1231.827392578125
*1 0.9954851269721985 0.002553205005824566 -0.09487917274236679 -283.606689453125
*1 0.9954851269721985 0.002553205005824566 -0.09487917274236679 -283.606689453125
*2 -0.005949574988335371 0.9993520975112915 -0.03549370542168617 39.68132781982422
*1 0.9954851269721985 0.002553205005824566 -0.09487917274236679 -283.606689453125
*2 -0.005949574988335371 0.9993520975112915 -0.03549370542168617 39.68132781982422
*3 0.09472773969173431 0.035897400230169296 0.9948558807373047 -1214.2177734375
*1 0.9997884631156921 0.0017389594577252865 -0.020475439727306366 -293.8285827636719
*1 0.9997884631156921 0.0017389594577252865 -0.020475439727306366 -293.8285827636719
*2 -0.003127463860437274 0.9976937770843506 -0.0678027868270874 47.0399055480957
*1 0.9997884631156921 0.0017389594577252865 -0.020475439727306366 -293.8285827636719
*2 -0.003127463860437274 0.9976937770843506 -0.0678027868270874 47.0399055480957
*3 0.02031092345714569 0.0678519457578659 0.9974887371063232 -1221.218017578125
*1 0.997934103012085 -0.008957828395068645 -0.06361157447099686 -296.3033142089844
*1 0.997934103012085 -0.008957828395068645 -0.06361157447099686 -296.3033142089844
*2 0.007326577790081501 0.999640703201294 -0.025775838643312454 53.19865798950195
*1 0.997934103012085 -0.008957828395068645 -0.06361157447099686 -296.3033142089844
*2 0.007326577790081501 0.999640703201294 -0.025775838643312454 53.19865798950195
*3 0.0638202428817749 0.025255955755710602 0.9976418614387512 -1202.7918701171875
*1 0.9972956776618958 -0.01589936763048172 -0.07174861431121826 -303.0106506347656
*1 0.9972956776618958 -0.01589936763048172 -0.07174861431121826 -303.0106506347656
*2 0.009656096808612347 0.996205747127533 -0.08648962527513504 58.02128601074219
*1 0.9972956776618958 -0.01589936763048172 -0.07174861431121826 -303.0106506347656
*2 0.009656096808612347 0.996205747127533 -0.08648962527513504 58.02128601074219
*3 0.07285213470458984 0.08556237816810608 0.993665874004364 -1199.2210693359375
*1 0.9979153871536255 -0.020017988979816437 -0.06134661287069321 -311.6263427734375
*1 0.9979153871536255 -0.020017988979816437 -0.06134661287069321 -311.6263427734375
*2 0.014894034713506699 0.9964534044265747 -0.08281580358743668 61.57981872558594
*1 0.9979153871536255 -0.020017988979816437 -0.06134661287069321 -311.6263427734375
*2 0.014894034713506699 0.9964534044265747 -0.08281580358743668 61.57981872558594
*3 0.06278745830059052 0.08172890543937683 0.9946750402450562 -1202.168701171875
*1 0.9985562562942505 -0.03227446600794792 -0.04292910173535347 -321.2317199707031
*1 0.9985562562942505 -0.03227446600794792 -0.04292910173535347 -321.2317199707031
*2 0.030640775337815285 0.9988037347793579 -0.038104571402072906 65.30473327636719
*1 0.9985562562942505 -0.03227446600794792 -0.04292910173535347 -321.2317199707031
*2 0.030640775337815285 0.9988037347793579 -0.038104571402072906 65.30473327636719
*3 0.04410815238952637 0.03673356771469116 0.9983513951301575 -1207.390380859375
*1 0.9989608526229858 -0.040140874683856964 -0.02156376652419567 -328.96710205078125
*1 0.9989608526229858 -0.040140874683856964 -0.02156376652419567 -328.96710205078125
*2 0.03843006119132042 0.9964817762374878 -0.0744776651263237 69.25704956054688
*1 0.9989608526229858 -0.040140874683856964 -0.02156376652419567 -328.96710205078125
*2 0.03843006119132042 0.9964817762374878 -0.0744776651263237 69.25704956054688
*3 0.024478087201714516 0.07357099652290344 0.9969897270202637 -1209.1458740234375
*1 0.9992178082466125 -0.03824283182621002 0.010015163570642471 -338.8475646972656
*1 0.9992178082466125 -0.03824283182621002 0.010015163570642471 -338.8475646972656
*2 0.03898189216852188 0.9952457547187805 -0.0892525464296341 74.04541778564453
*1 0.9992178082466125 -0.03824283182621002 0.010015163570642471 -338.8475646972656
*2 0.03898189216852188 0.9952457547187805 -0.0892525464296341 74.04541778564453
*3 -0.006553715094923973 0.08957257866859436 0.9959589242935181 -1217.7576904296875
*1 0.9984764456748962 -0.04840010404586792 0.026483260095119476 -344.41986083984375
*1 0.9984764456748962 -0.04840010404586792 0.026483260095119476 -344.41986083984375
*2 0.0501277819275856 0.9963449835777283 -0.06916400045156479 77.76968383789063
*1 0.9984764456748962 -0.04840010404586792 0.026483260095119476 -344.41986083984375
*2 0.0501277819275856 0.9963449835777283 -0.06916400045156479 77.76968383789063
*3 -0.02303837053477764 0.07038556784391403 0.9972540140151978 -1213.6053466796875
*1 0.9974186420440674 -0.05571776255965233 0.04528559371829033 -346.845458984375
*1 0.9974186420440674 -0.05571776255965233 0.04528559371829033 -346.845458984375
*2 0.059356439858675 0.9947366714477539 -0.08351913094520569 79.6410140991211
*1 0.9974186420440674 -0.05571776255965233 0.04528559371829033 -346.845458984375
*2 0.059356439858675 0.9947366714477539 -0.08351913094520569 79.6410140991211
*3 -0.040393225848674774 0.08599092066287994 0.995477020740509 -1212.9677734375
*1 0.9985413551330566 -0.053454723209142685 0.0075419992208480835 -345.05816650390625
*1 0.9985413551330566 -0.053454723209142685 0.0075419992208480835 -345.05816650390625
*2 0.053973082453012466 0.9909499287605286 -0.12290167808532715 79.35964965820313
*1 0.9985413551330566 -0.053454723209142685 0.0075419992208480835 -345.05816650390625
*2 0.053973082453012466 0.9909499287605286 -0.12290167808532715 79.35964965820313
*3 -9.035170078277588E-4 0.12312890589237213 0.992390513420105 -1216.3138427734375
*1 0.9980193376541138 -0.05197574198246002 -0.0354258269071579 -338.9937744140625
*1 0.9980193376541138 -0.05197574198246002 -0.0354258269071579 -338.9937744140625
*2 0.04674288257956505 0.9897221326828003 -0.13514752686023712 77.19486236572266
*1 0.9980193376541138 -0.05197574198246002 -0.0354258269071579 -338.9937744140625
*2 0.04674288257956505 0.9897221326828003 -0.13514752686023712 77.19486236572266
*3 0.04208671301603317 0.13322338461875916 0.9901922941207886 -1217.375
*1 0.9971626996994019 -0.062492236495018005 -0.04195753112435341 -334.22467041015625
*1 0.9971626996994019 -0.062492236495018005 -0.04195753112435341 -334.22467041015625
*2 0.05790509656071663 0.9930188655853271 -0.10276234149932861 75.04175567626953
*1 0.9971626996994019 -0.062492236495018005 -0.04195753112435341 -334.22467041015625
*2 0.05790509656071663 0.9930188655853271 -0.10276234149932861 75.04175567626953
*3 0.04808705300092697 0.10004062950611115 0.9938209056854248 -1227.74462890625
*1 0.997143566608429 -0.05269404500722885 -0.054102908819913864 -325.9228210449219
*1 0.997143566608429 -0.05269404500722885 -0.054102908819913864 -325.9228210449219
*2 0.0456356443464756 0.9912022352218628 -0.12423793971538544 72.56356811523438
*1 0.997143566608429 -0.05269404500722885 -0.054102908819913864 -325.9228210449219
*2 0.0456356443464756 0.9912022352218628 -0.12423793971538544 72.56356811523438
*3 0.06017410755157471 0.12141349166631699 0.9907765984535217 -1228.7440185546875
*1 0.9966802000999451 -0.06363757699728012 -0.050774894654750824 -319.9715576171875
*1 0.9966802000999451 -0.06363757699728012 -0.050774894654750824 -319.9715576171875
*2 0.06195876747369766 0.9975021481513977 -0.03391454368829727 72.8958969116211
*1 0.9966802000999451 -0.06363757699728012 -0.050774894654750824 -319.9715576171875
*2 0.06195876747369766 0.9975021481513977 -0.03391454368829727 72.8958969116211
*3 0.05280686169862747 0.03065534681081772 0.9981343150138855 -1238.1917724609375
*1 0.9988024830818176 -0.04891490563750267 4.255659878253937E-4 -315.6947021484375
*1 0.9988024830818176 -0.04891490563750267 4.255659878253937E-4 -315.6947021484375
*2 0.04876739904284477 0.9951164126396179 -0.08581748604774475 74.37068176269531
*1 0.9988024830818176 -0.04891490563750267 4.255659878253937E-4 -315.6947021484375
*2 0.04876739904284477 0.9951164126396179 -0.08581748604774475 74.37068176269531
*3 0.003774791955947876 0.08573487401008606 0.9963110685348511 -1245.639404296875
*1 0.9978623986244202 -0.05513017997145653 0.035078924149274826 -313.806396484375
*1 0.9978623986244202 -0.05513017997145653 0.035078924149274826 -313.806396484375
*2 0.0561385340988636 0.9980145692825317 -0.028546489775180817 72.79935455322266
*1 0.9978623986244202 -0.05513017997145653 0.035078924149274826 -313.806396484375
*2 0.0561385340988636 0.9980145692825317 -0.028546489775180817 72.79935455322266
*3 -0.03343501687049866 0.030454106628894806 0.99897700548172 -1251.1065673828125
*1 0.9978249073028564 -0.03893745318055153 0.05318380892276764 -315.8323059082031
*1 0.9978249073028564 -0.03893745318055153 0.05318380892276764 -315.8323059082031
*2 0.04274814948439598 0.996446430683136 -0.07257191836833954 66.60147094726563
*1 0.9978249073028564 -0.03893745318055153 0.05318380892276764 -315.8323059082031
*2 0.04274814948439598 0.996446430683136 -0.07257191836833954 66.60147094726563
*3 -0.05016857013106346 0.07468698918819427 0.9959444999694824 -1260.6766357421875
*1 0.9921666383743286 -0.05358033627271652 0.11284385621547699 -320.19439697265625
*1 0.9921666383743286 -0.05358033627271652 0.11284385621547699 -320.19439697265625
*2 0.05556967854499817 0.9983479976654053 -0.014587655663490295 58.17087936401367
*1 0.9921666383743286 -0.05358033627271652 0.11284385621547699 -320.19439697265625
*2 0.05556967854499817 0.9983479976654053 -0.014587655663490295 58.17087936401367
*3 -0.11187541484832764 0.020743437111377716 0.9935059547424316 -1277.492919921875
*1 0.9936994314193726 -0.041933052241802216 0.10393369197845459 -319.38330078125
*1 0.9936994314193726 -0.041933052241802216 0.10393369197845459 -319.38330078125
*2 0.04808509722352028 0.9971897602081299 -0.057445257902145386 45.87109375
*1 0.9936994314193726 -0.041933052241802216 0.10393369197845459 -319.38330078125
*2 0.04808509722352028 0.9971897602081299 -0.057445257902145386 45.87109375
*3 -0.10123233497142792 0.06208038330078125 0.9929242134094238 -1273.107421875
*1 0.9855244755744934 -0.053479116410017014 0.1608751118183136 -324.5625305175781
*1 0.9855244755744934 -0.053479116410017014 0.1608751118183136 -324.5625305175781
*2 0.058173611760139465 0.998002290725708 -0.024632912129163742 33.47524642944336
*1 0.9855244755744934 -0.053479116410017014 0.1608751118183136 -324.5625305175781
*2 0.058173611760139465 0.998002290725708 -0.024632912129163742 33.47524642944336
*3 -0.15923602879047394 0.03363439440727234 0.9866676330566406 -1290.0570068359375
*1 0.9897043704986572 -0.03729984536767006 0.1381782740354538 -327.84185791015625
*1 0.9897043704986572 -0.03729984536767006 0.1381782740354538 -327.84185791015625
*2 0.042631588876247406 0.9984470009803772 -0.03585474193096161 19.922138214111328
*1 0.9897043704986572 -0.03729984536767006 0.1381782740354538 -327.84185791015625
*2 0.042631588876247406 0.9984470009803772 -0.03585474193096161 19.922138214111328
*3 -0.13662593066692352 0.04137575626373291 0.9897584915161133 -1294.146484375
*1 0.9609310030937195 -0.029509950429201126 0.2752091586589813 -335.36236572265625
*1 0.9609310030937195 -0.029509950429201126 0.2752091586589813 -335.36236572265625
*2 0.04921005666255951 0.996673047542572 -0.06496623903512955 3.4632740020751953
*1 0.9609310030937195 -0.029509950429201126 0.2752091586589813 -335.36236572265625
*2 0.04921005666255951 0.996673047542572 -0.06496623903512955 3.4632740020751953
*3 -0.2723761200904846 0.07597057521343231 0.9591872692108154 -1313.13330078125
*1 0.963653564453125 0.03170226141810417 0.26526620984077454 -336.3045959472656
*1 0.963653564453125 0.03170226141810417 0.26526620984077454 -336.3045959472656
*2 0.041046880185604095 0.963570237159729 -0.2642853558063507 -20.855606079101563
*1 0.963653564453125 0.03170226141810417 0.26526620984077454 -336.3045959472656
*2 0.041046880185604095 0.963570237159729 -0.2642853558063507 -20.855606079101563
*3 -0.26398080587387085 0.2655675709247589 0.9272478222846985 -1305.783203125
*1 0.9671786427497864 0.043317463248968124 0.2503768503665924 -337.981689453125
*1 0.9671786427497864 0.043317463248968124 0.2503768503665924 -337.981689453125
*2 0.04076644778251648 0.946139395236969 -0.32118159532546997 -49.07838439941406
*1 0.9671786427497864 0.043317463248968124 0.2503768503665924 -337.981689453125
*2 0.04076644778251648 0.946139395236969 -0.32118159532546997 -49.07838439941406
*3 -0.2508039176464081 0.32084667682647705 0.9133210182189941 -1302.561767578125
#
*1 0.9641943573951721 0.030144233256578445 0.26339900493621826 -348.2174072265625
*1 0.9641943573951721 0.030144233256578445 0.26339900493621826 -348.2174072265625
*2 0.01698513887822628 0.9847167134284973 -0.17341218888759613 -113.62659454345703
*1 0.9641943573951721 0.030144233256578445 0.26339900493621826 -348.2174072265625
*2 0.01698513887822628 0.9847167134284973 -0.17341218888759613 -113.62659454345703
*3 -0.26460888981819153 0.17175857722759247 0.9489360451698303 -1314.813232421875
*1 0.980398952960968 0.019513556733727455 0.19594775140285492 -355.26177978515625
*1 0.980398952960968 0.019513556733727455 0.19594775140285492 -355.26177978515625
*2 0.002017858438193798 0.9942545294761658 -0.10715015232563019 -144.08114624023438
*1 0.980398952960968 0.019513556733727455 0.19594775140285492 -355.26177978515625
*2 0.002017858438193798 0.9942545294761658 -0.10715015232563019 -144.08114624023438
*3 -0.19692185521125793 0.1055273786187172 0.9747226238250732 -1320.749267578125
*1 0.9833924174308777 -5.805258406326175E-4 0.1813764125108719 -360.3248291015625
*1 0.9833924174308777 -5.805258406326175E-4 0.1813764125108719 -360.3248291015625
*2 0.007708579767495394 0.9993183612823486 -0.036479488015174866 -171.0406494140625
*1 0.9833924174308777 -5.805258406326175E-4 0.1813764125108719 -360.3248291015625
*2 0.007708579767495394 0.9993183612823486 -0.036479488015174866 -171.0406494140625
*3 -0.18124009668827057 0.03735402971506119 0.9827284812927246 -1312.470703125
*1 0.997522234916687 -0.014353673905134201 0.06856858730316162 -360.0801086425781
*1 0.997522234916687 -0.014353673905134201 0.06856858730316162 -360.0801086425781
*2 0.011693832464516163 0.9989504814147949 0.04459235817193985 -192.6162109375
*1 0.997522234916687 -0.014353673905134201 0.06856858730316162 -360.0801086425781
*2 0.011693832464516163 0.9989504814147949 0.04459235817193985 -192.6162109375
*3 -0.06914424151182175 -0.04359826073050499 0.9966527819633484 -1287.5616455078125
*1 0.9983431100845337 -0.007912307977676392 0.056627240031957626 -359.07684326171875
*1 0.9983431100845337 -0.007912307977676392 0.056627240031957626 -359.07684326171875
*2 0.00483959773555398 0.9981443285942078 0.06092362478375435 -214.51699829101563
*1 0.9983431100845337 -0.007912307977676392 0.056627240031957626 -359.07684326171875
*2 0.00483959773555398 0.9981443285942078 0.06092362478375435 -214.51699829101563
*3 -0.057012252509593964 -0.060467083007097244 0.9965398907661438 -1277.7545166015625
*1 0.9993193745613098 -0.019388966262340546 -0.03071269392967224 -348.079345703125
*1 0.9993193745613098 -0.019388966262340546 -0.03071269392967224 -348.079345703125
*2 0.021101968362927437 0.9988424777984619 0.043538615107536316 -232.06016540527344
*1 0.9993193745613098 -0.019388966262340546 -0.03071269392967224 -348.079345703125
*2 0.021101968362927437 0.9988424777984619 0.043538615107536316 -232.06016540527344
*3 0.0298268161714077 -0.04407527297735214 0.9985820055007935 -1256.78369140625
#
*1 0.9758079648017883 -0.028496814891695976 -0.21676723659038544 -304.199462890625
*1 0.9758079648017883 -0.028496814891695976 -0.21676723659038544 -304.199462890625
*2 0.03698698431253433 0.9986931681632996 0.035237956792116165 -260.6073913574219
*1 0.9758079648017883 -0.028496814891695976 -0.21676723659038544 -304.199462890625
*2 0.03698698431253433 0.9986931681632996 0.035237956792116165 -260.6073913574219
*3 0.21548683941364288 -0.04240112751722336 0.9755852222442627 -1222.60498046875
*1 0.9687462449073792 -0.02231956645846367 -0.2470504641532898 -275.5075378417969
*1 0.9687462449073792 -0.02231956645846367 -0.2470504641532898 -275.5075378417969
*2 0.03448028489947319 0.9983892440795898 0.04503067955374718 -272.8974304199219
*1 0.9687462449073792 -0.02231956645846367 -0.2470504641532898 -275.5075378417969
*2 0.03448028489947319 0.9983892440795898 0.04503067955374718 -272.8974304199219
*3 0.24565443396568298 -0.05213971063494682 0.9679536819458008 -1219.06591796875
*1 0.9519711136817932 -0.02163771726191044 -0.30542445182800293 -244.1450958251953
*1 0.9519711136817932 -0.02163771726191044 -0.30542445182800293 -244.1450958251953
*2 0.03317760303616524 0.9989144802093506 0.03266175836324692 -282.2429504394531
*1 0.9519711136817932 -0.02163771726191044 -0.30542445182800293 -244.1450958251953
*2 0.03317760303616524 0.9989144802093506 0.03266175836324692 -282.2429504394531
*3 0.3043929934501648 -0.041224345564842224 0.9516535997390747 -1213.81201171875
*1 0.9681671857833862 -0.005642235744744539 -0.25024327635765076 -215.64979553222656
*1 0.9681671857833862 -0.005642235744744539 -0.25024327635765076 -215.64979553222656
*2 0.03047870844602585 0.9949607253074646 0.09550901502370834 -290.4440002441406
*1 0.9681671857833862 -0.005642235744744539 -0.25024327635765076 -215.64979553222656
*2 0.03047870844602585 0.9949607253074646 0.09550901502370834 -290.4440002441406
*3 0.24845029413700104 -0.10009372234344482 0.963458776473999 -1219.2864990234375
*1 0.9698519706726074 0.004459850490093231 -0.24365656077861786 -191.49420166015625
*1 0.9698519706726074 0.004459850490093231 -0.24365656077861786 -191.49420166015625
*2 0.015823371708393097 0.9965671896934509 0.08124828338623047 -293.4306640625
*1 0.9698519706726074 0.004459850490093231 -0.24365656077861786 -191.49420166015625
*2 0.015823371708393097 0.9965671896934509 0.08124828338623047 -293.4306640625
*3 0.24318943917751312 -0.08265212923288345 0.9664505124092102 -1215.8751220703125
*1 0.9820805788040161 0.025222187861800194 -0.1867692768573761 -175.73788452148438
*1 0.9820805788040161 0.025222187861800194 -0.1867692768573761 -175.73788452148438
*2 -0.010507282800972462 0.9967870712280273 0.07939185202121735 -292.7718200683594
*1 0.9820805788040161 0.025222187861800194 -0.1867692768573761 -175.73788452148438
*2 -0.010507282800972462 0.9967870712280273 0.07939185202121735 -292.7718200683594
*3 0.18817861378192902 -0.07600446790456772 0.9791890382766724 -1217.3988037109375
*1 0.9837798476219177 0.03276060149073601 -0.17636646330356598 -167.31411743164063
*1 0.9837798476219177 0.03276060149073601 -0.17636646330356598 -167.31411743164063
*2 -0.015574807301163673 0.9950643181800842 0.09799211472272873 -291.44482421875
*1 0.9837798476219177 0.03276060149073601 -0.17636646330356598 -167.31411743164063
*2 -0.015574807301163673 0.9950643181800842 0.09799211472272873 -291.44482421875
*3 0.17871320247650146 -0.09365345537662506 0.9794333577156067 -1223.3355712890625
*1 0.978110671043396 0.03435637429356575 -0.20523251593112946 -162.99375915527344
*1 0.978110671043396 0.03435637429356575 -0.20523251593112946 -162.99375915527344
*2 -0.011445412412285805 0.9936613440513611 0.11182205379009247 -290.7958068847656
*1 0.978110671043396 0.03435637429356575 -0.20523251593112946 -162.99375915527344
*2 -0.011445412412285805 0.9936613440513611 0.11182205379009247 -290.7958068847656
*3 0.20778033137321472 -0.10702302306890488 0.9723026752471924 -1221.4691162109375
*1 0.977491021156311 0.039262548089027405 -0.20729464292526245 -165.3136444091797
*1 0.977491021156311 0.039262548089027405 -0.20729464292526245 -165.3136444091797
*2 -0.011005224660038948 0.9906779527664185 0.13577210903167725 -292.7950744628906
*1 0.977491021156311 0.039262548089027405 -0.20729464292526245 -165.3136444091797
*2 -0.011005224660038948 0.9906779527664185 0.13577210903167725 -292.7950744628906
*3 0.2106999158859253 -0.13043230772018433 0.9688096046447754 -1223.1982421875
*1 0.9811710715293884 0.03722207620739937 -0.18952366709709167 -172.86895751953125
*1 0.9811710715293884 0.03722207620739937 -0.18952366709709167 -172.86895751953125
*2 -0.010141112841665745 0.9898238182067871 0.1419292837381363 -297.86224365234375
*1 0.9811710715293884 0.03722207620739937 -0.18952366709709167 -172.86895751953125
*2 -0.010141112841665745 0.9898238182067871 0.1419292837381363 -297.86224365234375
*3 0.19288493692874908 -0.13733255863189697 0.9715627431869507 -1225.6640625
*1 0.9796825647354126 0.03102506883442402 -0.19814367592334747 -182.97129821777344
*1 0.9796825647354126 0.03102506883442402 -0.19814367592334747 -182.97129821777344
*2 -0.0041305855847895145 0.9908692836761475 0.13475555181503296 -303.12689208984375
*1 0.9796825647354126 0.03102506883442402 -0.19814367592334747 -182.97129821777344
*2 -0.0041305855847895145 0.9908692836761475 0.13475555181503296 -303.12689208984375
*3 0.2005222886800766 -0.13119691610336304 0.9708641171455383 -1223.7061767578125
*1 0.9818697571754456 0.03081602230668068 -0.187038853764534 -200.5515899658203
*1 0.9818697571754456 0.03081602230668068 -0.187038853764534 -200.5515899658203
*2 0.005842338316142559 0.9813025593757629 0.19237765669822693 -311.574951171875
*1 0.9818697571754456 0.03081602230668068 -0.187038853764534 -200.5515899658203
*2 0.005842338316142559 0.9813025593757629 0.19237765669822693 -311.574951171875
*3 0.1894770711660385 -0.18998023867607117 0.9633301496505737 -1238.1563720703125
*1 0.9768545031547546 0.02939612790942192 -0.21187841892242432 -222.06268310546875
*1 0.9768545031547546 0.02939612790942192 -0.21187841892242432 -222.06268310546875
*2 0.014018618501722813 0.9795786738395691 0.20056700706481934 -315.0968933105469
*1 0.9768545031547546 0.02939612790942192 -0.21187841892242432 -222.06268310546875
*2 0.014018618501722813 0.9795786738395691 0.20056700706481934 -315.0968933105469
*3 0.213454470038414 -0.1988927274942398 0.9564924240112305 -1236.0513916015625
*1 0.973400890827179 0.02643093839287758 -0.22758163511753082 -251.63143920898438
*1 0.973400890827179 0.02643093839287758 -0.22758163511753082 -251.63143920898438
*2 0.03887881711125374 0.9598530530929565 0.2777920961380005 -318.0925598144531
*1 0.973400890827179 0.02643093839287758 -0.22758163511753082 -251.63143920898438
*2 0.03887881711125374 0.9598530530929565 0.2777920961380005 -318.0925598144531
*3 0.22579427063465118 -0.2792489230632782 0.9332929849624634 -1238.0634765625
#
#
#
#
#
#
#
#
#
#
#
#
#
#
#
#
#
#
#
#
#
#
#
#
#
#
#
#
#
#
#
#
#
#
#
#
#
#
#
#
#
#
#
#
#
#
*1 0.9930369853973389 -0.018016189336776733 0.11641864478588104 -322.5982666015625
*1 0.9930369853973389 -0.018016189336776733 0.11641864478588104 -322.5982666015625
*2 0.010502960532903671 0.9978436827659607 0.06478795409202576 -333.7857971191406
*1 0.9930369853973389 -0.018016189336776733 0.11641864478588104 -322.5982666015625
*2 0.010502960532903671 0.9978436827659607 0.06478795409202576 -333.7857971191406
*3 -0.11733376979827881 -0.06311367452144623 0.9910849332809448 -1277.679443359375
*1 0.9999308586120605 0.0022454755380749702 0.011556213721632957 -314.176513671875
*1 0.9999308586120605 0.0022454755380749702 0.011556213721632957 -314.176513671875
*2 -0.0016798286233097315 0.9987896084785461 -0.049155186861753464 -303.8362731933594
*1 0.9999308586120605 0.0022454755380749702 0.011556213721632957 -314.176513671875
*2 -0.0016798286233097315 0.9987896084785461 -0.049155186861753464 -303.8362731933594
*3 -0.011651551350951195 0.049132801592350006 0.9987242221832275 -1250.3658447265625
*1 0.9969329237937927 -0.008760717697441578 0.07777142524719238 -318.295654296875
*1 0.9969329237937927 -0.008760717697441578 0.07777142524719238 -318.295654296875
*2 0.010153825394809246 0.9997934103012085 -0.0176001638174057 -286.69024658203125
*1 0.9969329237937927 -0.008760717697441578 0.07777142524719238 -318.295654296875
*2 0.010153825394809246 0.9997934103012085 -0.0176001638174057 -286.69024658203125
*3 -0.07760010659694672 0.018336281180381775 0.9968158602714539 -1273.4853515625
*1 0.9964861273765564 -0.0010108558926731348 0.0837542787194252 -317.13323974609375
*1 0.9964861273765564 -0.0010108558926731348 0.0837542787194252 -317.13323974609375
*2 0.0035969470627605915 0.9995191693305969 -0.03079206869006157 -263.24462890625
*1 0.9964861273765564 -0.0010108558926731348 0.0837542787194252 -317.13323974609375
*2 0.0035969470627605915 0.9995191693305969 -0.03079206869006157 -263.24462890625
*3 -0.08368180692195892 0.03098556399345398 0.9960106611251831 -1273.7880859375
*1 0.9942324757575989 -0.002730336505919695 0.10721380263566971 -320.81591796875
*1 0.9942324757575989 -0.002730336505919695 0.10721380263566971 -320.81591796875
*2 0.0026375758461654186 0.9999959468841553 9.600501507520676E-4 -243.8354034423828
*1 0.9942324757575989 -0.002730336505919695 0.10721380263566971 -320.81591796875
*2 0.0026375758461654186 0.9999959468841553 9.600501507520676E-4 -243.8354034423828
*3 -0.10721491277217865 -6.712954491376877E-4 0.9942355751991272 -1292.59716796875
*1 0.9950302839279175 0.014419490471482277 0.09852544963359833 -316.2978210449219
*1 0.9950302839279175 0.014419490471482277 0.09852544963359833 -316.2978210449219
*2 -0.0016291452338919044 0.9916778802871704 -0.12873271107673645 -216.9476776123047
*1 0.9950302839279175 0.014419490471482277 0.09852544963359833 -316.2978210449219
*2 -0.0016291452338919044 0.9916778802871704 -0.12873271107673645 -216.9476776123047
*3 -0.0995607078075409 0.12793287634849548 0.9867728352546692 -1278.6544189453125
*1 0.9950976371765137 0.020624421536922455 0.0967252179980278 -317.5959777832031
*1 0.9950976371765137 0.020624421536922455 0.0967252179980278 -317.5959777832031
*2 -0.005470577161759138 0.9879873991012573 -0.1544366180896759 -193.23558044433594
*1 0.9950976371765137 0.020624421536922455 0.0967252179980278 -317.5959777832031
*2 -0.005470577161759138 0.9879873991012573 -0.1544366180896759 -193.23558044433594
*3 -0.09874741733074188 0.15315082669258118 0.9832566380500793 -1287.371826171875
*1 0.993940532207489 0.016993436962366104 0.1085997149348259 -319.0225830078125
*1 0.993940532207489 0.016993436962366104 0.1085997149348259 -319.0225830078125
*2 -0.004560359753668308 0.9934967160224915 -0.11376833915710449 -170.32733154296875
*1 0.993940532207489 0.016993436962366104 0.1085997149348259 -319.0225830078125
*2 -0.004560359753668308 0.9934967160224915 -0.11376833915710449 -170.32733154296875
*3 -0.10982572287321091 0.11258415877819061 0.9875540137290955 -1290.758544921875
*1 0.9967162609100342 -0.01164589449763298 0.08013459295034409 -320.2461853027344
*1 0.9967162609100342 -0.01164589449763298 0.08013459295034409 -320.2461853027344
*2 0.010419394820928574 0.9998231530189514 0.01564444601535797 -152.80921936035156
*1 0.9967162609100342 -0.01164589449763298 0.08013459295034409 -320.2461853027344
*2 0.010419394820928574 0.9998231530189514 0.01564444601535797 -152.80921936035156
*3 -0.08030157536268234 -0.014757678844034672 0.9966611862182617 -1283.0093994140625
*1 0.9997082352638245 -0.018731730058789253 0.015259191393852234 -320.35308837890625
*1 0.9997082352638245 -0.018731730058789253 0.015259191393852234 -320.35308837890625
*2 0.018252795562148094 0.9993639588356018 0.03062829189002514 -142.1974639892578
*1 0.9997082352638245 -0.018731730058789253 0.015259191393852234 -320.35308837890625
*2 0.018252795562148094 0.9993639588356018 0.03062829189002514 -142.1974639892578
*3 -0.015822172164916992 -0.030340401455760002 0.9994142055511475 -1262.6802978515625
*1 0.9994975924491882 -0.004615030717104673 -0.0313618965446949 -324.2083740234375
*1 0.9994975924491882 -0.004615030717104673 -0.0313618965446949 -324.2083740234375
*2 0.005094612017273903 0.9998684525489807 0.015388150699436665 -139.49563598632813
*1 0.9994975924491882 -0.004615030717104673 -0.0313618965446949 -324.2083740234375
*2 0.005094612017273903 0.9998684525489807 0.015388150699436665 -139.49563598632813
*3 0.0312877781689167 -0.015539762564003468 0.9993894696235657 -1255.251708984375
*1 0.999636173248291 -0.012223069556057453 0.024049289524555206 -330.97259521484375
*1 0.999636173248291 -0.012223069556057453 0.024049289524555206 -330.97259521484375
*2 0.010656604543328285 0.9978916645050049 0.06401833146810532 -140.29734802246094
*1 0.999636173248291 -0.012223069556057453 0.024049289524555206 -330.97259521484375
*2 0.010656604543328285 0.9978916645050049 0.06401833146810532 -140.29734802246094
*3 -0.02478005178272724 -0.06373832374811172 0.9976587891578674 -1259.9171142578125
*1 0.9997211694717407 -0.021952735260128975 0.008708121255040169 -334.3415832519531
*1 0.9997211694717407 -0.021952735260128975 0.008708121255040169 -334.3415832519531
*2 0.021123895421624184 0.9961149096488953 0.08548948913812637 -140.1859893798828
*1 0.9997211694717407 -0.021952735260128975 0.008708121255040169 -334.3415832519531
*2 0.021123895421624184 0.9961149096488953 0.08548948913812637 -140.1859893798828
*3 -0.010549969971179962 -0.08528127521276474 0.9963009357452393 -1256.9478759765625
*1 0.999415934085846 -0.0021037983242422342 0.034110575914382935 -336.8786315917969
*1 0.999415934085846 -0.0021037983242422342 0.034110575914382935 -336.8786315917969
*2 0.002287113107740879 0.9999821186065674 -0.005482524633407593 -137.90138244628906
*1 0.999415934085846 -0.0021037983242422342 0.034110575914382935 -336.8786315917969
*2 0.002287113107740879 0.9999821186065674 -0.005482524633407593 -137.90138244628906
*3 -0.03409738838672638 0.005557790398597717 0.9994029402732849 -1254.9517822265625
*1 0.998066782951355 -0.011825252324342728 0.06101730838418007 -339.66015625
*1 0.998066782951355 -0.011825252324342728 0.06101730838418007 -339.66015625
*2 0.009997641667723656 0.9994969964027405 0.030089344829320908 -134.63743591308594
*1 0.998066782951355 -0.011825252324342728 0.06101730838418007 -339.66015625
*2 0.009997641667723656 0.9994969964027405 0.030089344829320908 -134.63743591308594
*3 -0.06134139001369476 -0.029420696198940277 0.9976829886436462 -1265.1544189453125
*1 0.9980749487876892 0.008379707112908363 0.06145228445529938 -339.40838623046875
*1 0.9980749487876892 0.008379707112908363 0.06145228445529938 -339.40838623046875
*2 -0.0045368000864982605 0.9980350136756897 -0.06249067187309265 -126.2718734741211
*1 0.9980749487876892 0.008379707112908363 0.06145228445529938 -339.40838623046875
*2 -0.0045368000864982605 0.9980350136756897 -0.06249067187309265 -126.2718734741211
*3 -0.06185414642095566 0.06209203600883484 0.9961518049240112 -1265.091796875
*1 0.994166910648346 0.009898188523948193 0.10739852488040924 -338.86846923828125
*1 0.994166910648346 0.009898188523948193 0.10739852488040924 -338.86846923828125
*2 -0.0030471826903522015 0.9979568719863892 -0.06381439417600632 -115.47721099853516
*1 0.994166910648346 0.009898188523948193 0.10739852488040924 -338.86846923828125
*2 -0.0030471826903522015 0.9979568719863892 -0.06381439417600632 -115.47721099853516
*3 -0.10780971497297287 0.06311535090208054 0.9921659231185913 -1275.3414306640625
*1 0.9960538744926453 0.015291281044483185 0.08742496371269226 -336.81707763671875
*1 0.9960538744926453 0.015291281044483185 0.08742496371269226 -336.81707763671875
*2 -0.005792173556983471 0.9941393733024597 -0.10794828087091446 -100.80915832519531
*1 0.9960538744926453 0.015291281044483185 0.08742496371269226 -336.81707763671875
*2 -0.005792173556983471 0.9941393733024597 -0.10794828087091446 -100.80915832519531
*3 -0.0885622426867485 0.10701638460159302 0.9903049468994141 -1282.510986328125
*1 0.987981379032135 0.014388378709554672 0.15390253067016602 -333.7675476074219
*1 0.987981379032135 0.014388378709554672 0.15390253067016602 -333.7675476074219
*2 0.0044496189802885056 0.9925940632820129 -0.12139476090669632 -83.48722076416016
*1 0.987981379032135 0.014388378709554672 0.15390253067016602 -333.7675476074219
*2 0.0044496189802885056 0.9925940632820129 -0.12139476090669632 -83.48722076416016
*3 -0.15450838208198547 0.12062103301286697 0.9806004166603088 -1293.9815673828125
*1 0.9974895715713501 0.01460806280374527 0.06929250806570053 -325.3583679199219
*1 0.9974895715713501 0.01460806280374527 0.06929250806570053 -325.3583679199219
*2 -0.005132214166224003 0.990821897983551 -0.13507458567619324 -64.01951599121094
*1 0.9974895715713501 0.01460806280374527 0.06929250806570053 -325.3583679199219
*2 -0.005132214166224003 0.990821897983551 -0.13507458567619324 -64.01951599121094
*3 -0.07062868028879166 0.13438032567501068 0.9884092807769775 -1286.5032958984375
*1 0.988726794719696 0.008451150730252266 0.14949317276477814 -321.9056701660156
*1 0.988726794719696 0.008451150730252266 0.14949317276477814 -321.9056701660156
*2 0.005417519249022007 0.9957298040390015 -0.09215471148490906 -46.26213073730469
*1 0.988726794719696 0.008451150730252266 0.14949317276477814 -321.9056701660156
*2 0.005417519249022007 0.9957298040390015 -0.09215471148490906 -46.26213073730469
*3 -0.1496325582265854 0.09192618727684021 0.9844587445259094 -1301.8953857421875
*1 0.9831398725509644 0.026981588453054428 0.18085452914237976 -315.5119934082031
*1 0.9831398725509644 0.026981588453054428 0.18085452914237976 -315.5119934082031
*2 0.0035014778841286898 0.9860895872116089 -0.16617628931999207 -27.49578857421875
*1 0.9831398725509644 0.026981588453054428 0.18085452914237976 -315.5119934082031
*2 0.0035014778841286898 0.9860895872116089 -0.16617628931999207 -27.49578857421875
*3 -0.1828213930130005 0.1640082597732544 0.9693693518638611 -1305.332763671875
*1 0.9975531101226807 0.01009758934378624 0.06918376684188843 -308.0694580078125
*1 0.9975531101226807 0.01009758934378624 0.06918376684188843 -308.0694580078125
*2 0.0020101163536310196 0.9849523305892944 -0.17281322181224823 -10.01936149597168
*1 0.9975531101226807 0.01009758934378624 0.06918376684188843 -308.0694580078125
*2 0.0020101163536310196 0.9849523305892944 -0.17281322181224823 -10.01936149597168
*3 -0.06988665461540222 0.17252987623214722 0.9825215935707092 -1299.6878662109375
*1 0.975616455078125 0.03733162581920624 0.21628567576408386 -303.6683044433594
*1 0.975616455078125 0.03733162581920624 0.21628567576408386 -303.6683044433594
*2 0.011489219032227993 0.9753860831260681 -0.22020353376865387 6.6285552978515625
*1 0.975616455078125 0.03733162581920624 0.21628567576408386 -303.6683044433594
*2 0.011489219032227993 0.9753860831260681 -0.22020353376865387 6.6285552978515625
*3 -0.21918152272701263 0.21731959283351898 0.9511734843254089 -1300.032958984375
*1 0.9930718541145325 0.014202305115759373 0.11664990335702896 -301.4405822753906
*1 0.9930718541145325 0.014202305115759373 0.11664990335702896 -301.4405822753906
*2 0.008866917341947556 0.9807747602462769 -0.19494064152240753 21.448822021484375
*1 0.9930718541145325 0.014202305115759373 0.11664990335702896 -301.4405822753906
*2 0.008866917341947556 0.9807747602462769 -0.19494064152240753 21.448822021484375
*3 -0.11717484891414642 0.19462481141090393 0.9738534688949585 -1299.841796875
*1 0.9926785826683044 0.006818252615630627 0.1205953061580658 -299.8786926269531
*1 0.9926785826683044 0.006818252615630627 0.1205953061580658 -299.8786926269531
*2 0.011379360221326351 0.9886795282363892 -0.14960923790931702 32.849308013916016
*1 0.9926785826683044 0.006818252615630627 0.1205953061580658 -299.8786926269531
*2 0.011379360221326351 0.9886795282363892 -0.14960923790931702 32.849308013916016
*3 -0.12024912238121033 0.1498866230249405 0.9813631176948547 -1292.915283203125
*1 0.9990819692611694 -0.01454763300716877 0.04030109941959381 -300.044677734375
*1 0.9990819692611694 -0.01454763300716877 0.04030109941959381 -300.044677734375
*2 0.016310345381498337 0.9989030361175537 -0.0438883975148201 38.8271598815918
*1 0.9990819692611694 -0.01454763300716877 0.04030109941959381 -300.044677734375
*2 0.016310345381498337 0.9989030361175537 -0.0438883975148201 38.8271598815918
*3 -0.0396173931658268 0.044505879282951355 0.9982229471206665 -1281.5765380859375
*1 0.9987916350364685 -0.006056700833141804 -0.04877619817852974 -303.7567443847656
*1 0.9987916350364685 -0.006056700833141804 -0.04877619817852974 -303.7567443847656
*2 0.005590382032096386 0.9999381899833679 -0.009587720036506653 40.280826568603516
*1 0.9987916350364685 -0.006056700833141804 -0.04877619817852974 -303.7567443847656
*2 0.005590382032096386 0.9999381899833679 -0.009587720036506653 40.280826568603516
*3 0.048832233995199203 0.009303931146860123 0.998763382434845 -1273.5257568359375
*1 0.9989815354347229 -0.01290337834507227 -0.04324266314506531 -310.75714111328125
*1 0.9989815354347229 -0.01290337834507227 -0.04324266314506531 -310.75714111328125
*2 0.012375916354358196 0.9998471736907959 -0.012327016331255436 38.492496490478516
*1 0.9989815354347229 -0.01290337834507227 -0.04324266314506531 -310.75714111328125
*2 0.012375916354358196 0.9998471736907959 -0.012327016331255436 38.492496490478516
