#
#
#
#
#
#
#
#
#
#
#
#
#
#
#
#
#
#
#
#
#
#
#
#
#
#
#
#
#
#
#
#
#
#
#
#
#
#
#
#
#
#
#
#
#
#
#
#
#
#
#
#
#
#
#
#
#
#
#
#
#
#
#
#
#
#
#
#
#
#
#
#
#
#
#
#
#
#
#
#
#
#
#
#
#
#
#
#
#
#
#
#
#
#
#
#
#
#
#
#
#
#
#
#
#
#
#
#
#
#
#
#
#
#
#
#
#
#
#
#
#
#
#
#
#
#
#
#
#
#
#
#
#
#
#
#
#
#
#
#
#
#
#
#
#
#
#
#
#
#
#
#
#
#
#
#
#
#
#
#
#
#
#
#
#
#
#
#
#
#
#
#
#
#
#
#
#
#
#
#
#
#
#
#
#
#
#
#
#
#
#
#
#
#
#
#
#
#
#
#
#
#
#
#
#
#
#
#
#
#
#
#
#
#
#
#
#
#
#
#
#
#
#
#
#
#
#
#
#
#
#
#
#
#
#
#
#
#
#
#
#
#
#
#
#
#
#
#
#
#
#
#
#
#
#
#
#
#
#
#
#
#
#
#
#
#
#
#
#
#
#
#
#
#
#
#
#
#
#
#
#
#
#
#
#
#
#
#
#
#
#
#
#
#
#
#
#
#
#
#
#
#
#
#
#
#
#
#
#
#
#
#
#
#
#
#
#
#
#
#
* 0.9972361922264099 -0.05413951352238655 0.050884783267974854 -155.7769012451172 0.0513521172106266 0.9971861243247986 0.05461614206433296 142.614013671875 -0.05369768664240837 -0.05185236781835556 0.9972099661827087 -536.0516967773438
* 0.9996321797370911 -0.026710145175457 0.004741169512271881 -148.52301025390625 0.026554137468338013 0.9991739988327026 0.03076082095503807 141.6528778076172 -0.005558086093515158 -0.03062380850315094 0.9995154738426208 -553.69189453125
* 0.9992254376411438 -0.03765726462006569 -0.011439711786806583 -139.78578186035156 0.03821684047579765 0.9978516101837158 0.053214848041534424 134.85391235351563 0.009412012062966824 -0.053611014038324356 0.9985175132751465 -546.7093505859375
* 0.9991776347160339 -0.038799453526735306 0.011792226694524288 -122.95079040527344 0.03778289258480072 0.996321439743042 0.0769171416759491 124.57648468017578 -0.014732379466295242 -0.07640853524208069 0.9969677329063416 -534.9759521484375
* 0.9970062971115112 -0.04679562896490097 0.06155586242675781 -104.0971450805664 0.03913344070315361 0.9919655323028564 0.12030454725027084 115.62305450439453 -0.06669019907712936 -0.11753568053245544 0.9908267855644226 -527.5642700195313
#
* 0.9988843202590942 -0.030206309631466866 0.03629036247730255 -65.56130981445313 0.028585389256477356 0.998579740524292 0.044971637427806854 106.81660461425781 -0.037594985216856 -0.043885473161935806 0.9983288645744324 -546.4321899414063
* 0.9972410202026367 -0.02588370069861412 -0.06956741213798523 -59.173763275146484 0.02691185288131237 0.9995462894439697 0.013561953790485859 105.72044372558594 0.06918705254793167 -0.015398106537759304 0.9974848031997681 -554.1773071289063
* 0.9967281222343445 -0.026782754808664322 -0.07625670731067657 -54.3116455078125 0.027372349053621292 0.9996053576469421 0.00640484131872654 104.37559509277344 0.0760573074221611 -0.008472594432532787 0.997067391872406 -552.8720703125
* 0.9994778633117676 -0.02327439934015274 -0.022397689521312714 -49.75343322753906 0.020286930724978447 0.9917842745780945 -0.1263078898191452 105.6806411743164 0.02515568397939205 0.12578615546226501 0.9917383193969727 -559.4072875976563
* 0.9996843934059143 -0.02384251169860363 0.007868552580475807 -42.50310516357422 0.02442128211259842 0.9964562058448792 -0.08049740642309189 105.40316009521484 -0.005919131450355053 0.08066276460886002 0.9967237710952759 -556.3795166015625
* 0.9996317625045776 -0.017685092985630035 -0.020561465993523598 -36.41495895385742 0.017485646530985832 0.9997881650924683 -0.01090821623802185 104.0806884765625 0.020752297714352608 0.010543301701545715 0.9997289776802063 -555.6377563476563
* 0.9953891038894653 -0.012188870459794998 -0.09513776749372482 -34.051021575927734 0.008140756748616695 0.9990401268005371 -0.04305420443415642 103.38761138916016 0.09557348489761353 0.04207983240485191 0.9945324063301086 -554.5368041992188
* 0.9921085238456726 -0.0035486933775246143 -0.12532863020896912 -34.73716735839844 0.0022437130101025105 0.9999404549598694 -0.010728470049798489 101.2406997680664 0.12536147236824036 0.010361270979046822 0.9920569658279419 -553.70751953125
* 0.9957460761070251 -0.012333160266280174 -0.09130565822124481 -36.6674690246582 0.00776301184669137 0.998695433139801 -0.05048072338104248 95.63735961914063 0.09181135892868042 0.04955581575632095 0.9945425391197205 -552.3213500976563
* 0.9955311417579651 -0.018132485449314117 -0.09267071634531021 -41.05457305908203 0.01362926047295332 0.9986947774887085 -0.049234118312597275 88.98624420166016 0.09344471991062164 0.04774968698620796 0.9944787621498108 -552.5932006835938
* 0.9972082376480103 -0.01569821685552597 -0.07299469411373138 -45.63006591796875 0.013521823100745678 0.9994432926177979 -0.030516115948557854 85.77316284179688 0.07343533635139465 0.029442524537444115 0.9968652725219727 -553.7201538085938
* 0.9969925284385681 -0.005678866524249315 -0.0772826224565506 -50.92236328125 0.006083425600081682 0.9999709725379944 0.0047138286754488945 84.12789916992188 0.07725583016872406 -0.005171149503439665 0.9969978928565979 -552.8463745117188
* 0.9975497722625732 -0.021411871537566185 -0.06659474223852158 -56.095516204833984 0.021585751324892044 0.9997663497924805 0.0015597173478454351 83.2331314086914 0.06654798239469528 -0.002994779497385025 0.9977787137031555 -552.6888427734375
* 0.9977375268936157 -0.012295926921069622 -0.06608670204877853 -61.24590301513672 0.014192276634275913 0.999508798122406 0.027965357527136803 82.01028442382813 0.0657125934958458 -0.028841378167271614 0.9974216818809509 -553.9593505859375
* 0.9923280477523804 -0.008231030777096748 -0.1233534961938858 -64.55670928955078 0.0038692904636263847 0.9993544220924377 -0.03573668748140335 78.53438568115234 0.12357021868228912 0.03498385474085808 0.9917189478874207 -550.19677734375
* 0.9944193363189697 -0.01547559630125761 -0.10435234010219574 -66.40396881103516 0.017127711325883865 0.9997453093528748 0.014741774648427963 72.8071060180664 0.1040998250246048 -0.016448210924863815 0.9944307804107666 -545.0814819335938
* 0.9897765517234802 -0.012730644084513187 -0.14205214381217957 -67.37651824951172 0.012126230634748936 0.999913215637207 -0.005275677423924208 65.29519653320313 0.14210917055606842 0.003497798927128315 0.9898447394371033 -543.1912231445313
* 0.9954090714454651 -0.013121236115694046 -0.09480105340480804 -67.65274810791016 0.014367233030498028 0.9998224973678589 0.012238427065312862 59.012882232666016 0.09462588280439377 -0.013545654714107513 0.9954206347465515 -550.1572875976563
* 0.986388087272644 -0.004110547713935375 -0.16437822580337524 -66.65312957763672 -5.625862977467477E-4 0.9995939135551453 -0.028507167473435402 51.09846496582031 0.16443093121051788 0.028210239484906197 0.9859848618507385 -541.5776977539063
* 0.9839039444923401 -0.011019686236977577 -0.17835399508476257 -66.27549743652344 0.012307406403124332 0.9999068379402161 0.005990844685584307 40.631290435791016 0.17827360332012177 -0.008090862073004246 0.9839475154876709 -540.9632568359375
* 0.9906338453292847 -0.01652877777814865 -0.13553550839424133 -68.30805206298828 0.018306897953152657 0.9997642040252686 0.011719431728124619 33.70836639404297 0.13531208038330078 -0.01409228052943945 0.9907025694847107 -549.82861328125
* 0.9894679188728333 -0.015428868122398853 -0.14392238855361938 -70.35832977294922 0.020695850253105164 0.9991729259490967 0.03501632809638977 29.963062286376953 0.14326532185077667 -0.037627510726451874 0.9889684319496155 -550.1551513671875
* 0.9981582760810852 -0.002226234180852771 -0.06061042100191116 -72.34015655517578 5.352112930268049E-4 0.9996007680892944 -0.028266625478863716 30.665124893188477 0.06065143272280693 0.028180768713355064 0.9977608323097229 -556.3743286132813
* 0.9913667440414429 -0.0049071162939071655 -0.1310209482908249 -72.37168884277344 0.006931772455573082 0.9998664259910583 0.01483229175209999 30.865737915039063 0.13093292713165283 -0.015613805502653122 0.99126797914505 -553.4696044921875
* 0.9894246459007263 -1.9655711366795003E-4 -0.14504241943359375 -72.93968200683594 0.007838600315153599 0.9986186027526855 0.05196629837155342 29.437824249267578 0.14483408629894257 -0.05255501717329025 0.9880589246749878 -553.7691650390625
* 0.9872543811798096 -0.01438349112868309 -0.15849468111991882 -72.50139617919922 0.017270216718316078 0.9997117519378662 0.01671135611832142 27.52696418762207 0.15821082890033722 -0.019236981868743896 0.9872176647186279 -554.911865234375
* 0.9898346066474915 -0.0062670400366187096 -0.1420798897743225 -73.02433776855469 0.008730045519769192 0.9998252391815186 0.016562918201088905 24.168800354003906 0.1419534832239151 -0.017636297270655632 0.9897158741950989 -559.1768188476563
* 0.9896003603935242 -0.0014369157142937183 -0.1438320130109787 -73.9505386352539 -7.843594648875296E-4 0.9998794794082642 -0.015539253130555153 23.99793243408203 0.14383921027183533 0.015489090234041214 0.9894794821739197 -565.5399780273438
* 0.994696855545044 -0.0013072388246655464 -0.10283525288105011 -75.1985092163086 4.475587047636509E-4 0.9999634623527527 -0.00859710294753313 24.519962310791016 0.1028449609875679 0.008504110388457775 0.9946607351303101 -572.9766235351563
* 0.9910922646522522 -0.012764089740812778 -0.13255882263183594 -76.04765319824219 0.01744144596159458 0.9992696642875671 0.0340169295668602 24.509065628051758 0.13202999532222748 -0.03602732717990875 0.9905905723571777 -575.4307250976563
* 0.994311511516571 -0.013912299647927284 -0.1055922582745552 -77.85276794433594 0.012313904240727425 0.9997970461845398 -0.015983177348971367 25.261423110961914 0.10579539090394974 0.014590606093406677 0.9942806363105774 -576.1200561523438
* 0.9942677021026611 -0.013848811388015747 -0.10601230710744858 -81.3790054321289 0.015938125550746918 0.9996991753578186 0.018677428364753723 25.50196647644043 0.10572395473718643 -0.02026139199733734 0.9941889047622681 -581.6144409179688
* 0.9951188564300537 -0.016959376633167267 -0.09720834344625473 -84.59590911865234 0.017034199088811874 0.9998554587364197 -2.8732256032526493E-4 26.242650985717773 0.09720136225223541 -0.0013713471125811338 0.9952635765075684 -579.4618530273438
* 0.9958539009094238 -0.015262075699865818 -0.08966903388500214 -86.96027374267578 0.01619993895292282 0.9998243451118469 0.009493770077824593 27.93256187438965 0.08951056003570557 -0.010908435098826885 0.9959259629249573 -577.7225952148438
* 0.9930450916290283 -0.015292384661734104 -0.11673112213611603 -88.87464904785156 0.018530234694480896 0.9994772672653198 0.026512907817959785 30.05259132385254 0.11626683175563812 -0.028492959216237068 0.9928090572357178 -576.6349487304688
* 0.9940353035926819 -0.009877489879727364 -0.10860253125429153 -89.71204376220703 0.004168342798948288 0.9985930919647217 -0.05287338048219681 28.413972854614258 0.10897420346736908 0.05210394412279129 0.9926779270172119 -574.2601318359375
* 0.9938587546348572 -0.02464940771460533 -0.10786739736795425 -90.57257080078125 0.024325408041477203 0.9996944665908813 -0.004522989504039288 25.492429733276367 0.10794810950756073 0.0018698829226195812 0.9941545724868774 -574.3134765625
* 0.9856494069099426 -0.014741477556526661 -0.16815592348575592 -89.93902587890625 0.020306890830397606 0.9993045330047607 0.03129367530345917 20.437143325805664 0.16757982969284058 -0.034260716289281845 0.9852628111839294 -568.313720703125
* 0.9888805150985718 -0.019314037635922432 -0.14744703471660614 -88.73057556152344 0.026736903935670853 0.9984718561172485 0.04837718605995178 10.748320579528809 0.14628954231739044 -0.051782943308353424 0.9878852367401123 -568.1937255859375
* 0.98372483253479 -0.023245535790920258 -0.17816735804080963 -87.84886932373047 0.029433343559503555 0.9990536570549011 0.032041482627391815 -10.90012264251709 0.17725606262683868 -0.03676547482609749 0.9834775328636169 -562.5200805664063
* 0.9789703488349915 -0.034252360463142395 -0.20110294222831726 -88.95603942871094 0.040999140590429306 0.9987280368804932 0.02936863899230957 -39.27067947387695 0.19984331727027893 -0.03699749708175659 0.979128897190094 -562.5612182617188
* 0.9742334485054016 -0.04180915281176567 -0.22162988781929016 -91.83174133300781 0.06812800467014313 0.9913290143013 0.1123671606183052 -76.60615539550781 0.21501220762729645 -0.12457245588302612 0.9686336517333984 -566.5018310546875
#
#
#
#
#
#
#
#
#
#
#
#
#
#
#
#
#
#
#
#
#
#
#
#
#
#
* 0.998559296131134 -0.03338712081313133 -0.04207377880811691 -194.8135986328125 0.032679032534360886 0.9994732141494751 -0.0027205392252653837 -85.79790496826172 0.04205411300063133 0.0013518244959414005 0.9991152882575989 -544.7970581054688
* 0.9980247020721436 -0.04671504721045494 -0.04207067936658859 -191.01083374023438 0.04736417904496193 0.9984458684921265 0.029742615297436714 -74.73860168457031 0.040527720004320145 -0.031664784997701645 0.9986774921417236 -545.2749633789063
* 0.996745765209198 -0.038873475044965744 -0.07065702229738235 -183.52218627929688 0.04407236725091934 0.9956033229827881 0.0827876403927803 -56.03940200805664 0.06703972071409225 -0.08562055230140686 0.9940707087516785 -545.6212158203125
#
* 0.9960660338401794 -0.02112116478383541 -0.08605886995792389 -163.24032592773438 0.022212695330381393 0.9996841549873352 0.011752019636332989 20.786300659179688 0.0857834443449974 -0.013617381453514099 0.9962207078933716 -539.584228515625
* 0.9961832165718079 -0.025011178106069565 -0.08362523466348648 -159.67684936523438 0.026717133820056915 0.9994556903839111 0.01934979110956192 33.19912338256836 0.0830957442522049 -0.02151016891002655 0.9963093400001526 -540.0960083007813
* 0.9978121519088745 -0.04084965959191322 -0.051980435848236084 -166.55267333984375 0.04274287447333336 0.9984424710273743 0.03585734963417053 73.00806427001953 0.05043470859527588 -0.03800069913268089 0.998004138469696 -555.4818115234375
* 0.9977907538414001 -0.005774291697889566 -0.06618199497461319 -172.83067321777344 0.008003895170986652 0.9994073510169983 0.03348200395703316 92.7918701171875 0.06594942510128021 -0.03393777459859848 0.9972456097602844 -536.3698120117188
#
#
* 0.9929109811782837 -0.04260503873229027 -0.11095498502254486 -213.6802215576172 0.05112307518720627 0.9958783388137817 0.07492723315954208 -20.60087776184082 0.10730526596307755 -0.08006907999515533 0.9909968376159668 -528.0119018554688
* 0.997039258480072 -0.034727104008197784 -0.06859370321035385 -221.96490478515625 0.03708313778042793 0.9987639784812927 0.033114686608314514 -35.11508560180664 0.0673588216304779 -0.035560958087444305 0.9970950484275818 -536.5748901367188
* 0.9988104104995728 -0.030212953686714172 -0.03825608268380165 -223.9040985107422 0.03015219233930111 0.9995424747467041 -0.0026268353685736656 -31.137502670288086 0.03831781819462776 0.001469573937356472 0.9992647767066956 -543.4758911132813
* 0.9966837763786316 -0.040580105036497116 -0.0705212727189064 -218.091552734375 0.04267581179738045 0.9986911416053772 0.02821306884288788 -9.84361457824707 0.06928396224975586 -0.031129702925682068 0.997111439704895 -542.1552734375
* 0.9971668720245361 -0.022060470655560493 -0.07190340757369995 -208.97792053222656 0.02166498824954033 0.9997446537017822 -0.006521151401102543 13.453994750976563 0.07202880084514618 0.004944253247231245 0.9973905682563782 -537.750244140625
* 0.9968231320381165 -0.040831271559000015 -0.0683731883764267 -200.9229736328125 0.04180551692843437 0.999046802520752 0.012617658823728561 19.953060150146484 0.06779272109270096 -0.015436599962413311 0.9975802898406982 -537.7823486328125
* 0.9954797625541687 -0.014175488613545895 -0.09390273690223694 -190.39674377441406 0.016003509983420372 0.9997005462646484 0.01855415105819702 31.639387130737305 0.09361152350902557 -0.019973736256361008 0.9954087734222412 -535.0487060546875
* 0.9971066117286682 -0.020968416705727577 -0.07305633276700974 -188.20126342773438 0.021367952227592468 0.9997625946998596 0.004449554719030857 45.322269439697266 0.07294559478759766 -0.005998439621180296 0.9973182082176208 -538.8823852539063
* 0.9974641799926758 -0.015694553032517433 -0.06940752267837524 -188.5569305419922 0.015940822660923004 0.9998699426651001 0.00274134729988873 43.884578704833984 0.06935537606477737 -0.0038414988666772842 0.9975849390029907 -536.6378784179688
* 0.9975172877311707 -0.014147485606372356 -0.06897570192813873 -192.4988250732422 0.013870534487068653 0.999893307685852 -0.00474797748029232 41.51496887207031 0.06903541088104248 0.0037787719629704952 0.9976073503494263 -535.8917846679688
* 0.9985666871070862 -0.011033972725272179 -0.05235731974244118 -198.1076202392578 0.009998209774494171 0.9997438192367554 -0.02033892646431923 54.93756103515625 0.0525682233273983 0.019785618409514427 0.9984216094017029 -544.0725708007813
* 0.9957994818687439 -0.017846863716840744 -0.08979571610689163 -192.7250518798828 0.020267724990844727 0.9994591474533081 0.02592282183468342 79.29774475097656 0.08928440511226654 -0.027634577825665474 0.9956230521202087 -534.133056640625
* 0.9984042048454285 -0.010347875766456127 -0.055498458445072174 -187.9632110595703 0.010828723199665546 0.9999096989631653 0.008052335120737553 107.94595336914063 0.055410001426935196 -0.008641139604151249 0.9984264969825745 -538.955810546875
* 0.9993537068367004 -0.002424193313345313 -0.03583626449108124 -181.46095275878906 0.001801909296773374 0.9998393654823303 -0.017877301201224327 125.34724426269531 0.03587372973561287 0.017800522968173027 0.9991980195045471 -541.6422119140625
* 0.9996415972709656 -0.010862250812351704 -0.02442660555243492 -175.43728637695313 0.010406633839011192 0.9997581243515015 -0.019417960196733475 136.488525390625 0.02463150955736637 0.019156139343976974 0.9995132684707642 -544.1082763671875
* 0.9995887875556946 -0.010315513238310814 -0.026718221604824066 -170.48880004882813 0.009553332813084126 0.9995302557945251 -0.029150232672691345 138.59327697753906 0.027006259188055992 0.028882335871458054 0.9992181658744812 -537.709228515625
* 0.996593177318573 0.004908023402094841 -0.08231719583272934 -169.9005126953125 -0.0062614548951387405 0.9998466968536377 -0.016405604779720306 126.81141662597656 0.08222398906946182 0.01686447113752365 0.9964714646339417 -526.8341064453125
* 0.9961709380149841 -0.015463845804333687 -0.08603757619857788 -174.79449462890625 0.015379248186945915 0.9998809695243835 -0.001850964967161417 110.62486267089844 0.08605588227510452 5.200132145546377E-4 0.9962904453277588 -522.5166015625
* 0.9967272877693176 -0.020963924005627632 -0.0780591145157814 -181.0781707763672 0.02149953693151474 0.9997529983520508 0.005801049992442131 101.27823638916016 0.077918142080307 -0.007460970897227526 0.9969321489334106 -525.6771240234375
* 0.9989899396896362 -0.01803656481206417 -0.04113030061125755 -184.44354248046875 0.016864072531461716 0.9994350671768188 -0.02910131961107254 99.74979400634766 0.04163186624646187 0.02837764285504818 0.9987302422523499 -528.239501953125
* 0.9986073970794678 -0.016991600394248962 -0.04992559552192688 -186.01318359375 0.016723856329917908 0.9998422265052795 -0.006127625238150358 102.7422866821289 0.05002174898982048 0.005283472128212452 0.9987344741821289 -526.2029418945313
* 0.9985296726226807 -0.015267874114215374 -0.0519944429397583 -188.12799072265625 0.013813248835504055 0.9994975924491882 -0.028557658195495605 101.70838165283203 0.0524042509496212 0.027796795591711998 0.9982393383979797 -519.9542236328125
* 0.9982276558876038 -0.026287829503417015 -0.05337163433432579 -192.83993530273438 0.027445239946246147 0.9994091391563416 0.020735537633299828 95.63441467285156 0.0527949221432209 -0.02216426469385624 0.9983597993850708 -513.494384765625
* 0.99620521068573 -0.021899398416280746 -0.0842226967215538 -196.95240783691406 0.023903479799628258 0.9994586110115051 0.02264946512877941 85.85652923583984 0.08368102461099625 -0.024577410891652107 0.9961898922920227 -499.7222900390625
* 0.9940547943115234 -0.01868603006005287 -0.10725559294223785 -203.97341918945313 0.019837575033307076 0.9997588396072388 0.009514418430626392 76.65754699707031 0.10705188661813736 -0.01158621720969677 0.9941863417625427 -498.6027526855469
* 0.9956797361373901 -0.015640107914805412 -0.09151548892259598 -210.45285034179688 0.01595412567257881 0.9998704195022583 0.002507398836314678 67.5650634765625 0.09146434813737869 -0.003957292065024376 0.9958009123802185 -504.25946044921875
* 0.9973569512367249 -0.02242950163781643 -0.06909263879060745 -213.49691772460938 0.0228690467774868 0.9997251629829407 0.005320598371326923 64.13127899169922 0.0689542144536972 -0.006887293420732021 0.9975965023040771 -509.63250732421875
* 0.9972872734069824 -0.022250015288591385 -0.07014844566583633 -215.6835479736328 0.021815691143274307 0.9997369647026062 -0.007203260436654091 65.20960998535156 0.07029017060995102 0.005652717314660549 0.9975110292434692 -510.00592041015625
* 0.9985905885696411 -0.015808748081326485 -0.05064188316464424 -219.3583221435547 0.014099238440394402 0.9993136525154114 -0.03428325802087784 69.90116119384766 0.05114898830652237 0.033520281314849854 0.9981287717819214 -516.9701538085938
* 0.9978476762771606 -0.02076030895113945 -0.062181126326322556 -216.4075164794922 0.01957247592508793 0.9996106028556824 -0.019933871924877167 73.49169158935547 0.06257063895463943 0.018673278391361237 0.9978662133216858 -512.0181274414063
* 0.9982078671455383 -0.00829441100358963 -0.05924306437373161 -217.24261474609375 0.005400609225034714 0.9987782835960388 -0.0491362139582634 72.48469543457031 0.05957812815904617 0.048727575689554214 0.997033953666687 -515.2947998046875
* 0.9987854361534119 -0.0010944666573777795 -0.04923344403505325 -213.68011474609375 -8.167768246494234E-4 0.999234139919281 -0.03914053738117218 67.91149139404297 0.04923847317695618 0.03913255035877228 0.9980204701423645 -511.544921875
* 0.9956720471382141 -0.018591955304145813 -0.09104394912719727 -203.8964385986328 0.01807059720158577 0.9998147487640381 -0.006741080898791552 62.06966018676758 0.09115233272314072 0.0050659943372011185 0.99582439661026 -502.4058837890625
* 0.9973657727241516 -0.015950044617056847 -0.07074213773012161 -199.260009765625 0.01744208298623562 0.999643087387085 0.02027345821261406 58.98288345336914 0.07039343565702438 -0.021454662084579468 0.9972888231277466 -507.704345703125
* 0.9974521398544312 -0.006932535674422979 -0.07098296284675598 -193.35557556152344 0.004840755369514227 0.9995435476303101 -0.0298457033932209 57.03257369995117 0.07115741074085236 0.029425371438264847 0.9970312714576721 -508.9391174316406
#
#
#
#
#
#
#
#
#
#
#
#
#
#
* 0.9999433159828186 -0.0010788466315716505 -0.010625212453305721 -174.8435516357422 7.259068079292774E-4 0.9994834661483765 -0.032124463468790054 143.73912048339844 0.010653780773282051 0.03211604803800583 0.999427318572998 -539.7503051757813
#
#
#
#
#
#
#
#
#
#
#
#
#
#
#
#
#
#
#
#
#
#
#
#
#
#
#
#
#
#
* -0.26943594217300415 0.6991453766822815 0.6622686386108398 -291.7288818359375 -0.3783586323261261 0.5555478930473328 -0.7404124736785889 196.07562255859375 -0.8855782747268677 -0.4500694274902344 0.11484421044588089 -912.6140747070313
#
#
#
#
#
#
#
#
#
#
#
#
#
#
#
#
#
#
#
#
#
#
#
#
#
#
#
#
* 0.9974733591079712 -0.008255166932940483 -0.07048217952251434 -149.90777587890625 0.006977864541113377 0.9997565150260925 -0.021136397495865822 45.16267013549805 0.07063400000333786 0.020566683262586594 0.9972909688949585 -532.0867309570313
* 0.9972742795944214 -0.006006957031786442 -0.07346265017986298 -148.1654815673828 0.005451133940368891 0.9999348521232605 -0.010442189872264862 44.10739517211914 0.07351512461900711 0.009988739155232906 0.9972448348999023 -530.8462524414063
* 0.9957314729690552 -0.003613293170928955 -0.09216596931219101 -147.29055786132813 0.0052165319211781025 0.9998776912689209 0.015022735111415386 40.111328125 0.09209500253200531 -0.015463998541235924 0.9956309199333191 -528.035400390625
* 0.9969640970230103 0.0011360271601006389 -0.07778318226337433 -147.75650024414063 -0.0014918673550710082 0.999978244304657 -0.007047133520245552 38.902259826660156 0.07776819169521332 0.0071172029711306095 0.9969468712806702 -531.7384033203125
* 0.99736487865448 -0.0045895990915596485 -0.07232780009508133 -148.09056091308594 0.006033852230757475 0.9998408555984497 0.017037220299243927 40.41957473754883 0.07223260402679443 -0.017453335225582123 0.9972359538078308 -533.3054809570313
* 0.9953081607818604 -0.010656352154910564 -0.09611058980226517 -145.6761932373047 0.012912806123495102 0.9997038245201111 0.02083199843764305 42.083003997802734 0.09585452824831009 -0.021999897435307503 0.99515300989151 -528.2828979492188
* 0.9954639077186584 0.0027107622008770704 -0.09504444897174835 -144.53587341308594 -0.005117558408528566 0.9996222853660583 -0.027160396799445152 44.711708068847656 0.0949297696352005 0.027499036863446236 0.9951048493385315 -528.8847045898438
* 0.9968295097351074 -0.007662660907953978 -0.07912752777338028 -144.43077087402344 0.008613061159849167 0.9999250173568726 0.009185228496789932 46.19218826293945 0.07904569059610367 -0.009862218052148819 0.9968229532241821 -530.4151611328125
* 0.996471107006073 -0.006588465068489313 -0.08361127972602844 -144.77915954589844 0.006933469325304031 0.9999791383743286 0.0014808425912633538 48.595054626464844 0.08359431475400925 -0.0020799031481146812 0.9964984655380249 -530.060791015625
* 0.9967943429946899 -0.01046564057469368 -0.07924897223711014 -145.01141357421875 0.01072582695633173 0.999946653842926 3.721873217727989E-4 51.377410888671875 0.07923528552055359 -0.0012455341638997197 0.9968559741973877 -530.6835327148438
* 0.9966903924942017 -0.0017845581751316786 -0.08120204508304596 -144.80575561523438 0.0012990629766136408 0.999967634677887 -0.008455511182546616 53.739540100097656 0.08120919018983841 0.008297479711472988 0.9966633319854736 -531.2081909179688
* 0.996275007724762 0.0016125229885801673 -0.0861520916223526 -143.5100860595703 -0.0034812004305422306 0.999714195728302 -0.023830529302358627 55.30237579345703 0.08608386665582657 0.024017132818698883 0.9959991574287415 -531.0619506835938
* 0.9950281381607056 6.802136194892228E-4 -0.09953512996435165 -141.08294677734375 -0.0010497558396309614 0.999987781047821 -0.00563804991543293 51.101566314697266 0.09952488541603088 0.005689922720193863 0.9950196146965027 -528.5992431640625
* 0.9906348586082458 -0.006652581039816141 -0.1363343894481659 -138.501220703125 0.004319912753999233 0.9998173713684082 -0.018841521814465523 42.25962829589844 0.13642960786819458 0.018051596358418465 0.9904860854148865 -525.2653198242188
* 0.9937917590141296 9.913422400131822E-4 -0.11120034754276276 -135.6326141357422 -0.002411201596260071 0.9998974800109863 -0.014404986053705215 35.7369270324707 0.11116953939199448 0.014559115283191204 0.9936955571174622 -528.2818603515625
* 0.9983766078948975 -0.00475742993876338 -0.05665678530931473 -129.55555725097656 0.003376790788024664 0.9996089935302734 -0.027906818315386772 33.18808364868164 0.0567619726061821 0.02764570154249668 0.9980056285858154 -533.6072998046875
* 0.9964309930801392 9.004095336422324E-4 -0.08433947712182999 -121.26287841796875 9.5628562849015E-4 0.9998108148574829 0.019637607038021088 38.17219924926758 0.08433593064546585 -0.01967281475663185 0.9962437748908997 -531.3695678710938
* 0.9977347254753113 0.006843744311481714 -0.06683789193630219 -116.04461669921875 -0.008536885492503643 0.9995747208595276 -0.0280314814299345 48.952396392822266 0.06661253422498703 0.028514012694358826 0.997372031211853 -533.5913696289063
* 0.9954718947410583 -8.452213369309902E-4 -0.09499350190162659 -114.5133285522461 0.0010564669501036406 1.0000035762786865 1.0119190847035497E-4 54.404571533203125 0.09498851001262665 -2.2567561245523393E-4 0.9954790472984314 -530.8016357421875
* 0.990696907043457 -6.197121110744774E-4 -0.1360442340373993 -115.9596176147461 0.0016719760606065392 0.9999837279319763 0.00617356738075614 47.4969367980957 0.1360330581665039 -0.00636819563806057 0.9906845688819885 -521.6340942382813
* 0.992253303527832 0.001639900030568242 -0.12417528033256531 -119.4808349609375 -0.0024048099294304848 0.9999724626541138 -0.00759547296911478 35.16353225708008 0.12415434420108795 0.007810684852302074 0.9922328591346741 -520.9714965820313
* 0.9907414317131042 -0.005899880081415176 -0.13559304177761078 -122.16897583007813 0.00869716890156269 0.9997934699058533 0.018593451008200645 23.76896095275879 0.13545002043247223 -0.019625160843133926 0.990590512752533 -523.6047973632813
* 0.996695339679718 0.00505039980635047 -0.08100494742393494 -123.59126281738281 -0.004920454230159521 0.9999918341636658 -6.261726375669241E-4 17.31454086303711 0.08099599927663803 9.980704635381699E-4 0.99671471118927 -527.5820922851563
* 0.9939357042312622 -0.006339481566101313 -0.10972912609577179 -122.01830291748047 0.00774085009470582 0.999918520450592 0.010553869418799877 15.79094123840332 0.10964792221784592 -0.011363830417394638 0.9939063191413879 -526.1695556640625
* 0.9960721731185913 -0.004789287224411964 -0.08835238218307495 -121.05937957763672 0.003574519418179989 0.9998677372932434 -0.016129085794091225 15.933382034301758 0.08841262757778168 0.015725405886769295 0.9959605932235718 -530.142578125
* 0.9948580861091614 -0.004632462281733751 -0.1011175662279129 -119.71014404296875 0.00516925286501646 0.9999859929084778 0.0030992196407169104 12.518527030944824 0.10109648108482361 -0.0036305412650108337 0.9948707222938538 -526.3834838867188
* 0.9919565916061401 -0.005812393501400948 -0.12640085816383362 -119.1015625 0.004224760923534632 0.9998917579650879 -0.01438174955546856 3.5066444873809814 0.1264655441045761 0.013707544654607773 0.9918769598007202 -522.5302734375
* 0.9959502816200256 -0.005892758723348379 -0.08964946120977402 -120.27821350097656 0.008583816699683666 0.9995900988578796 0.027460889890789986 -1.716575264930725 0.08944544196128845 -0.028143813833594322 0.9955946803092957 -527.3189086914063
* 0.9916313290596008 -0.00926375761628151 -0.1287248432636261 -118.84342193603516 0.013676144182682037 0.9994015097618103 0.03190235048532486 -9.041505813598633 0.12834680080413818 -0.03342042490839958 0.9911667108535767 -520.2261962890625
* 0.9869439005851746 -0.002865070244297385 -0.1610034853219986 -116.80438995361328 0.007031865417957306 0.9996890425682068 0.024092702195048332 -24.46190643310547 0.1608792394399643 -0.0249349232763052 0.986659824848175 -512.8965454101563
* 0.9888413548469543 -0.02995270863175392 -0.14589044451713562 -117.18038940429688 0.03578019142150879 0.9987107515335083 0.03612273186445236 -43.56856918334961 0.14461448788642883 -0.04096415638923645 0.988640546798706 -519.0211181640625
* 0.9944906234741211 -0.015920186415314674 -0.10355377197265625 -118.05046081542969 0.01825028657913208 0.9996438026428223 0.01968364231288433 -55.69594955444336 0.10319791734218597 -0.021489664912223816 0.9944294691085815 -528.5634765625
* 0.9979978203773499 -0.03324039652943611 -0.053699884563684464 -117.65396881103516 0.03525899350643158 0.9988261461257935 0.03333543986082077 -49.856361389160156 0.05252259969711304 -0.03518659248948097 0.99800044298172 -533.19091796875
* 0.9952263236045837 -0.02012694627046585 -0.09543472528457642 -117.22480010986328 0.02410602942109108 0.99896639585495 0.038643207401037216 -32.93580627441406 0.09455253928899765 -0.04078387841582298 0.9946849346160889 -530.1541748046875
* 0.9875075817108154 -0.008213677443563938 -0.15732023119926453 -117.79728698730469 0.004139221739023924 0.9996185302734375 -0.027459563687443733 -6.5939154624938965 0.15748067200183868 0.026440821588039398 0.9871688485145569 -523.2659912109375
* 0.9878472089767456 -0.02541191130876541 -0.15329843759536743 -121.22282409667969 0.029439324513077736 0.9993115067481995 0.022767335176467896 34.5047607421875 0.15260857343673706 -0.02702820673584938 0.9879178404808044 -525.1566162109375
* 0.9960700869560242 -0.007752751465886831 -0.08816245198249817 -125.91574096679688 0.007865089923143387 0.9999725222587585 -0.0013078448828309774 57.096736907958984 0.08816473186016083 5.846978165209293E-4 0.9961064457893372 -531.799560546875
* 0.9975161552429199 -0.010913665406405926 -0.06950505077838898 -126.78876495361328 0.012753790244460106 0.9996528029441833 0.02323928289115429 61.97617721557617 0.06922169774770737 -0.024092644453048706 0.9973110556602478 -530.46484375
* 0.9973877668380737 -0.010796518996357918 -0.07134193927049637 -126.71671295166016 0.009434237144887447 0.999714195728302 -0.022158484905958176 63.616458892822266 0.07155527919530869 0.021403010934591293 0.997207760810852 -533.7919311523438
* 0.9927098155021667 -0.008502771146595478 -0.12018115818500519 -123.23977661132813 0.008026734925806522 0.9999535083770752 -0.0060836877673864365 61.82018280029297 0.12022197246551514 0.0050500831566751 0.992734968662262 -527.96435546875
* 0.993436872959137 -0.014597315341234207 -0.11339578032493591 -123.19034576416016 0.018854493275284767 0.9992201328277588 0.03481471166014671 59.59086227416992 0.11279352754354477 -0.036748871207237244 0.9929393529891968 -527.892333984375
* 0.994186282157898 -0.013668966479599476 -0.1067490428686142 -125.86641693115234 0.015802545472979546 0.9997293949127197 0.017315683886408806 57.72005081176758 0.10647790133953094 -0.01892654038965702 0.9941356182098389 -525.1516723632813
* 0.9943944811820984 -0.010298190638422966 -0.1051769107580185 -131.28536987304688 0.008271495811641216 0.9997376203536987 -0.02155718393623829 52.53351593017578 0.10536593943834305 0.020541828125715256 0.9942219853401184 -526.8933715820313
* 0.9953048229217529 -0.018121536821126938 -0.09501823782920837 -136.72830200195313 0.020255621522665024 0.999609649181366 0.019460264593362808 47.30022048950195 0.09462279826402664 -0.021318135783076286 0.9952855706214905 -527.3392944335938
* 0.9948039054870605 -0.0087509136646986 -0.10137579590082169 -141.4844512939453 0.008825192227959633 0.9999639391899109 -0.001659521833062172 45.51427459716797 0.10138126462697983 7.31638865545392E-4 0.9948480129241943 -530.4833374023438
* 0.9954097867012024 -0.011538217775523663 -0.09494537115097046 -142.55645751953125 0.011999960988759995 0.9999298453330994 0.002217106521129608 44.80035400390625 0.09490763396024704 -0.0033708587288856506 0.995481014251709 -529.9620361328125
* 0.9950838685035706 -0.013724352233111858 -0.09802181273698807 -140.46206665039063 0.015626288950443268 0.9997437000274658 0.016645804047584534 43.13039016723633 0.09776265174150467 -0.0181202981621027 0.9950454831123352 -528.83154296875
* 0.996362566947937 -0.012990877963602543 -0.0841517448425293 -136.2115936279297 0.012189350090920925 0.9998535513877869 -0.012369711883366108 42.857173919677734 0.08429459482431412 0.01127440482378006 0.9963777661323547 -529.0924072265625
* 0.9972020983695984 -0.009387131780385971 -0.07408459484577179 -133.5857696533203 0.007428149227052927 0.9995467066764832 -0.02932429499924183 44.78388214111328 0.07432084530591965 0.028667397797107697 0.9968228340148926 -533.6622924804688
* 0.9962319731712341 -0.008735151961445808 -0.0862220898270607 -130.09132385253906 0.008898546919226646 0.9999644756317139 -7.748462958261371E-4 45.28945541381836 0.08622036129236221 -1.9934959709644318E-5 0.9962766766548157 -531.9632568359375
* 0.9957461357116699 -0.011877691373229027 -0.09130841493606567 -128.09982299804688 0.015128245577216148 0.9993510842323303 0.032821834087371826 45.10551452636719 0.0908537358045578 -0.034088198095560074 0.9952812194824219 -531.3965454101563
* 0.9974839091300964 -0.01383300218731165 -0.06944967806339264 -126.83909606933594 0.015372415073215961 0.999708890914917 0.01883021928369999 46.798702239990234 0.06916334480047226 -0.019875068217515945 0.9974079132080078 -532.9439697265625
* 0.9968592524528503 -0.020301001146435738 -0.07647373527288437 -126.56167602539063 0.021096155047416687 0.9997571110725403 0.0070196520537137985 50.63808059692383 0.07630689442157745 -0.008635471574962139 0.9970475435256958 -533.3619995117188
* 0.9961860775947571 -0.004769856575876474 -0.08705897629261017 -126.06513977050781 0.004643481224775314 0.9999858140945435 -0.003917195368558168 54.2422981262207 0.08707110583782196 0.003473366145044565 0.9961966276168823 -530.3115844726563
* 0.9966214895248413 -0.005355560686439276 -0.08188832551240921 -125.80919647216797 0.004196590278297663 0.9998556971549988 -0.016722422093153 57.317955017089844 0.08196074515581131 0.01629767008125782 0.9965029358863831 -531.9586791992188
* 0.9973233938217163 -0.005715819075703621 -0.07281572371721268 -125.55134582519531 0.005180005449801683 0.999938428401947 -0.010249597020447254 58.9898567199707 0.07286446541547775 0.009820360690355301 0.9972941875457764 -533.8764038085938
* 0.9956138730049133 -0.005439465399831533 -0.09333885461091995 -124.48698425292969 0.006068920250982046 0.9999764561653137 0.004348986316472292 61.205543518066406 0.09330768883228302 -0.004921027924865484 0.9956258535385132 -531.8252563476563
* 0.9981549978256226 -0.0046238768845796585 -0.06044812127947807 -125.89472961425781 0.004970650188624859 0.9999892711639404 0.0023261248134076595 64.52706146240234 0.0604313425719738 -0.002646947745233774 0.9981695413589478 -536.8483276367188
* 0.9951687455177307 -0.008628456853330135 -0.09774179756641388 -125.55547332763672 0.010143795982003212 0.9998684525489807 0.012997879646718502 64.9962387084961 0.09761136770248413 -0.013951204717159271 0.9951275587081909 -531.3137817382813
* 0.9959983229637146 0.004451800137758255 -0.0891980305314064 -126.68572998046875 -0.006057058926671743 0.9997871518135071 -0.019944455474615097 64.79690551757813 0.08908519893884659 0.020380273461341858 0.9958162307739258 -531.9849243164063
* 0.9972876906394958 0.002472980646416545 -0.07348387688398361 -127.31156921386719 -0.0028851900715380907 0.9999666810035706 -0.008185787126421928 64.87533569335938 0.07345601916313171 0.008350929245352745 0.9972642660140991 -531.834716796875
* 0.9987607598304749 -0.006614844314754009 -0.049211833626031876 -128.41717529296875 0.006192987784743309 0.999904215335846 -0.012719588354229927 65.8072738647461 0.04928581789135933 0.012374447658658028 0.9987088441848755 -534.8532104492188
* 0.9973266124725342 -4.3724069837480783E-4 -0.07299458235502243 -128.36463928222656 -0.0018747118301689625 0.9994140267372131 -0.034300439059734344 66.41602325439453 0.07296163588762283 0.03432099521160126 0.9967448115348816 -533.8970947265625
* 0.9975919127464294 0.0023726150393486023 -0.06923510134220123 -128.25070190429688 -0.00274135684594512 0.9999678134918213 -0.008077865466475487 68.81999969482422 0.0692085549235344 0.008223535493016243 0.9975690841674805 -532.5799560546875
* 0.9963996410369873 -0.00660374341532588 -0.08445755392313004 -128.78614807128906 0.006672176998108625 0.9999803304672241 -0.001805625855922699 71.34758758544922 0.0844624862074852 0.0012109838426113129 0.9964267015457153 -533.6448974609375
* 0.9979755282402039 -0.003056545741856098 -0.06343793869018555 -128.7244415283203 0.0020869073923677206 0.9998319149017334 -0.018448960036039352 72.32955932617188 0.06347841024398804 0.01825462281703949 0.9978170394897461 -533.9974365234375
* 0.9967135190963745 0.004466161597520113 -0.0808144211769104 -129.67823791503906 -0.006382449064403772 0.9996480941772461 -0.02590974234044552 70.79703521728516 0.08066525310277939 0.026315782219171524 0.9963945150375366 -535.138427734375
* 0.9963017106056213 0.0036282932851463556 -0.08578130602836609 -128.86282348632813 -0.002430603839457035 0.9999319911003113 0.01176748052239418 68.74707794189453 0.08581307530403137 -0.01154014840722084 0.9962450861930847 -531.019287109375
* 0.9973256587982178 0.0021305372938513756 -0.07297702878713608 -128.79994201660156 -0.002021471969783306 1.0000015497207642 -0.0011311023263260722 66.94462585449219 0.07296959310770035 0.0012509486405178905 0.9973340034484863 -531.5595092773438
* 0.9974595904350281 -0.005972655490040779 -0.07090435922145844 -128.7357940673828 0.006229483988136053 0.9999845623970032 6.215389585122466E-4 65.5245361328125 0.07089419662952423 -0.0010862606577575207 0.9974838495254517 -532.4654541015625
* 0.9972037672996521 0.00491638109087944 -0.07449402660131454 -127.8450698852539 -0.008338057436048985 0.9988000988960266 -0.04834328964352608 65.00818634033203 0.07416196167469025 0.04880470782518387 0.9960517883300781 -532.3184814453125
