#
#
#
#
#
#
#
#
#
#
#
#
#
#
#
#
#
#
#
#
#
#
#
#
#
#
#
#
#
#
#
#
#
#
#
#
#
#
#
#
#
#
#
#
#
#
#
#
#
#
#
#
#
#
#
#
#
#
#
#
#
#
#
#
#
#
#
#
#
#
#
* 0.9826578497886658 -0.15635338425636292 -0.09971308708190918 -78.23013305664063 0.16215740144252777 0.9853302240371704 0.05315430089831352 -14.787866592407227 0.08993921428918839 -0.06840124726295471 0.9935956597328186 -253.58921813964844
* 0.9853946566581726 -0.153994619846344 -0.07272299379110336 -68.05842590332031 0.15811334550380707 0.9858879446983337 0.054965924471616745 -20.860288619995117 0.06323204189538956 -0.06566115468740463 0.995836615562439 -253.2514190673828
* 0.9880726933479309 -0.1406857967376709 -0.0626523345708847 -61.13705062866211 0.14414499700069427 0.9880313277244568 0.05488158389925957 -24.804086685180664 0.05418119952082634 -0.06325757503509521 0.9965256452560425 -252.74969482421875
* 0.9896568059921265 -0.14020635187625885 -0.03044479712843895 -59.061981201171875 0.1420959234237671 0.9871070981025696 0.07364659756422043 -25.72032356262207 0.019726350903511047 -0.07721047848463058 0.9968198537826538 -253.6439971923828
* 0.9901030659675598 -0.13706329464912415 -0.0302492193877697 -59.726036071777344 0.1390255242586136 0.9872320890426636 0.07772040367126465 -23.739328384399414 0.019210191443562508 -0.0811561867594719 0.9965164661407471 -254.06980895996094
* 0.9901725053787231 -0.13308300077915192 -0.04304332658648491 -60.12263107299805 0.13578243553638458 0.9884071350097656 0.06789831817150116 -21.3483829498291 0.03350801393389702 -0.07307513058185577 0.9967635869979858 -252.8632049560547
* 0.9899912476539612 -0.13126973807811737 -0.051875464618206024 -59.81463623046875 0.13473255932331085 0.9883708953857422 0.0704687312245369 -19.028076171875 0.04202158749103546 -0.07675229758024216 0.9961643815040588 -252.45375061035156
* 0.9904564619064331 -0.13044285774230957 -0.04456379637122154 -58.401493072509766 0.1329842507839203 0.9892830848693848 0.06024909019470215 -16.568891525268555 0.03622693940997124 -0.0655999481678009 0.997188150882721 -252.57337951660156
* 0.9901344180107117 -0.13055236637592316 -0.050943147391080856 -58.04655456542969 0.13395459949970245 0.988459587097168 0.07070711255073547 -14.056434631347656 0.04112405702471733 -0.07683318853378296 0.9961954951286316 -252.13629150390625
* 0.9893462657928467 -0.13446535170078278 -0.055841196328401566 -58.361083984375 0.13853707909584045 0.987338662147522 0.07723677903413773 -12.918596267700195 0.04474830627441406 -0.08414957672357559 0.9954479336738586 -251.5360565185547
* 0.9903903007507324 -0.13108442723751068 -0.044149477034807205 -57.58631896972656 0.13342967629432678 0.9894951581954956 0.05560098588466644 -10.815241813659668 0.03639707714319229 -0.06095711886882782 0.9974765181541443 -252.0650177001953
* 0.9898782968521118 -0.13104288280010223 -0.05453366041183472 -57.62545394897461 0.13435111939907074 0.9889563322067261 0.06253492087125778 -7.526368618011475 0.04573647305369377 -0.06922822445631027 0.9965518116950989 -251.52670288085938
* 0.989029049873352 -0.1337287724018097 -0.06279569119215012 -56.9139289855957 0.1374887377023697 0.9886687397956848 0.06022035330533981 -5.617546558380127 0.054030779749155045 -0.0681929811835289 0.9962080717086792 -250.08023071289063
* 0.9878847002983093 -0.135017529129982 -0.07654650509357452 -56.91819381713867 0.14071950316429138 0.9872038960456848 0.07498029619455338 -4.422245025634766 0.06544318795204163 -0.08484307676553726 0.9942430257797241 -249.8566436767578
* 0.9884473085403442 -0.13564714789390564 -0.06765523552894592 -58.1005744934082 0.14013659954071045 0.9878615140914917 0.06698305159807205 -3.6832799911499023 0.05774777755141258 -0.07568978518247604 0.9954580664634705 -250.0220184326172
* 0.9881097078323364 -0.13905373215675354 -0.0656411424279213 -59.1200065612793 0.1435963362455368 0.9871026277542114 0.07073834538459778 -3.2849931716918945 0.05495794862508774 -0.07932265102863312 0.995333194732666 -250.15469360351563
* 0.9890612959861755 -0.13773185014724731 -0.0528494156897068 -60.183231353759766 0.14078105986118317 0.9882516264915466 0.059454020112752914 -1.6933376789093018 0.04403964430093765 -0.06624346226453781 0.9968313574790955 -250.9415283203125
* 0.9878690242767334 -0.13909874856472015 -0.06907695531845093 -60.85967254638672 0.143402099609375 0.9877139329910278 0.06206841766834259 0.611507773399353 0.059594471007585526 -0.07122085243463516 0.9956789016723633 -249.8743438720703
* 0.9878301024436951 -0.14077650010585785 -0.06617163866758347 -62.16914749145508 0.1444459706544876 0.9880006313323975 0.054639674723148346 2.6641829013824463 0.057685498148202896 -0.06353256106376648 0.9963114857673645 -249.9027862548828
* 0.9878799319267273 -0.14107850193977356 -0.06476956605911255 -63.90605163574219 0.14452245831489563 0.9881194829940796 0.0522339902818203 5.245543003082275 0.05663084238767624 -0.060961175709962845 0.9965326189994812 -250.08299255371094
* 0.9878045320510864 -0.14412754774093628 -0.058944862335920334 -66.26513671875 0.14764995872974396 0.9871638417243958 0.06084510684013367 8.357129096984863 0.04941865801811218 -0.06880587339401245 0.9964056015014648 -250.440185546875
* 0.9872918128967285 -0.14714154601097107 -0.06007764860987663 -70.04413604736328 0.15101605653762817 0.9862997531890869 0.06634671986103058 12.883729934692383 0.049492087215185165 -0.07457586377859116 0.9959866404533386 -251.42547607421875
* 0.9859688878059387 -0.14789466559886932 -0.07744317501783371 -79.20665740966797 0.1525549441576004 0.9865665435791016 0.05838080868124962 19.121231079101563 0.06776853650808334 -0.06937561184167862 0.9952862858772278 -254.78025817871094
#
#
#
#
#
#
#
#
#
#
#
#
#
#
#
#
#
#
#
#
#
#
#
#
#
#
#
#
#
#
#
#
#
#
#
#
#
#
#
#
#
#
#
#
#
#
#
#
#
#
#
#
#
#
#
#
#
#
#
#
#
#
#
#
#
#
#
#
#
#
#
#
#
#
#
#
#
#
#
#
#
#
#
#
#
#
#
#
#
#
#
#
#
#
#
#
#
#
#
#
#
#
#
#
#
#
#
#
#
#
#
#
#
#
#
#
#
#
#
#
#
#
#
#
#
#
#
#
#
#
#
#
#
#
#
#
#
#
#
#
#
#
#
#
#
#
#
#
#
#
#
#
#
#
#
#
#
#
#
#
#
#
#
#
#
#
#
#
#
#
#
#
#
#
#
#
#
#
#
#
#
#
#
#
#
#
#
#
#
#
#
#
#
#
#
#
#
#
#
#
#
#
#
#
#
#
#
#
#
#
#
#
#
#
#
#
#
#
#
#
#
#
#
#
#
#
#
#
#
#
#
#
#
#
#
#
#
#
#
#
#
#
#
#
#
#
#
#
#
#
#
#
#
#
#
#
#
#
#
#
#
#
#
#
#
#
#
#
#
#
#
#
#
#
#
#
#
#
#
#
#
#
#
#
#
#
#
#
#
#
#
* 0.9987865090370178 -0.04639894515275955 0.015973124653100967 -144.04815673828125 0.0456131286919117 0.9966437220573425 0.06812793016433716 117.12724304199219 -0.019082119688391685 -0.06728806346654892 0.997550904750824 -473.50750732421875
* 0.9988457560539246 -0.04760967195034027 0.004792919382452965 -145.7835693359375 0.047805581241846085 0.9981920123100281 0.03671657294034958 102.20201873779297 -0.006533816456794739 -0.03641648218035698 0.9993151426315308 -470.8529357910156
* 0.9996936321258545 -0.00845628697425127 -0.02288420870900154 -150.13929748535156 0.0076871877536177635 0.998688280582428 -0.05082748085260391 91.49297332763672 0.023281298577785492 0.05066431686282158 0.998444139957428 -471.0897521972656
* 0.9978162050247192 -0.03033660538494587 -0.058521419763565063 -150.46798706054688 0.032419607043266296 0.9990932941436768 0.027971463277935982 83.31211853027344 0.05761774629354477 -0.029779085889458656 0.997894287109375 -461.30126953125
* 0.9981522560119629 -0.013889485970139503 -0.059002701193094254 -150.21229553222656 0.01311945728957653 0.9997197985649109 -0.020222093909978867 79.82653045654297 0.05926443263888359 0.01943907141685486 0.9980528354644775 -460.9534606933594
* 0.9970865249633789 -0.02078625001013279 -0.0732707604765892 -146.9770050048828 0.019256312400102615 0.9994606375694275 -0.0269903726875782 79.0537338256836 0.0737898126244545 0.025529231876134872 0.9969468116760254 -461.20672607421875
* 0.9998611807823181 -0.015528365038335323 -0.00432209949940443 -145.20596313476563 0.01582225039601326 0.9995914697647095 -0.0242351982742548 75.6310043334961 0.004694211296737194 0.02419186197221279 0.9996961355209351 -470.90185546875
* 0.9989314079284668 -0.027400176972150803 -0.03697935491800308 -143.53448486328125 0.028812918812036514 0.9992291927337646 0.0270500760525465 67.03458404541016 0.036207541823387146 -0.02805812656879425 0.998950183391571 -468.2997741699219
* 0.9954881072044373 -0.016159718856215477 -0.09340564906597137 -152.02320861816406 0.0150387492030859 0.9997527599334717 -0.016997167840600014 60.00199508666992 0.09365462511777878 0.015544209629297256 0.9954832196235657 -466.17523193359375
* 0.9951964020729065 -0.0334416888654232 -0.09191322326660156 -160.490478515625 0.03020896390080452 0.9987263083457947 -0.040669288486242294 54.63040542602539 0.09315400570631027 0.037725746631622314 0.9949365854263306 -469.0472412109375
#
#
#
* 0.9988885521888733 -0.04508765786886215 -0.013919081538915634 -184.91297912597656 0.04514014720916748 0.998948335647583 0.007642213720828295 -14.989740371704102 0.013561634346842766 -0.008267932571470737 0.9998740553855896 -464.39056396484375
* 0.9990134239196777 -0.04158731549978256 -0.015738870948553085 -186.84059143066406 0.041484586894512177 0.9991307854652405 -0.003232425544410944 -12.57989501953125 0.015861395746469498 0.002570423064753413 0.999871015548706 -462.5021057128906
* 0.9996932744979858 -0.024866675958037376 -3.718542866408825E-4 -185.95748901367188 0.024779241532087326 0.9990071654319763 -0.036936547607183456 -12.015106201171875 0.0012918311404064298 0.03691016510128975 0.9993178844451904 -459.5850524902344
* 0.9984831213951111 -0.054912589490413666 0.0046018692664802074 -184.8055419921875 0.054700806736946106 0.9980822801589966 0.02886602282524109 -13.281779289245605 -0.006176476366817951 -0.028576452285051346 0.9995726943016052 -462.3512268066406
* 0.9977498054504395 -0.04150807484984398 -0.05270158499479294 -180.57925415039063 0.04161665588617325 0.9991284012794495 0.002043689601123333 -13.242783546447754 0.052572622895240784 -0.004238266497850418 0.9986082315444946 -462.3719787597656
* 0.9986511468887329 -0.030490770936012268 -0.04208381846547127 -175.65771484375 0.029129119589924812 0.9990829825401306 -0.03127957135438919 -10.773831367492676 0.04300084710121155 0.03000565432012081 0.9986244440078735 -462.6060485839844
* 0.9991286993026733 -0.029108252376317978 -0.02998899109661579 -173.51348876953125 0.029213398694992065 0.9995576739311218 0.0049755931831896305 -6.0749831199646 0.02983277477324009 -0.005853226408362389 0.9995378255844116 -468.32232666015625
* 0.9950471520423889 -0.0363093800842762 0.09256105124950409 -174.46485900878906 0.0338025838136673 0.9990358948707581 0.02790123224258423 2.3060638904571533 -0.09348313510417938 -0.0246401559561491 0.9953160285949707 -482.16314697265625
* 0.9906519651412964 -0.0551912747323513 0.12476913630962372 -172.82073974609375 0.04517302289605141 0.9956617951393127 0.08130581676959991 14.71546459197998 -0.12871360778808594 -0.07491553574800491 0.9888482093811035 -483.38812255859375
* 0.9944547414779663 -0.03787040337920189 0.09813528507947922 -169.88446044921875 0.036432135850191116 0.9992074966430664 0.01583128795027733 28.468008041381836 -0.0986553430557251 -0.012174094095826149 0.9950474500656128 -481.93359375
* 0.9995766282081604 -0.02512802928686142 -0.014835123904049397 -162.47348022460938 0.024648817256093025 0.9993007779121399 -0.028000792488455772 38.80986785888672 0.015530253760516644 0.027617458254098892 0.999498188495636 -473.1408996582031
* 0.9974560141563416 -0.024389347061514854 -0.06701760739088058 -152.97222900390625 0.02145664393901825 0.9988284111022949 -0.04330206662416458 47.98546600341797 0.06799716502428055 0.04174814745783806 0.9968118071556091 -468.07574462890625
* 0.9937983155250549 -0.016940539702773094 -0.10992082953453064 -141.8074188232422 0.01655731350183487 0.999852180480957 -0.003881756216287613 54.09016418457031 0.10997237265110016 0.0020318664610385895 0.9939327239990234 -464.36968994140625
* 0.9938228726387024 -0.020402394235134125 -0.10910703241825104 -130.83203125 0.014059940353035927 0.998210072517395 -0.05807187035679817 59.90835189819336 0.11009861528873444 0.056173354387283325 0.9923321604728699 -466.16900634765625
* 0.9897657632827759 -0.029182644560933113 -0.13970188796520233 -117.98373413085938 0.02564283274114132 0.9993121027946472 -0.026667170226573944 64.41478729248047 0.14038603007793427 0.022806068882346153 0.9898343086242676 -462.54052734375
* 0.9862047433853149 -0.028158700093626976 -0.1631307452917099 -106.12113952636719 0.01671478897333145 0.9973500967025757 -0.07076015323400497 70.74633026123047 0.16469305753707886 0.06705153733491898 0.9840632677078247 -467.8745422363281
* 0.9738182425498962 -0.013481492176651955 -0.22693753242492676 -89.38907623291016 -0.005242609418928623 0.996660053730011 -0.0814545750617981 73.04784393310547 0.22727996110916138 0.08050598204135895 0.9704961776733398 -460.431640625
* 0.9852918386459351 -0.015332545153796673 -0.17020347714424133 -75.39421844482422 -0.007998621091246605 0.9907797574996948 -0.13522301614284515 74.62896728515625 0.17070966958999634 0.13458989560604095 0.9760860800743103 -465.1622619628906
* 0.985236644744873 -0.019388025626540184 -0.17010930180549622 -63.05998229980469 0.0027662543579936028 0.9952695965766907 -0.09707991033792496 73.00682830810547 0.17118893563747406 0.09517042338848114 0.9806309938430786 -459.0224914550781
* 0.9887169599533081 -0.007930952124297619 -0.1496008038520813 -55.527870178222656 0.002658669836819172 0.999379575252533 -0.035030800849199295 71.270751953125 0.14978793263435364 0.03423203155398369 0.9881255030632019 -453.5880432128906
* 0.9913132786750793 -0.010967363603413105 -0.13108065724372864 -53.718345642089844 0.0027061812579631805 0.9980315566062927 -0.0626056119799614 70.6907958984375 0.13151134550571442 0.06170130521059036 0.9893926978111267 -455.4776611328125
* 0.9898574352264404 -0.012554238550364971 -0.14152397215366364 -56.89866638183594 0.00814774539321661 0.9994745254516602 -0.031272582709789276 70.91043090820313 0.1418442726135254 0.02979651279747486 0.9894404411315918 -457.2475891113281
* 0.9869455695152283 -0.010662556625902653 -0.16071373224258423 -63.38225555419922 0.006250707898288965 0.999596893787384 -0.027579862624406815 71.90496826171875 0.1609451025724411 0.026209477335214615 0.9866152405738831 -457.2345886230469
* 0.9771714210510254 -0.010653946548700333 -0.21219460666179657 -72.74890899658203 0.003284190781414509 0.9993862509727478 -0.03478642925620079 71.10480499267578 0.21243710815906525 0.03328966349363327 0.9766074419021606 -454.76800537109375
* 0.9781555533409119 -0.013658772222697735 -0.2074347585439682 -86.43478393554688 0.009702949784696102 0.9997537136077881 -0.019802439957857132 70.2887191772461 0.20765623450279236 0.017351362854242325 0.9780479073524475 -457.0006408691406
* 0.9544550180435181 -0.0036113751120865345 -0.2983396649360657 -104.95497131347656 -0.008450908586382866 0.9992026686668396 -0.03894142806529999 68.91596984863281 0.2982446551322937 0.03968336060643196 0.9536640644073486 -458.999755859375
#
#
* 0.9789745211601257 -0.0310528464615345 -0.20160667598247528 -169.1090850830078 0.03521576151251793 0.9992330074310303 0.017106467857956886 67.0189437866211 0.20092125236988068 -0.02384570799767971 0.9793169498443604 -454.8775329589844
* 0.9914840459823608 -0.030141714960336685 -0.12669441103935242 -186.85003662109375 0.029546158388257027 0.9995415210723877 -0.006558239459991455 69.11459350585938 0.1268344521522522 0.0027598715387284756 0.9919198751449585 -458.29547119140625
#
#
#
#
#
#
#
* 0.9983763694763184 -0.05683830752968788 -0.0029827847611159086 -193.23814392089844 0.05689241737127304 0.9983160495758057 0.011510342359542847 76.23524475097656 0.0023202234879136086 -0.011665198020637035 0.9999297857284546 -454.15716552734375
* 0.9981405735015869 -0.04682319983839989 -0.038961008191108704 -189.44276428222656 0.046178337186574936 0.9987752437591553 -0.017876990139484406 73.99889373779297 0.039747126400470734 0.0160407405346632 0.9990814924240112 -451.1537170410156
* 0.9987949728965759 -0.03598952665925026 -0.033292584121227264 -186.4192657470703 0.03512398153543472 0.9990226626396179 -0.02690686285495758 72.67485046386719 0.034225255250930786 0.025701206177473068 0.9990841150283813 -455.8687438964844
* 0.9983890652656555 -0.02147562801837921 -0.05247038975358009 -180.814453125 0.01786828599870205 0.9974788427352905 -0.0687069445848465 68.95487213134766 0.05381055921316147 0.06765484064817429 0.9962570667266846 -463.9342346191406
* 0.9933239221572876 -0.04963737353682518 -0.10410963743925095 -168.11831665039063 0.048467617481946945 0.9987292289733887 -0.013959736563265324 61.450706481933594 0.10466712713241577 0.008816752582788467 0.994468629360199 -459.4581298828125
* 0.992403507232666 -0.03865765780210495 -0.11677271127700806 -155.76773071289063 0.035505883395671844 0.9989462494850159 -0.029149219393730164 54.393959045410156 0.11777342855930328 0.02477782405912876 0.9927316904067993 -454.78863525390625
* 0.9973733425140381 -0.03568660095334053 -0.06299170851707458 -148.3115234375 0.034747637808322906 0.9992650151252747 -0.016304969787597656 50.999141693115234 0.06352415680885315 0.01406946312636137 0.9978815317153931 -457.5262756347656
* 0.9966298341751099 -0.0378962866961956 -0.07271840423345566 -142.8037567138672 0.03742663934826851 0.9992681741714478 -0.008128843270242214 48.23837661743164 0.07297011464834213 0.005375977605581284 0.9973200559616089 -452.7431640625
* 0.9971038103103638 -0.041666075587272644 -0.06358522176742554 -142.7572021484375 0.04300751909613609 0.9988862872123718 0.019504735246300697 49.24555969238281 0.06269855797290802 -0.022186771035194397 0.9977862238883972 -453.80902099609375
* 0.9983898401260376 -0.04282788932323456 -0.0371292345225811 -146.47702026367188 0.043317366391420364 0.9989930987358093 0.011844816617667675 52.61594009399414 0.0365813672542572 -0.013437958434224129 0.9992406964302063 -457.1547546386719
* 0.9990178942680359 -0.0398188941180706 -0.0193081833422184 -149.99606323242188 0.03989575803279877 0.9992029070854187 0.0024009249173104763 57.72306823730469 0.01919401064515114 -0.0031727575697004795 0.9998112320899963 -458.7343444824219
* 0.9982720017433167 -0.04180479049682617 -0.04123590886592865 -150.9190673828125 0.04183347895741463 0.9991262555122375 -7.308447384275496E-4 62.5850715637207 0.041227273643016815 -9.993299609050155E-4 0.9991497993469238 -454.7473449707031
* 0.99941086769104 -0.03207655996084213 -0.012002079747617245 -154.16636657714844 0.03190813958644867 0.9993674755096436 -0.015830323100090027 67.5744400024414 0.012499109841883183 0.015434147790074348 0.9998032450675964 -458.52557373046875
* 0.9977758526802063 -0.036021824926137924 -0.05604393035173416 -153.49420166015625 0.036421071738004684 0.9993222951889038 0.005702773109078407 70.02626037597656 0.05579739063978195 -0.007735159248113632 0.9984126687049866 -452.9974670410156
* 0.9988182187080383 -0.03041723370552063 -0.03784164413809776 -154.038818359375 0.0292240921407938 0.9990532398223877 -0.03229028731584549 71.66111755371094 0.03878486156463623 0.031142376363277435 0.9987626671791077 -454.7511291503906
* 0.9981211423873901 -0.034029051661491394 -0.050902996212244034 -151.66351318359375 0.03275780752301216 0.9991257786750793 -0.026051441207528114 72.83075714111328 0.051741860806941986 0.024331163614988327 0.9983645081520081 -451.8721008300781
* 0.9971987009048462 -0.04245282709598541 -0.06154186651110649 -149.7799072265625 0.042293962091207504 0.9990982413291931 -0.004259374924004078 74.3729476928711 0.061664026230573654 0.0016407319344580173 0.9980960488319397 -451.953857421875
* 0.9974606037139893 -0.03859890624880791 -0.05981145426630974 -146.67506408691406 0.03745879977941513 0.9990909695625305 -0.02045123279094696 73.32273864746094 0.060543328523635864 0.018154971301555634 0.9980008602142334 -450.360107421875
* 0.9979990720748901 -0.028212375938892365 -0.056541018187999725 -145.03488159179688 0.0275515578687191 0.9995399713516235 -0.01284093502908945 73.15287017822266 0.05687418580055237 0.011253539472818375 0.9983183145523071 -453.128173828125
* 0.9986440539360046 -0.030692094936966896 -0.0419880747795105 -142.67579650878906 0.029840940609574318 0.9993298053741455 -0.021294884383678436 71.64965057373047 0.04261040687561035 0.020009158179163933 0.9988917708396912 -451.94110107421875
* 0.9968129992485046 -0.03813018649816513 -0.0700361505150795 -140.1280975341797 0.0393482930958271 0.999103307723999 0.015760593116283417 69.41580200195313 0.06936927884817123 -0.01847006566822529 0.9974204897880554 -448.6048583984375
* 0.9969809055328369 -0.04154617339372635 -0.06555995345115662 -138.04043579101563 0.04286646097898483 0.9989115595817566 0.01850210875272751 66.57394409179688 0.06471677869558334 -0.02126048132777214 0.9976776242256165 -449.27996826171875
* 0.995384156703949 -0.0340612530708313 -0.08969593793153763 -135.5513458251953 0.03291179984807968 0.9993547797203064 -0.01452118530869484 64.27011108398438 0.09012962132692337 0.01149819791316986 0.9958641529083252 -448.6727294921875
* 0.9968442320823669 -0.028118116781115532 -0.07420361042022705 -133.25767517089844 0.027646204456686974 0.9995902180671692 -0.007691558450460434 63.18113327026367 0.07438644021749496 0.005611909553408623 0.9972141981124878 -449.82403564453125
* 0.9970690608024597 -0.026957610622048378 -0.0715666264295578 -132.85629272460938 0.02729620784521103 0.9996235966682434 0.003432095516473055 62.22677230834961 0.07144412398338318 -0.005379476584494114 0.9974306225776672 -450.68243408203125
* 0.9977375268936157 -0.03533049672842026 -0.05715545639395714 -133.9066619873047 0.03643202409148216 0.9991772770881653 0.01793421246111393 61.19765090942383 0.056471724063158035 -0.01997986249625683 0.99820476770401 -451.8673095703125
* 0.996716320514679 -0.038037534803152084 -0.07144787162542343 -134.22824096679688 0.037608131766319275 0.9992653131484985 -0.00767126027494669 60.17377471923828 0.0716840848326683 0.004955147858709097 0.9974156022071838 -449.0921630859375
* 0.9975969195365906 -0.02924746461212635 -0.06276951730251312 -135.8672332763672 0.029365181922912598 0.9995707869529724 5.828306311741471E-4 60.25519943237305 0.06272246688604355 -0.002428611507639289 0.9980285167694092 -448.9040222167969
* 0.9990049004554749 -0.03005310893058777 -0.03287896513938904 -138.9525909423828 0.029640955850481987 0.9994696378707886 -0.013651298359036446 62.117549896240234 0.033268701285123825 0.012659220956265926 0.9993667006492615 -455.2069396972656
* 0.997969925403595 -0.03702772781252861 -0.051768913865089417 -137.604736328125 0.03753918781876564 0.9992613792419434 0.008489132858812809 62.180503845214844 0.05141323804855347 -0.010419188998639584 0.9986235499382019 -451.60357666015625
* 0.9987897872924805 -0.038206979632377625 -0.03089059703052044 -137.24472045898438 0.03791717439889908 0.9992262721061707 -0.010659594088792801 62.730682373046875 0.03127085044980049 0.009471499361097813 0.9994664788246155 -455.0062561035156
* 0.9976717233657837 -0.02271183766424656 -0.06426755338907242 -134.7288055419922 0.021536987274885178 0.9995844960212708 -0.019274238497018814 60.70167541503906 0.06467556953430176 0.017841264605522156 0.9977472424507141 -449.2266540527344
* 0.9987137317657471 -0.0308125801384449 -0.040204986929893494 -135.13015747070313 0.030741803348064423 0.9995253682136536 -0.0029560583643615246 60.6787223815918 0.04027389734983444 0.0017123282887041569 0.9991875886917114 -452.43084716796875
* 0.99830162525177 -0.02882351726293564 -0.05057607218623161 -134.38182067871094 0.028512263670563698 0.9995689988136292 -0.007323661353439093 60.62947463989258 0.05076229199767113 0.005865229293704033 0.9986939430236816 -451.78631591796875
* 0.9973686337471008 -0.02328881435096264 -0.06861773878335953 -133.65090942382813 0.02386859431862831 0.9996908903121948 0.007301740814000368 59.99163055419922 0.06842343509197235 -0.008924315683543682 0.9976168274879456 -449.2966613769531
* 0.9967881441116333 -0.02892845682799816 -0.07464142888784409 -132.5435791015625 0.02922368049621582 0.9995720386505127 0.002553553320467472 58.52667999267578 0.07453256100416183 -0.004730613902211189 0.9972077012062073 -448.1056823730469
* 0.998170793056488 -0.030459219589829445 -0.05217377096414566 -131.0645294189453 0.03117114119231701 0.9994390606880188 0.01243631448596716 56.867706298828125 0.05176262557506561 -0.014043847098946571 0.9985610246658325 -450.05572509765625
* 0.9980113506317139 -0.02123105525970459 -0.05930805951356888 -131.14498901367188 0.021092545241117477 0.9997743368148804 -0.003351716324687004 55.46269226074219 0.059362806379795074 0.002090106252580881 0.9982346892356873 -454.13006591796875
* 0.9962326884269714 -0.025128301233053207 -0.08297014236450195 -130.8505859375 0.02483213134109974 0.9996821880340576 -0.004879631567746401 54.23941421508789 0.08306336402893066 0.0027969591319561005 0.9965407848358154 -452.320556640625
* 0.9954625368118286 -0.033464573323726654 -0.08904723078012466 -130.8347625732422 0.03975820168852806 0.9967848658561707 0.06960035115480423 55.18161392211914 0.0864286795258522 -0.07282886654138565 0.9935928583145142 -453.1998596191406
* 0.9954553246498108 -0.031074678525328636 -0.08998846262693405 -131.53456115722656 0.0337628573179245 0.9990332126617432 0.028244532644748688 55.670467376708984 0.08902069181203842 -0.031158404424786568 0.9955426454544067 -452.91046142578125
* 0.998928964138031 -0.01800251193344593 -0.042564649134874344 -136.19332885742188 0.0177693422883749 0.9998242259025574 -0.0063940491527318954 59.764305114746094 0.04266922548413277 0.005626847967505455 0.9990737438201904 -462.24761962890625
* 0.9972596168518066 -0.03587178885936737 -0.06466317921876907 -135.35604858398438 0.03727087378501892 0.9991036653518677 0.02019665390253067 61.007659912109375 0.06387761235237122 -0.022555319592356682 0.9977031350135803 -457.8748779296875
* 0.9961461424827576 -0.037039369344711304 -0.07947179675102234 -133.68377685546875 0.03945036232471466 0.9988122582435608 0.028687328100204468 59.19154739379883 0.07831171900033951 -0.03171591833233833 0.9964246153831482 -453.2508850097656
* 0.9955341815948486 -0.02296731062233448 -0.0915374606847763 -136.34152221679688 0.02603285014629364 0.9991455674171448 0.03218136355280876 58.20963668823242 0.09071706980466843 -0.034424636512994766 0.9952819347381592 -454.2294921875
* 0.9973582625389099 -0.028175273910164833 -0.06691522896289825 -140.5468292236328 0.028637437149882317 0.9995766878128052 0.005609095096588135 57.902244567871094 0.06672579050064087 -0.00751454895362258 0.9977434873580933 -457.31878662109375
* 0.9968267679214478 -0.020123988389968872 -0.07698392122983932 -141.2863311767578 0.02237584814429283 0.999354362487793 0.028197405859827995 56.13873291015625 0.07636372745037079 -0.029834531247615814 0.9966339468955994 -453.13531494140625
* 0.9979091286659241 -0.022047102451324463 -0.060716550797224045 -146.85647583007813 0.022418882697820663 0.999738335609436 0.005065585486590862 55.98556900024414 0.060585927218198776 -0.0064202104695141315 0.9981427192687988 -458.9602355957031
* 0.9960727095603943 -0.020444637164473534 -0.08611826598644257 -148.6678009033203 0.02127513848245144 0.9997403025627136 0.008466692641377449 54.20630645751953 0.08591976016759872 -0.010269653052091599 0.9962495565414429 -452.0183410644531
* 0.9988267421722412 -0.02444394864141941 -0.041746582835912704 -151.18971252441406 0.024126451462507248 0.9996739625930786 -0.008646611124277115 53.47288513183594 0.04194125160574913 0.007625256665050983 0.999091386795044 -456.7291564941406
* 0.9976885914802551 -0.014893139712512493 -0.06626324355602264 -148.6824951171875 0.014429444447159767 0.9998677372932434 -0.007820358499884605 51.64055252075195 0.06636791676282883 0.006842094007879496 0.9977721571922302 -451.379150390625
* 0.9990504384040833 -0.02822270058095455 -0.03312080353498459 -150.5 0.028622200712561607 0.99953293800354 0.010939901694655418 51.8881950378418 0.03279349207878113 -0.011881534941494465 0.9993919134140015 -456.89569091796875
* 0.9964290857315063 -0.03542717173695564 -0.07661082595586777 -149.39251708984375 0.03825049474835396 0.9986436367034912 0.035394687205553055 50.67943572998047 0.07524987310171127 -0.03820271044969559 0.9964330196380615 -450.9796447753906
* 0.9976859092712402 -0.01937779411673546 -0.0651354268193245 -150.05645751953125 0.0190427303314209 0.9998024702072144 -0.006117587443441153 51.160301208496094 0.06523808091878891 0.004859028849750757 0.9978583455085754 -455.5325622558594
* 0.9979931712150574 -0.013099734671413898 -0.06191442161798477 -149.10891723632813 0.011712221428751945 0.999667227268219 -0.023093916475772858 52.050140380859375 0.06219334155321121 0.02231835201382637 0.9978150129318237 -457.909912109375
* 0.998547375202179 -0.025800781324505806 -0.04725241661071777 -147.80238342285156 0.02609356865286827 0.9996491074562073 0.005095661152154207 53.04173278808594 0.047101281583309174 -0.006325270049273968 0.9988705515861511 -456.1372375488281
* 0.9985203742980957 -0.036812569946050644 -0.039965685456991196 -148.03543090820313 0.039071425795555115 0.9976304173469543 0.056677184998989105 54.815704345703125 0.03778142109513283 -0.05815882980823517 0.9975926280021667 -458.1040954589844
* 0.9985514283180237 -0.03236691653728485 -0.04292904585599899 -146.242431640625 0.03313937038183212 0.9993112087249756 0.01685561239719391 54.82734680175781 0.042350802570581436 -0.018257832154631615 0.9989364743232727 -455.08990478515625
* 0.9968852400779724 -0.023999912664294243 -0.07509459555149078 -144.88429260253906 0.02413024567067623 0.999711275100708 5.192555254325271E-4 54.50505065917969 0.07505737990140915 -0.002333696000277996 0.9971769452095032 -455.1521911621094
* 0.9968127012252808 -0.02474556677043438 -0.07581138610839844 -143.4365234375 0.024374106898903847 0.9996866583824158 -0.006126885302364826 55.02797317504883 0.07593617588281631 0.004255516920238733 0.9971040487289429 -453.2490234375
* 0.9989806413650513 -0.022143738344311714 -0.039274975657463074 -144.33184814453125 0.02264479361474514 0.9996769428253174 0.011764534749090672 56.21949005126953 0.03899870067834854 -0.012645937502384186 0.9991596341133118 -457.01214599609375
* 0.9988608360290527 -0.011240740306675434 -0.04632486402988434 -144.7705078125 0.007810700684785843 0.9972257614135742 -0.07406044751405716 57.00151824951172 0.04702581465244293 0.07361022382974625 0.9961780905723572 -459.15655517578125
* 0.997270941734314 -0.030087323859333992 -0.06738582998514175 -141.8308563232422 0.031221618875861168 0.9993948936462402 0.015495811589062214 59.774269104003906 0.06687570363283157 -0.017561407759785652 0.9976071119308472 -455.0377197265625
* 0.997122049331665 -0.02713705599308014 -0.07075759768486023 -138.563720703125 0.02940881997346878 0.9990912675857544 0.030931882560253143 62.74357986450195 0.06985079497098923 -0.03292776644229889 0.9970142245292664 -453.8956604003906
* 0.9965202212333679 -0.02833300270140171 -0.07835830748081207 -136.60678100585938 0.032182805240154266 0.9983307719230652 0.048010267317295074 65.5029525756836 0.07686412334442139 -0.05036899819970131 0.9957687854766846 -453.915771484375
* 0.9975813627243042 -0.026341458782553673 -0.06428802758455276 -135.75184631347656 0.02611500583589077 0.9996503591537476 -0.0047210888005793095 66.06101989746094 0.06438681483268738 0.0030267727561295033 0.9979206919670105 -453.3948059082031
* 0.9967862963676453 -0.02007022127509117 -0.07752183824777603 -135.17835998535156 0.021272774785757065 0.9996722340583801 0.014417525380849838 65.64281463623047 0.07720399647951126 -0.01602432131767273 0.996886670589447 -452.9089050292969
* 0.9950972199440002 -0.02436109073460102 -0.09583092480897903 -133.91961669921875 0.0269269160926342 0.9993189573287964 0.02532881498336792 63.72985076904297 0.09514552354812622 -0.027789073064923286 0.9950755834579468 -450.7820129394531
* 0.9970369935035706 -0.016986839473247528 -0.07499303668737411 -135.2132110595703 0.015310374088585377 0.9996165037155151 -0.023181114345788956 63.35487747192383 0.07535499334335327 0.02196023054420948 0.9969150424003601 -453.98248291015625
* 0.9972289204597473 -0.026572339236736298 -0.06945251673460007 -138.22914123535156 0.025775350630283356 0.9995898604393005 -0.01267925277352333 62.655006408691406 0.06975781917572021 0.010849959217011929 0.9975050687789917 -455.07635498046875
* 0.9985694885253906 -0.013652865774929523 -0.051650721579790115 -140.51840209960938 0.011594846844673157 0.9991195797920227 -0.04038068652153015 62.10051727294922 0.05215347558259964 0.039719998836517334 0.9978489279747009 -456.7264404296875
* 0.9982491135597229 -0.016798235476017 -0.05667206645011902 -141.0172119140625 0.015436103567481041 0.9995759129524231 -0.02479405701160431 62.330604553222656 0.057061437517404556 0.02387181669473648 0.9980853199958801 -455.8922119140625
* 0.9972560405731201 -0.01765197142958641 -0.07186025381088257 -140.81834411621094 0.01744113862514496 0.9998428821563721 -0.003882944816723466 62.67732620239258 0.07191440463066101 0.002614933531731367 0.9974074959754944 -454.78167724609375
* 0.9966034293174744 -0.030690470710396767 -0.07638685405254364 -140.5236358642578 0.03245887532830238 0.9992398023605347 0.021710071712732315 63.17692184448242 0.07565930485725403 -0.024119757115840912 0.996842086315155 -452.7325134277344
* 0.9975640177726746 -0.02000122144818306 -0.0667920708656311 -140.2587432861328 0.01932254061102867 0.9997538328170776 -0.011138157919049263 62.82530212402344 0.0669952780008316 0.009816400706768036 0.9977051019668579 -453.5431823730469
* 0.9994174242019653 -0.02009519748389721 -0.02750042825937271 -141.51878356933594 0.019497642293572426 0.999555766582489 -0.022657591849565506 62.9030876159668 0.027940383180975914 0.022104166448116302 0.9993652701377869 -458.2816162109375
* 0.9971347451210022 -0.022468436509370804 -0.07219818234443665 -140.063720703125 0.02353208139538765 0.9996333122253418 0.013592036440968513 62.36281204223633 0.07186316698789597 -0.015256083570420742 0.9972979426383972 -452.408935546875
* 0.998497486114502 -0.027203340083360672 -0.04751594364643097 -141.29635620117188 0.026980141177773476 0.9996216893196106 -0.005820318125188351 63.5098876953125 0.04765312373638153 0.00452557485550642 0.9988538026809692 -457.3591613769531
* 0.9965584874153137 -0.00999688170850277 -0.0822569876909256 -139.4224395751953 0.008748912252485752 0.9998395442962646 -0.01579914055764675 62.22164535522461 0.08239863067865372 0.015021038241684437 0.9964863657951355 -453.56671142578125
* 0.9964430332183838 -0.015458505600690842 -0.08280842751264572 -138.00265502929688 0.01779913529753685 0.9994709491729736 0.02732067182660103 62.218727111816406 0.08233913779258728 -0.02870146371424198 0.996191143989563 -452.736083984375
* 0.9987091422080994 -0.025739392265677452 -0.04373091086745262 -137.1645050048828 0.02426595613360405 0.9991157650947571 -0.03441707789897919 63.07598876953125 0.04457493871450424 0.033307455480098724 0.9984508156776428 -455.3519287109375
* 0.9949737191200256 -0.017742829397320747 -0.09852617233991623 -135.82708740234375 0.016206882894039154 0.9997337460517883 -0.016602350398898125 63.93049621582031 0.09879136085510254 0.01491805724799633 0.9949964880943298 -453.55023193359375
* 0.9968866109848022 -0.028368597850203514 -0.07353413850069046 -134.97108459472656 0.028069671243429184 0.9995942711830139 -0.005411025136709213 64.91394805908203 0.07365462929010391 0.003326098434627056 0.9972783327102661 -453.5621032714844
* 0.9964384436607361 -0.02865225076675415 -0.07927487790584564 -133.73880004882813 0.029357757419347763 0.9995441436767578 0.007454294711351395 65.12730407714844 0.07902197539806366 -0.00975907314568758 0.9968252182006836 -451.97412109375
* 0.9972262978553772 -0.036293599754571915 -0.06494306772947311 -133.7376251220703 0.03965514525771141 0.9979204535484314 0.05087438225746155 65.66035461425781 0.06295837461948395 -0.053312551230192184 0.996591329574585 -454.07110595703125
* 0.9968528151512146 -0.039566557854413986 -0.06865979731082916 -133.04302978515625 0.04368116334080696 0.997296154499054 0.05914696305990219 64.66028594970703 0.06613066792488098 -0.06196388602256775 0.9958853125572205 -452.969482421875
* 0.9982118606567383 -0.018231941387057304 -0.056885167956352234 -133.51683044433594 0.017187701538205147 0.9996709823608398 -0.01919735223054886 63.6583366394043 0.057213328778743744 0.018181275576353073 0.9981966018676758 -454.8085021972656
* 0.9985051155090332 -0.034184686839580536 -0.042594313621520996 -134.3995361328125 0.03362907096743584 0.9993361830711365 -0.014233667403459549 63.7337646484375 0.04304943233728409 0.012775987386703491 0.9989914298057556 -456.6529846191406
* 0.9989309310913086 -0.02158822864294052 -0.04081830009818077 -135.96292114257813 0.020710395649075508 0.9995384216308594 -0.022369708865880966 62.86189270019531 0.04127923771739006 0.02149638906121254 0.9989165663719177 -459.8340759277344
* 0.9962688684463501 -0.02215568907558918 -0.08338294178247452 -134.6311492919922 0.021136967465281487 0.9996904134750366 -0.013357938267290592 60.519813537597656 0.08364994078874588 0.01154160127043724 0.9964284896850586 -453.1698913574219
* 0.9949609041213989 -0.02930295094847679 -0.09586075693368912 -133.22120666503906 0.032225336879491806 0.9990675449371338 0.028836002573370934 58.0224609375 0.09492321312427521 -0.03178383409976959 0.9949771165847778 -449.1587219238281
* 0.9983959794044495 -0.027436280623078346 -0.04947403445839882 -135.31629943847656 0.02419258840382099 0.9975646734237671 -0.06546399742364883 58.239505767822266 0.051146503537893295 0.06415804475545883 0.9966281652450562 -459.3194580078125
* 0.9964129328727722 -0.035679880529642105 -0.0767023041844368 -133.73155212402344 0.03807632252573967 0.99883633852005 0.029703203588724136 58.47931671142578 0.07555006444454193 -0.032521169632673264 0.996611475944519 -454.7486267089844
* 0.9960752725601196 -0.024599455296993256 -0.08499480783939362 -132.99900817871094 0.025580216199159622 0.9996238350868225 0.010195223614573479 59.06435775756836 0.08470891416072845 -0.01233341172337532 0.9963293075561523 -453.6401672363281
* 0.9975562691688538 -0.014309138990938663 -0.06835198402404785 -133.48831176757813 0.013075286522507668 0.9997407793998718 -0.018802577629685402 60.47235870361328 0.06860025227069855 0.01785883493721485 0.9974842071533203 -456.2096252441406
* 0.9971083998680115 -0.025935553014278412 -0.07139677554368973 -131.7301483154297 0.027736689895391464 0.9993296265602112 0.024023573845624924 60.9290657043457 0.07072274386882782 -0.025938421487808228 0.9971586465835571 -453.2825927734375
* 0.9963516592979431 -0.03275372460484505 -0.07877610623836517 -130.55291748046875 0.03379293903708458 0.9993646144866943 0.011597912758588791 61.136138916015625 0.07834305614233017 -0.014221679419279099 0.9968249797821045 -452.1517639160156
* 0.9974765181541443 -0.022960005328059196 -0.06714589148759842 -131.1304168701172 0.02351018413901329 0.999701738357544 0.007068212144076824 61.80317687988281 0.06696050614118576 -0.008633021265268326 0.9977182745933533 -456.4604797363281
* 0.9969808459281921 -0.01881733350455761 -0.07530060410499573 -130.6322784423828 0.018750835210084915 0.9998254776000977 -0.0018978264415636659 61.42892837524414 0.07532011717557907 4.7610190813429654E-4 0.9971592426300049 -454.9160461425781
* 0.9965396523475647 -0.013690346851944923 -0.08195262402296066 -131.0423126220703 0.0124367019161582 0.9997965693473816 -0.016069693490862846 60.615760803222656 0.08215291053056717 0.014990806579589844 0.9965068697929382 -453.5791015625
* 0.9952938556671143 -0.03786216303706169 -0.08917155861854553 -130.71710205078125 0.040939390659332275 0.9986303448677063 0.032671526074409485 59.6529541015625 0.08780926465988159 -0.03617234528064728 0.9954801797866821 -451.29583740234375
* 0.9963593482971191 -0.024245381355285645 -0.08170136064291 -131.01654052734375 0.025364557281136513 0.999604344367981 0.012403497472405434 58.53390121459961 0.08136523514986038 -0.014434657990932465 0.9965797066688538 -452.02386474609375
