#
#
#
#
#
#
#
#
#
#
#
#
#
#
#
#
#
#
#
#
#
#
#
#
#
#
#
#
#
#
#
#
#
#
#
#
#
#
#
#
#
#
#
#
#
#
#
#
#
#
#
#
#
#
#
#
#
#
#
#
#
#
#
#
#
#
#
#
#
#
#
#
#
#
#
#
#
#
#
#
#
#
#
#
#
#
#
#
#
#
#
#
#
#
#
#
#
#
#
#
#
#
#
#
#
#
#
#
#
#
#
#
#
#
#
#
#
#
#
#
#
#
#
#
#
#
#
#
#
#
#
#
#
#
#
#
#
#
#
#
#
#
#
#
#
#
#
#
#
#
#
#
#
#
#
#
#
#
#
#
#
#
#
#
#
#
#
#
#
#
#
#
#
#
#
#
#
#
#
#
#
#
#
#
#
#
#
#
#
#
#
#
#
#
#
#
#
#
#
#
#
#
#
#
#
#
#
#
#
#
#
#
#
#
#
#
#
#
#
#
#
#
#
#
#
#
#
#
#
* 0.8928425312042236 -0.08564392477273941 0.4421502947807312 -696.7311401367188 0.029020855203270912 0.9906535744667053 0.13327762484550476 91.07767486572266 -0.4494333863258362 -0.10616323351860046 0.8869834542274475 -1764.8770751953125
* 0.7087063193321228 0.059216465801000595 0.7030137777328491 -644.54541015625 0.06204414740204811 0.9873780608177185 -0.14572089910507202 79.32344818115234 -0.7027707695960999 0.14689230918884277 0.6960865259170532 -1616.3565673828125
* 0.7423186302185059 0.07281358540058136 0.6660787463188171 -671.4689331054688 0.06942740827798843 0.9803675413131714 -0.18455025553703308 81.21512603759766 -0.6664410829544067 0.18324030935764313 0.7226893901824951 -1656.03271484375
* 0.722926914691925 0.05394035950303078 0.6888153553009033 -682.3287963867188 0.04770629480481148 0.9906706809997559 -0.12765243649482727 88.22683715820313 -0.6892762184143066 0.1251453012228012 0.7136088013648987 -1658.9156494140625
* 0.7250973582267761 0.07569422572851181 0.6844733953475952 -681.1853637695313 0.075281523168087 0.9792697429656982 -0.18804992735385895 91.5823974609375 -0.6845197677612305 0.18788379430770874 0.7043670415878296 -1631.417236328125
* 0.7126538753509521 0.06966985762119293 0.6980474591255188 -677.9176025390625 0.06154259666800499 0.9850094318389893 -0.16114625334739685 89.45803833007813 -0.6988117694854736 0.15780222415924072 0.6976826786994934 -1606.104248046875
* 0.7201195955276489 0.07386132329702377 0.6899072527885437 -679.1648559570313 0.07218009978532791 0.9809470176696777 -0.1803663969039917 87.87919616699219 -0.6900860071182251 0.17968404293060303 0.7010673880577087 -1607.1014404296875
* 0.7124704718589783 0.07578559219837189 0.6975974440574646 -670.3132934570313 0.05952142924070358 0.9840391874313354 -0.16769984364509583 87.25813293457031 -0.6991738677024841 0.16100424528121948 0.6965874433517456 -1601.9112548828125
* 0.6987591981887817 0.037248533219099045 0.7143864631652832 -662.95361328125 0.04269035533070564 0.9946913719177246 -0.093625508248806 81.54936218261719 -0.7140828967094421 0.09592016041278839 0.6934590935707092 -1608.298583984375
* 0.6758303046226501 0.024834178388118744 0.7366387248039246 -653.488525390625 0.03024222142994404 0.9976553916931152 -0.06138462573289871 70.85111236572266 -0.7364374399185181 0.06376424431800842 0.673494279384613 -1626.0101318359375
* 0.6594349145889282 0.06007872521877289 0.7493571043014526 -618.4197387695313 0.05477304756641388 0.990311324596405 -0.1276022344827652 53.53413009643555 -0.7497643232345581 0.12519100308418274 0.6497547030448914 -1590.340576171875
* 0.7194110751152039 0.04530031234025955 0.6931056380271912 -615.0216674804688 -0.016355358064174652 0.9986982941627502 -0.048302724957466125 39.096153259277344 -0.69439297914505 0.023414526134729385 0.7192153334617615 -1634.093017578125
* 0.7312050461769104 0.03692817687988281 0.6811575293540955 -591.7025146484375 -0.008695194497704506 0.9989563226699829 -0.04482875391840935 21.882444381713867 -0.6821033358573914 0.02685725688934326 0.7307628393173218 -1609.248291015625
* 0.7502459287643433 0.04568367078900337 0.6595787405967712 -588.2293701171875 -0.006774779409170151 0.998088002204895 -0.06142911687493324 6.661221504211426 -0.6611251831054688 0.04161948710680008 0.7491207718849182 -1614.352783203125
* 0.7320345640182495 0.04797886312007904 0.67957603931427 -580.3585815429688 0.014074322767555714 0.9962381720542908 -0.08550191670656204 -11.231583595275879 -0.6811230182647705 0.07215599715709686 0.7286052107810974 -1607.9676513671875
* 0.7457969784736633 -0.009416693821549416 0.6661068201065063 -579.8121337890625 -0.027981096878647804 0.9985747337341309 0.04543968662619591 -36.55812072753906 -0.6655865907669067 -0.052526142448186874 0.7444704174995422 -1641.600341796875
#
#
#
#
* 0.7204738855361938 0.02706584520637989 0.6929538249969482 -540.1708984375 -0.09441320598125458 0.9937624335289001 0.0593479685485363 -250.1460418701172 -0.6870251893997192 -0.10818306356668472 0.718535304069519 -1527.2147216796875
* 0.7414169311523438 0.005322219803929329 0.6710237264633179 -557.0096435546875 -0.08492587506771088 0.9926721453666687 0.08596183359622955 -259.93817138671875 -0.6656491160392761 -0.120721235871315 0.7364358901977539 -1553.62939453125
* 0.7576593160629272 -0.007653561420738697 0.6526054739952087 -560.9305419921875 -0.08054377138614655 0.9911908507347107 0.10513405501842499 -244.21791076660156 -0.6476612687110901 -0.13221950829029083 0.7503685355186462 -1553.396484375
* 0.7681882977485657 -0.00937351118773222 0.6401554346084595 -568.09033203125 -0.059961847960948944 0.9944442510604858 0.08651591837406158 -223.65240478515625 -0.6374098062515259 -0.10484584420919418 0.7633583545684814 -1568.7904052734375
* 0.7363401651382446 0.02453678287565708 0.6761664748191833 -558.07763671875 -0.07589311897754669 0.996030867099762 0.04650333523750305 -198.72706604003906 -0.6723416447639465 -0.08555913716554642 0.7352796792984009 -1530.27001953125
* 0.7419145703315735 -0.015534644946455956 0.670314371585846 -568.2039184570313 -0.07424819469451904 0.9916793704032898 0.10516175627708435 -186.81008911132813 -0.666370689868927 -0.1277911514043808 0.7345879077911377 -1542.434326171875
* 0.707785964012146 -0.0025990111753344536 0.7064220905303955 -560.275634765625 -0.04818626120686531 0.997486412525177 0.05194948613643646 -168.7363739013672 -0.7047815322875977 -0.07080944627523422 0.7058815956115723 -1509.324462890625
* 0.7087640762329102 0.014703180640935898 0.7052923440933228 -565.73681640625 -0.03749164938926697 0.999154806137085 0.016847245395183563 -151.4100799560547 -0.7044485807418823 -0.03838381916284561 0.7087161540985107 -1516.0377197265625
* 0.6671841144561768 0.016602354124188423 0.7447078227996826 -546.4402465820313 -0.024458758533000946 0.999700665473938 -3.741435066331178E-4 -122.41441345214844 -0.7444911599159241 -0.01796552911400795 0.6673903465270996 -1460.38671875
* 0.6854861974716187 0.036429110914468765 0.7271737456321716 -552.6943359375 -0.023694654926657677 0.9993345141410828 -0.027726851403713226 -103.29878997802734 -0.7276999354362488 0.00177570094820112 0.6858930587768555 -1480.1534423828125
* 0.6743480563163757 0.011554236523807049 0.7383233308792114 -541.4098510742188 -0.025911564007401466 0.999631941318512 0.008023184724152088 -87.44367980957031 -0.7379588484764099 -0.024542072787880898 0.6743988990783691 -1457.498779296875
* 0.6880033016204834 0.0425405353307724 0.7244598269462585 -537.5289306640625 -0.022156137973070145 0.9990461468696594 -0.03762279450893402 -72.36825561523438 -0.7253692746162415 0.009832832962274551 0.6882892847061157 -1456.072509765625
* 0.681559145450592 0.023171493783593178 0.7313962578773499 -528.1097412109375 -0.027971554547548294 0.9995927214622498 -0.005602376069873571 -58.53510284423828 -0.7312282919883728 -0.01664046198129654 0.6819294691085815 -1441.10986328125
#
#
#
#
#
#
#
#
#
#
#
#
#
#
#
#
#
#
#
#
#
#
#
#
#
#
#
#
#
#
#
#
#
#
#
#
#
#
#
#
#
#
#
#
#
#
#
#
#
#
#
#
#
#
#
#
#
#
#
#
#
#
#
#
#
#
#
#
#
#
#
#
#
#
#
#
#
#
#
#
#
#
#
#
#
#
#
#
#
#
#
#
#
#
#
#
#
#
#
#
#
#
#
#
#
#
#
#
#
#
#
#
#
#
#
#
#
#
#
#
#
#
#
#
#
#
#
#
* 0.9709827303886414 0.11640256643295288 0.20890994369983673 -444.0830078125 -0.03636849299073219 0.9352771043777466 -0.35204219818115234 -57.92285919189453 -0.23636756837368011 0.3342278003692627 0.912371814250946 -1343.542724609375
* 0.9685460329055786 0.0583304762840271 0.2419022172689438 -437.4263000488281 -0.01009317860007286 0.9805539846420288 -0.1959887444972992 -63.82601547241211 -0.2486306130886078 0.18738113343715668 0.9503005146980286 -1420.8431396484375
* 0.9990395307540894 -0.021424252539873123 0.03823166713118553 -443.2536926269531 0.01941945031285286 0.9984410405158997 0.05232394486665726 -64.30108642578125 -0.039293475449085236 -0.051532648503780365 0.9978978633880615 -1487.633056640625
* 0.9950490593910217 -0.023720085620880127 -0.09651561826467514 -431.1371154785156 0.030144168063998222 0.9973938465118408 0.06554669886827469 -62.478458404541016 0.0947088748216629 -0.06813295930624008 0.9931706190109253 -1462.7576904296875
* 0.9911384582519531 -0.02522110566496849 -0.1304192841053009 -411.8739318847656 0.031074443832039833 0.9985931515693665 0.042961906641721725 -74.376953125 0.12915179133415222 -0.04663529992103577 0.9905274510383606 -1415.20556640625
* 0.9854171872138977 -0.046862173825502396 -0.16357769072055817 -400.97808837890625 0.05676840618252754 0.9967954754829407 0.05635334923863411 -92.32946014404297 0.16041210293769836 -0.06481900066137314 0.9849193692207336 -1397.0816650390625
* 0.9824603199958801 -0.03392335772514343 -0.18336234986782074 -387.995849609375 0.04087109863758087 0.9985790252685547 0.034187257289886475 -116.92718505859375 0.18194152414798737 -0.041083257645368576 0.982450544834137 -1370.2840576171875
* 0.9713523387908936 -0.03465951606631279 -0.23510441184043884 -373.6651611328125 0.03933223709464073 0.9991106986999512 0.015169257298111916 -143.39703369140625 0.23436903953552246 -0.023983296006917953 0.9718515872955322 -1333.252197265625
* 0.978100597858429 -0.04362199455499649 -0.20351172983646393 -377.14202880859375 0.061701901257038116 0.9946118593215942 0.08330384641885757 -171.4577178955078 0.19878074526786804 -0.09403800219297409 0.9755217432975769 -1349.404541015625
* 0.9980915188789368 -0.0400143563747406 -0.047042060643434525 -399.29425048828125 0.045264244079589844 0.9921959042549133 0.11618068814277649 -192.93687438964844 0.04202555865049362 -0.11808966100215912 0.9921129941940308 -1422.8907470703125
* 0.999208927154541 -0.03732560947537422 -0.013754714280366898 -406.63885498046875 0.0385095551609993 0.9944151043891907 0.09826082736253738 -193.7189483642578 0.01000978797674179 -0.0987141877412796 0.9950652122497559 -1428.4183349609375
* 0.9935368895530701 -0.04865024983882904 -0.10255874693393707 -403.29522705078125 0.058399803936481476 0.993838369846344 0.09420420974493027 -171.81300354003906 0.09734322875738144 -0.09958620369434357 0.9902556538581848 -1385.7769775390625
* 0.9921575784683228 -0.044884901493787766 -0.11665882915258408 -410.93585205078125 0.04896477237343788 0.9982794523239136 0.032253749668598175 -138.4887237548828 0.11500987410545349 -0.037714432924985886 0.9926478266716003 -1378.1661376953125
* 0.998668372631073 -0.049380697309970856 -0.014958104118704796 -434.0010070800781 0.05110500380396843 0.9868200421333313 0.15353888273239136 -124.41354370117188 0.0071786027401685715 -0.1541002094745636 0.9880289435386658 -1426.5078125
* 0.9968182444572449 -0.029421014711260796 -0.07408545911312103 -435.1961669921875 0.03190094605088234 0.99896639585495 0.032373640686273575 -111.5833969116211 0.07305591553449631 -0.03463543951511383 0.9967259764671326 -1403.7203369140625
* 0.9880688786506653 -0.03224421292543411 -0.15060220658779144 -430.6217346191406 0.02824530005455017 0.9991891980171204 -0.028685972094535828 -75.69703674316406 0.15140452980995178 0.024088487029075623 0.9881780743598938 -1361.2593994140625
* 0.9876843690872192 -0.04468788951635361 -0.14994476735591888 -438.396728515625 0.044590458273887634 0.998996913433075 -0.004082673229277134 -35.577335357666016 0.1499762386083603 -0.002655118703842163 0.9886858463287354 -1360.913330078125
* 0.9938924312591553 -0.026256904006004333 -0.10718771815299988 -452.7054443359375 0.027171533554792404 0.9996062517166138 0.006984060630202293 -3.5377984046936035 0.10696162283420563 -0.009855267591774464 0.9942139983177185 -1383.0848388671875
* 0.9948293566703796 -0.04131267964839935 -0.09278293699026108 -463.9681396484375 0.0424201637506485 0.9990508556365967 0.009882768616080284 21.14543342590332 0.09228605777025223 -0.013768909499049187 0.9956369400024414 -1400.0413818359375
* 0.9970756769180298 -0.04527776315808296 -0.06157006323337555 -473.5992736816406 0.048062264919281006 0.9978592395782471 0.044347770512104034 38.049964904785156 0.059429772198200226 -0.04717862233519554 0.9971165657043457 -1418.04296875
* 0.9975445866584778 -0.028762880712747574 -0.06386156380176544 -474.9933166503906 0.027472777292132378 0.9993987083435059 -0.021149655804038048 47.20064926147461 0.06443098187446594 0.019341858103871346 0.9977342486381531 -1418.9578857421875
* 0.9793504476547241 -0.05038090795278549 -0.1957932859659195 -444.1157531738281 0.050821125507354736 0.9987035989761353 -0.0028309409972280264 34.162353515625 0.19568143784999847 -0.007179330103099346 0.9806407690048218 -1329.95849609375
* 0.9888280630111694 -0.03292758762836456 -0.14537985622882843 -447.6648254394531 0.025190213695168495 0.9981784820556641 -0.054816391319036484 13.373842239379883 0.14691944420337677 0.05054042115807533 0.9878559708595276 -1353.87890625
* 0.9970200061798096 -0.04246894270181656 -0.06440549343824387 -457.8293151855469 0.04208202287554741 0.9990858435630798 -0.007512664422392845 9.753881454467773 0.06466508656740189 0.004778577480465174 0.9978950619697571 -1404.28271484375
* 0.9973195195198059 -0.041558243334293365 -0.060227882117033005 -450.03094482421875 0.04249681904911995 0.9989954233169556 0.014213554561138153 15.86523723602295 0.059576112776994705 -0.016736319288611412 0.9980829954147339 -1400.82275390625
* 0.996894359588623 -0.030382920056581497 -0.07265765219926834 -442.30523681640625 0.03338804095983505 0.9986270070075989 0.04036465287208557 18.36221694946289 0.07133091241121292 -0.04266655445098877 0.996539294719696 -1396.7606201171875
* 0.9990418553352356 -0.03659921512007713 -0.024016063660383224 -431.2718811035156 0.0362359955906868 0.9992181658744812 -0.01580900140106678 20.51249885559082 0.024575328454375267 0.01492220163345337 0.9995861053466797 -1387.7083740234375
* 0.9991690516471863 -0.04065258428454399 -0.0030849557369947433 -422.8529968261719 0.04073779284954071 0.9987111687660217 0.030274000018835068 21.970439910888672 0.0018497258424758911 -0.030375882983207703 0.999536395072937 -1394.890869140625
* 0.9982913136482239 -0.0412759929895401 -0.04137202724814415 -403.9275207519531 0.04313978925347328 0.9980571866035461 0.04495668038725853 28.89634132385254 0.03943544253706932 -0.046665992587804794 0.9981313347816467 -1368.0963134765625
* 0.9908698201179504 -0.009900003671646118 -0.134461909532547 -383.2160949707031 0.017479857429862022 0.9983206987380981 0.05523182079195976 42.940425872802734 0.13368865847587585 -0.05707927793264389 0.9893778562545776 -1333.639404296875
* 0.9891946911811829 -0.001364208059385419 -0.14660444855690002 -383.3318786621094 -9.132333798334002E-4 0.9998790621757507 -0.015536461025476456 63.585472106933594 0.14660724997520447 0.015501021407544613 0.9890729784965515 -1364.2115478515625
* 0.9915540814399719 -9.096424910239875E-4 -0.12969398498535156 -388.4406433105469 -0.0015453192172572017 0.9998202323913574 -0.018906494602560997 72.70054626464844 0.12968721985816956 0.018945781514048576 0.991373598575592 -1398.2098388671875
* 0.9856944680213928 -0.00556533969938755 -0.1684524565935135 -379.67791748046875 0.008448033593595028 0.9998309016227722 0.016339661553502083 64.46880340576172 0.16833235323429108 -0.017530422657728195 0.9855740070343018 -1373.6727294921875
* 0.9966855049133301 -0.016478564590215683 -0.07966915518045425 -385.4537658691406 0.021027162671089172 0.9981831908226013 0.05646515637636185 55.88671875 0.07859332859516144 -0.057954590767621994 0.9952203035354614 -1375.0025634765625
* 0.9991285800933838 -0.03798392415046692 0.017328018322587013 -394.8433837890625 0.03417740762233734 0.982430100440979 0.18347513675689697 49.84481430053711 -0.02399323508143425 -0.1827242523431778 0.982870876789093 -1352.769775390625
* 0.9933856129646301 -0.047637179493904114 0.1044841930270195 -416.5620422363281 0.026497142389416695 0.9804109334945679 0.19517293572425842 47.859458923339844 -0.11173537373542786 -0.1911146193742752 0.975186824798584 -1349.4478759765625
* 0.9958886504173279 -0.05079661309719086 0.07501179724931717 -437.5651550292969 0.03614133223891258 0.9820148348808289 0.1853129267692566 45.8942756652832 -0.08307646214962006 -0.1818411946296692 0.9798117876052856 -1347.236328125
* 0.9994743466377258 -0.013644248247146606 -0.029429247602820396 -455.89031982421875 0.01529757957905531 0.9982942938804626 0.05634410306811333 43.12948989868164 0.028609665110707283 -0.056766048073768616 0.9979769587516785 -1355.6328125
* 0.9932501912117004 -0.008795936591923237 -0.11566323041915894 -463.7305603027344 0.010311267338693142 0.9998698234558105 0.012419190257787704 39.93586349487305 0.11553823202848434 -0.013529421761631966 0.9932103157043457 -1358.2816162109375
* 0.9973572492599487 0.0036896709352731705 -0.07256763428449631 -463.274169921875 -0.00572800962254405 0.9995903968811035 -0.02804490551352501 40.63722229003906 0.07243379205465317 0.028384974226355553 0.9969686269760132 -1362.5189208984375
* 0.9997305870056152 -0.0068800137378275394 -0.022194651886820793 -457.8422546386719 0.006702810525894165 0.9999412894248962 -0.00851831678301096 44.70685958862305 0.022251354530453682 0.008365798741579056 0.9997168779373169 -1370.447265625
* 0.9994761943817139 -0.008877608925104141 -0.0311410091817379 -449.1594543457031 0.009378090500831604 0.9998340010643005 0.015624749474227428 50.10542297363281 0.03099650889635086 -0.015910036861896515 0.9993923306465149 -1374.1353759765625
* 0.9995638728141785 -0.016943711787462234 -0.02421516925096512 -439.5998229980469 0.01780783012509346 0.9992116689682007 0.0354834608733654 55.81595993041992 0.023594236001372337 -0.03590061143040657 0.999076247215271 -1375.7998046875
* 0.9941903352737427 -0.021197671070694923 -0.10553526133298874 -431.2625427246094 0.026542630046606064 0.9984263181686401 0.04940205067396164 61.068748474121094 0.10432123392820358 -0.05191759765148163 0.9931871294975281 -1374.352294921875
* 0.993344247341156 -0.009901612997055054 -0.11476381123065948 -431.67425537109375 0.00991000048816204 0.9999508261680603 -5.885402206331491E-4 63.95050811767578 0.11476326733827591 -5.541398422792554E-4 0.9933921694755554 -1385.3148193359375
* 0.9933913946151733 -0.009546736255288124 -0.11438431590795517 -432.6012268066406 0.010856153443455696 0.9998834729194641 0.010738753713667393 65.9529037475586 0.1142677366733551 -0.011910993605852127 0.9933780431747437 -1392.5115966796875
* 0.9942771196365356 -0.008160700090229511 -0.10652600228786469 -430.12713623046875 0.005601867102086544 0.9996867775917053 -0.024395843967795372 70.09342193603516 0.10669100284576416 0.02365800365805626 0.9940102696418762 -1389.815673828125
* 0.9965858459472656 -0.018780698999762535 -0.08040599524974823 -428.0599670410156 0.020431578159332275 0.9995986223220825 0.019628118723630905 77.29692077636719 0.08000436425209045 -0.021205345168709755 0.996568500995636 -1392.9727783203125
* 0.9985995292663574 -0.011101893149316311 -0.05173802375793457 -427.233642578125 0.012119798921048641 0.9997422695159912 0.019199710339307785 85.20982360839844 0.05151083320379257 -0.019801301881670952 0.9984756708145142 -1403.8656005859375
* 0.9790378212928772 -0.02288641594350338 0.20239099860191345 -415.6275939941406 0.02168077975511551 0.9997311234474182 0.008223604410886765 89.2560806274414 -0.20252518355846405 -0.0036646625958383083 0.979269802570343 -1406.3963623046875
* 0.9822166562080383 -0.02233947440981865 0.18642008304595947 -389.438232421875 0.012708247639238834 0.9985266327857971 0.05275563895702362 80.52972412109375 -0.18732433021068573 -0.049449801445007324 0.9810522794723511 -1388.7081298828125
* 0.9974673390388489 0.00818580947816372 -0.07066062837839127 -371.15740966796875 -0.008310500532388687 0.99996417760849 -0.0016176013741642237 68.98723602294922 0.07064422219991684 0.0021992947440594435 0.9974986910820007 -1386.1343994140625
* 0.9966966509819031 0.007516986224800348 -0.08087218552827835 -377.8419494628906 -0.007532703690230846 0.9999716281890869 -1.73571752384305E-5 67.25965118408203 0.08086911588907242 6.250559817999601E-4 0.9967240691184998 -1415.9366455078125
* 0.9941815733909607 -0.018778327852487564 0.10607336461544037 -387.7840576171875 0.005710840690881014 0.9924802184104919 0.1222725510597229 66.6655044555664 -0.10757225751876831 -0.12095661461353302 0.9868114590644836 -1406.069580078125
* 0.9997479319572449 -0.01764465495944023 -0.013923782855272293 -392.46234130859375 0.01972946524620056 0.9858294129371643 0.16658680140972137 63.372222900390625 0.010786496102809906 -0.1668207049369812 0.9859278202056885 -1359.789306640625
* 0.9996991157531738 -0.015765808522701263 -0.018821079283952713 -412.62603759765625 0.01759663037955761 0.9947465658187866 0.10084451735019684 60.01025390625 0.01713169366121292 -0.10114660859107971 0.9947236180305481 -1373.458251953125
* 0.9999468922615051 -0.010116422548890114 0.0022303571458905935 -431.0068054199219 0.0100161824375391 0.9989370107650757 0.044995296746492386 55.95954895019531 -0.002683756873011589 -0.04497186839580536 0.9989842772483826 -1388.24560546875
* 0.9988923668861389 -2.988050109706819E-4 -0.047063346952199936 -437.6221923828125 0.0012616304447874427 0.9997949600219727 0.020209964364767075 54.71297836303711 0.047047048807144165 -0.02024829387664795 0.9986871480941772 -1373.9423828125
* 0.9973390698432922 -0.008929029107093811 -0.07236092537641525 -448.43951416015625 0.010887760668992996 0.9995874166488647 0.02657664380967617 57.776939392089844 0.07209312915802002 -0.027295103296637535 0.9970240592956543 -1385.7645263671875
* 0.9925089478492737 -0.017587052658200264 -0.12090403586626053 -446.79168701171875 0.01838526502251625 0.9998162984848022 0.005404013209044933 63.47431564331055 0.12078610062599182 -0.007587726227939129 0.992649257183075 -1377.2860107421875
* 0.9973142147064209 -0.010889730416238308 -0.07243514060974121 -441.0716857910156 0.009153955616056919 0.9996604919433594 -0.024394389241933823 69.94503021240234 0.07267556339502335 0.023664440959692 0.9970746040344238 -1373.5528564453125
* 0.9986396431922913 -0.015348482877016068 -0.049844589084386826 -437.0391540527344 0.01480102352797985 0.999823808670044 -0.011541275307536125 76.2417984008789 0.05001233518123627 0.010786465369164944 0.998690128326416 -1384.6123046875
* 0.9983327388763428 -0.0154592115432024 -0.05562311410903931 -431.9631042480469 0.01504351757466793 0.9998542070388794 -0.008070136420428753 82.68814086914063 0.0557391457259655 0.007218562997877598 0.9984189867973328 -1392.3131103515625
* 0.9957334399223328 -0.015032883733510971 -0.09104909747838974 -428.6439514160156 0.013931497931480408 0.9998205304145813 -0.012833530083298683 89.99885559082031 0.0912250503897667 0.011508971452713013 0.9957635402679443 -1397.3978271484375
* 0.9980858564376831 -0.01466873288154602 -0.06008720397949219 -429.7193908691406 0.014028670266270638 0.9998385310173035 -0.011232015676796436 96.58958435058594 0.06024164706468582 0.010366221889853477 0.9981297254562378 -1404.5653076171875
* 0.9937658905982971 -0.012700917199254036 -0.11076530814170837 -428.5333251953125 0.014962207525968552 0.9996975660324097 0.019514165818691254 98.7059326171875 0.110483318567276 -0.021051138639450073 0.9936546683311462 -1393.069091796875
* 0.9950348138809204 -0.007533515803515911 -0.09924652427434921 -427.8326416015625 0.006689243949949741 0.9999375939369202 -0.008941118605434895 95.8866195678711 0.09930706024169922 0.00823148712515831 0.9950224161148071 -1381.1705322265625
* 0.990693986415863 -0.011273165233433247 -0.1356440633535385 -424.7599182128906 0.009179230779409409 0.9998276829719543 -0.01612875796854496 89.07523345947266 0.13580185174942017 0.014732204377651215 0.9906260967254639 -1367.7222900390625
* 0.9951347708702087 -0.010627619922161102 -0.09795181453227997 -403.1139831542969 0.0067178113386034966 0.9991663694381714 -0.04026472941040993 72.75175476074219 0.09829744696617126 0.039409440010786057 0.9943760633468628 -1308.78125
* 0.9999810457229614 -1.2559478636831045E-4 -0.006204621400684118 -390.97393798828125 -7.96774635091424E-4 0.9886711835861206 -0.15009503066539764 56.55693054199219 0.0061526172794401646 0.15009571611881256 0.9886519312858582 -1315.8331298828125
* 0.997170627117157 -0.019708655774593353 0.07254533469676971 -389.7283020019531 0.02221299521625042 0.9991838335990906 -0.033734068274497986 45.723140716552734 -0.07182184606790543 0.035248737782239914 0.9967940449714661 -1358.0048828125
* 0.9951325058937073 -0.01317236851900816 -0.09766469150781631 -372.7518615722656 0.005632008891552687 0.9970004558563232 -0.07718846946954727 32.762332916259766 0.09838785231113434 0.07626135647296906 0.992221474647522 -1340.3131103515625
* 0.9911516904830933 -0.020047850906848907 -0.13121376931667328 -368.4908447265625 0.018873747438192368 0.9997690916061401 -0.010263987816870213 20.08989906311035 0.13138854503631592 0.007695356383919716 0.9913007616996765 -1351.413330078125
* 0.9946812391281128 -0.02187298610806465 -0.1006556898355484 -371.4575500488281 0.023294400423765182 0.9996457099914551 0.012865416705608368 12.337817192077637 0.1003379300236702 -0.01514300238341093 0.9948378205299377 -1382.83740234375
* 0.9918119311332703 -0.013497890904545784 -0.12699517607688904 -370.0806884765625 0.016375668346881866 0.999633252620697 0.021562770009040833 7.418844223022461 0.12665686011314392 -0.02346714213490486 0.9916686415672302 -1385.81396484375
* 0.9903618097305298 -0.02328810840845108 -0.1365359127521515 -368.9309997558594 0.027870269492268562 0.99910968542099 0.03166934847831726 1.3414363861083984 0.13567611575126648 -0.03517068922519684 0.9901285171508789 -1381.264404296875
* 0.9915481209754944 -0.01444511953741312 -0.12893624603748322 -373.34222412109375 0.016737686470150948 0.9997215270996094 0.016635097563266754 -3.8982958793640137 0.12865935266017914 -0.018653888255357742 0.991513192653656 -1391.6783447265625
* 0.9854244589805603 -0.030672874301671982 -0.16732847690582275 -361.60064697265625 0.0364513099193573 0.9988385438919067 0.03150998055934906 -10.760432243347168 0.16616690158843994 -0.03715132549405098 0.9853973388671875 -1350.0986328125
* 0.980085015296936 -0.02235306426882744 -0.19731906056404114 -354.2962341308594 0.021028855815529823 0.9997397661209106 -0.00885605439543724 -24.901792526245117 0.19746488332748413 0.0045289709232747555 0.9802992343902588 -1330.650146484375
* 0.9927741289138794 -0.02607748843729496 -0.1171351969242096 -371.0644226074219 0.028375230729579926 0.999437153339386 0.01790318265557289 -35.48501205444336 0.11660166084766388 -0.021098844707012177 0.9929543733596802 -1392.3275146484375
* 0.9979223608970642 -0.017033785581588745 -0.06214546039700508 -374.9258117675781 0.017946669831871986 0.9997411370277405 0.013994794338941574 -41.22972106933594 0.06189031898975372 -0.015082319267094135 0.9979687333106995 -1408.3388671875
* 0.9994590878486633 -0.020685065537691116 -0.025589555501937866 -376.91229248046875 0.02169048972427845 0.9989944100379944 0.03924223408102989 -42.13730239868164 0.0247514545917511 -0.039777323603630066 0.9989017248153687 -1416.74072265625
* 0.998150110244751 -0.008171597495675087 -0.06025610864162445 -376.0284729003906 0.007450706325471401 0.9998961687088013 -0.012349385768175125 -39.36452102661133 0.06035010144114494 0.011876262724399567 0.9981064200401306 -1414.5531005859375
* 0.9960691928863525 -0.003995666280388832 -0.08849510550498962 -374.251708984375 0.001880493713542819 0.9997082948684692 -0.024088185280561447 -38.909873962402344 0.08856485038995743 0.02382574789226055 0.9957851767539978 -1409.075927734375
* 0.9989671111106873 -0.012147585861384869 -0.04379883036017418 -373.0259704589844 0.012472756206989288 0.9998984932899475 0.0069229211658239365 -41.44200897216797 0.04370962828397751 -0.007463363930583 0.9990161657333374 -1415.589111328125
* 0.9995991587638855 -0.019749455153942108 -0.020314790308475494 -371.9060974121094 0.020892977714538574 0.9981457591056824 0.05717402696609497 -40.026790618896484 0.019147319719195366 -0.05757678300142288 0.9981572031974792 -1420.46044921875
* 0.9984278678894043 -0.015282719396054745 -0.05394021049141884 -367.27117919921875 0.018325835466384888 0.9982522130012512 0.056186772882938385 -32.18616485595703 0.05298657715320587 -0.05708818510174751 0.996961772441864 -1410.155517578125
* 0.9970302581787109 -0.016205312684178352 -0.07529520243406296 -366.20904541015625 0.01674141176044941 0.9998397827148438 0.0063574062660336494 -22.613128662109375 0.07517941296100616 -0.007600377779453993 0.9971407651901245 -1415.3092041015625
* 0.997252345085144 -0.017008882015943527 -0.07210920751094818 -363.6109619140625 0.016631295904517174 0.999843955039978 -0.005976085551083088 -15.977991104125977 0.07219890505075455 0.004759079776704311 0.9973785877227783 -1415.6209716796875
* 0.9968039393424988 -0.03142617642879486 -0.07345455884933472 -362.8818359375 0.035388633608818054 0.9979600310325623 0.05313703417778015 -11.395442962646484 0.07163409888744354 -0.055567897856235504 0.9958815574645996 -1419.6444091796875
* 0.9992794990539551 -0.006579210050404072 -0.03739646077156067 -359.81427001953125 0.004116213880479336 0.9978222250938416 -0.06583333015441895 -8.298540115356445 0.03774750605225563 0.06563058495521545 0.9971294403076172 -1420.171630859375
* 0.999407947063446 0.007756995502859354 0.0335395447909832 -350.6506652832031 -0.0053872838616371155 0.9975414276123047 -0.06987360864877701 -6.6267547607421875 -0.033999647945165634 0.06965015083551407 0.9969916343688965 -1417.548095703125
* 0.9974728226661682 -0.009785288944840431 0.07038143277168274 -339.1598205566406 0.010724550113081932 0.9998602271080017 -0.012833122164011002 -5.344850540161133 -0.07024654746055603 0.013554155826568604 0.9974372982978821 -1416.7296142578125
* 0.9941030144691467 -0.0069835493341088295 0.10822128504514694 -318.9617004394531 0.0025820566806942225 0.9991618990898132 0.04085323214530945 -7.7488532066345215 -0.1084163635969162 -0.04033417999744415 0.9932867288589478 -1402.8101806640625
* 0.999609649181366 0.026717664673924446 0.008238978683948517 -303.5448913574219 -0.026114443317055702 0.9975308179855347 -0.06519313156604767 -8.305721282958984 -0.009961007162928581 0.06495112180709839 0.9978383183479309 -1418.972900390625
* 0.9995308518409729 0.008037358522415161 0.029574066400527954 -305.2281494140625 -0.012493711896240711 0.9879758358001709 0.15410216152668 -2.1639468669891357 -0.027980461716651917 -0.1544005125761032 0.9876116514205933 -1411.5697021484375
* 0.998416006565094 -0.02642027661204338 0.04968399554491043 -319.98699951171875 0.011442724615335464 0.9597495794296265 0.2806236147880554 -1.9160181283950806 -0.05509892478585243 -0.27961161732673645 0.9585304260253906 -1368.18701171875
* 0.9962602257728577 -0.04244430363178253 0.07526743412017822 -347.0392761230469 0.015740573406219482 0.9455781579017639 0.3250139057636261 -4.149010181427002 -0.08496677875518799 -0.3226146101951599 0.9427086710929871 -1353.6746826171875
* 0.9831885099411011 -0.08582410961389542 0.16117025911808014 -379.9430847167969 0.04002382233738899 0.9624684453010559 0.2684260606765747 -3.8319942951202393 -0.1781591922044754 -0.2574637532234192 0.9497215151786804 -1365.95654296875
* 0.9884108901023865 -0.056756071746349335 0.140796959400177 -414.1051025390625 0.050571948289871216 0.9976047873497009 0.047192253172397614 -2.912832498550415 -0.14313870668411255 -0.03952621668577194 0.9889126420021057 -1401.5211181640625
* 0.9957108497619629 -0.04953759163618088 -0.07814881205558777 -420.1302185058594 0.04828803986310959 0.9986724853515625 -0.017929773777723312 -3.6613543033599854 0.07893252372741699 0.01407790370285511 0.9967801570892334 -1386.152099609375
* 0.9977152347564697 -0.06359530985355377 -0.022832117974758148 -414.06585693359375 0.0631687343120575 0.9978148937225342 -0.019368402659893036 -5.428102016448975 0.024013258516788483 0.01788056641817093 0.9995513558387756 -1381.751220703125
* 0.9964017868041992 -0.04681561142206192 0.07066240161657333 -406.2289733886719 0.05279405415058136 0.9949724674224854 -0.08510315418243408 -3.6283156871795654 -0.06632360070943832 0.08852611482143402 0.9938629269599915 -1397.366943359375
* 0.9982887506484985 -0.05843612924218178 0.002472519874572754 -397.2609558105469 0.0584159754216671 0.9982323050498962 0.010949403047561646 -1.0281469821929932 -0.003108687698841095 -0.010787487030029297 0.9999365210533142 -1406.6842041015625
* 0.996989369392395 -0.03426482528448105 -0.06956636905670166 -381.38824462890625 0.031056862324476242 0.9984201192855835 -0.046826887875795364 -4.918832778930664 0.07106023281812668 0.044524066150188446 0.9964774250984192 -1382.0228271484375
* 0.9954480528831482 -0.04567984864115715 -0.08365356922149658 -374.4580078125 0.047509849071502686 0.9986726641654968 0.019893024116754532 -13.372257232666016 0.08263304084539413 -0.023778080940246582 0.9962958693504333 -1384.9617919921875
* 0.9946904182434082 -0.02669183723628521 -0.09939748048782349 -371.5868225097656 0.028491998091340065 0.9994556903839111 0.01663178764283657 -17.917266845703125 0.09889867901802063 -0.01937679573893547 0.9949083924293518 -1389.5908203125
* 0.9973715543746948 -0.027794841676950455 -0.06692389398813248 -375.6422119140625 0.028281359001994133 0.999580979347229 0.006180017255246639 -16.956241607666016 0.06672333925962448 -0.008057765662670135 0.9977385401725769 -1411.0506591796875
* 0.9995858073234558 -0.01504116877913475 -0.024561645463109016 -369.84234619140625 0.014956037513911724 0.9998799562454224 -0.004061570391058922 -10.932440757751465 0.02461911365389824 0.0036912355571985245 0.9996896386146545 -1411.72412109375
* 0.9985692501068115 -0.010891113430261612 -0.05236385762691498 -352.6376037597656 0.011584067717194557 0.9998515844345093 0.012752590700984001 5.1822919845581055 0.05221650004386902 -0.013342220336198807 0.9985461831092834 -1385.4415283203125
* 0.9978181719779968 -0.01054286863654852 -0.06518258899450302 -346.2235412597656 0.007210044655948877 0.998656690120697 -0.05131150409579277 24.883586883544922 0.06563529372215271 0.05072822794318199 0.9965529441833496 -1397.2569580078125
* 0.9964892268180847 -0.009288545697927475 -0.08321123570203781 -344.2087097167969 0.012068742886185646 0.9993875026702881 0.03284745663404465 39.47957992553711 0.08285443484783173 -0.0337376706302166 0.9959900379180908 -1412.6256103515625
* 0.9983485341072083 -0.0013543434906750917 -0.05744190141558647 -347.8940734863281 0.001740143750794232 0.9999774098396301 0.0064882561564445496 50.05644607543945 0.05743112042546272 -0.006578812375664711 0.9983274340629578 -1429.64697265625
* 0.9999041557312012 0.0011422451352700591 -0.013842198997735977 -348.28814697265625 -0.0010755723342299461 0.9999910593032837 0.0040823714807629585 55.76850891113281 0.013846088200807571 -0.004068407230079174 0.9998955130577087 -1418.72216796875
* 0.9999938011169434 0.002783463802188635 0.0024043675512075424 -354.64605712890625 -0.002890620846301317 0.9987304210662842 0.05028918385505676 55.50392150878906 -0.002261965535581112 -0.050297100096940994 0.9987313747406006 -1408.8740234375
* 0.9991232752799988 -0.0056365239433944225 0.04149630293250084 -367.4734191894531 0.0016374173574149609 0.9953773617744446 0.09602649509906769 50.921573638916016 -0.04184633120894432 -0.09587559103965759 0.9945129752159119 -1400.8310546875
* 0.9962696433067322 -0.01303127035498619 0.08531176298856735 -384.8644714355469 0.0023483182303607464 0.992246687412262 0.12426140159368515 47.258872985839844 -0.08627015352249146 -0.12359872460365295 0.9885748624801636 -1399.5076904296875
* 0.9966334700584412 -0.037570614367723465 0.0728779211640358 -398.166015625 0.020690253004431725 0.9752848148345947 0.21998053789138794 42.79033660888672 -0.07934210449457169 -0.2177332192659378 0.9727777242660522 -1375.2608642578125
* 0.9981099367141724 -0.011346770450472832 0.060405563563108444 -417.9727783203125 0.004546461161226034 0.9937302470207214 0.11171266436576843 38.01296615600586 -0.06129496544599533 -0.11122816056013107 0.9919025897979736 -1376.222412109375
* 0.9998509883880615 -0.0032088698353618383 0.016993530094623566 -437.4659118652344 0.0023057428188622 0.9985651969909668 0.05350136756896973 36.13026428222656 -0.017141416668891907 -0.053455550223588943 0.9984228610992432 -1386.903564453125
* 0.9985421299934387 0.013885063119232655 -0.05217130854725838 -445.9918212890625 -0.014484056271612644 0.9998312592506409 -0.011320090852677822 34.5437126159668 0.052004702389240265 0.012057820335030556 0.9985737800598145 -1383.2552490234375
* 0.9971925020217896 0.01232510432600975 -0.07386600226163864 -445.8177490234375 -0.015218966640532017 0.9991281032562256 -0.038884975016117096 32.6557502746582 0.07332169264554977 0.03989852964878082 0.9965097308158875 -1376.4661865234375
* 0.9993597865104675 0.006188255734741688 -0.03525086119771004 -449.1844787597656 -0.006658557336777449 0.9998865723609924 -0.013534756377339363 32.614418029785156 0.03516247868537903 0.01375940628349781 0.9992867112159729 -1396.08447265625
* 0.9998146891593933 4.0718948002904654E-4 -0.019267473369836807 -439.6787414550781 -6.463897880166769E-4 0.9999163150787354 -0.012948988005518913 33.18390655517578 0.019259966909885406 0.012957644648849964 0.9997303485870361 -1389.2025146484375
* 0.9979621171951294 -0.007348689716309309 -0.06339061260223389 -422.673095703125 0.006239213515073061 0.999821662902832 -0.01784585230052471 29.03822135925293 0.06350977718830109 0.0174125786870718 0.9978290796279907 -1364.0072021484375
* 0.997725784778595 -0.006593625992536545 -0.06708642840385437 -413.0227966308594 0.0035621998831629753 0.9989647269248962 -0.04536070674657822 18.022476196289063 0.06731539964675903 0.04501714929938316 0.9967154860496521 -1364.89306640625
* 0.995162844657898 -0.017196020111441612 -0.0967259481549263 -400.1431579589844 0.012467615306377411 0.9987024068832397 -0.0493847094476223 7.0161943435668945 0.09744894504547119 0.04793846979737282 0.9940851926803589 -1353.02734375
* 0.9829042553901672 -0.03131479397416115 -0.1814369112253189 -384.4928894042969 0.025998679921030998 0.999160885810852 -0.03166217729449272 -8.554512977600098 0.18227535486221313 0.026402389630675316 0.9828927516937256 -1325.6005859375
* 0.9938737750053406 -0.030735330656170845 -0.10616561025381088 -387.9736328125 0.029307594522833824 0.9994571208953857 -0.015080020762979984 -23.86543846130371 0.10657070577144623 0.011874813586473465 0.9942340850830078 -1364.0302734375
* 0.9953676462173462 -0.02295134775340557 -0.0933670774102211 -389.20245361328125 0.018469464033842087 0.9986432790756226 -0.04869692772626877 -32.24114990234375 0.09435732662677765 0.04674549773335457 0.9944402575492859 -1387.1925048828125
* 0.9961216449737549 -0.01815716177225113 -0.08609841763973236 -387.7920227050781 0.016668250784277916 0.9996976852416992 -0.018100900575518608 -36.539344787597656 0.08640033006668091 0.016594206914305687 0.9961221814155579 -1398.78271484375
* 0.996991753578186 -0.01364084891974926 -0.07630414515733719 -391.1356506347656 0.01338304951786995 0.9999027848243713 -0.004025092348456383 -37.802452087402344 0.07635093480348587 0.002990434877574444 0.9970764517784119 -1421.8778076171875
* 0.9971525073051453 -0.007481953129172325 -0.07504534721374512 -390.61834716796875 0.007252243813127279 0.9999681115150452 -0.0034714641515165567 -39.0711555480957 0.07506824284791946 0.002915959572419524 0.997174084186554 -1420.836669921875
* 0.9920014142990112 -0.024131618440151215 -0.12390314042568207 -383.9526672363281 0.02731422521173954 0.9993399381637573 0.02396748587489128 -44.04847717285156 0.12324220687150955 -0.027161428704857826 0.9920048117637634 -1388.6383056640625
