#
#
#
#
#
#
#
#
#
#
#
#
#
#
#
#
#
#
#
#
#
#
#
#
#
#
#
#
#
#
#
#
#
#
#
#
#
#
#
#
#
#
#
#
#
#
#
#
#
#
#
#
#
#
#
#
#
#
#
#
#
#
#
#
#
#
#
#
#
#
#
#
#
#
#
#
#
#
#
#
#
#
#
#
#
#
#
#
#
#
#
#
#
#
#
#
#
#
#
#
#
#
#
#
#
#
#
#
#
#
#
#
#
#
#
#
#
#
#
#
#
#
#
#
#
#
#
#
#
#
#
#
#
#
#
#
#
#
#
#
#
#
#
#
#
#
#
#
#
#
#
#
#
#
#
#
#
#
#
#
#
#
#
#
#
#
#
#
#
#
#
#
#
#
#
#
#
#
#
#
#
#
#
#
#
#
#
#
#
#
#
#
#
#
#
#
#
#
#
#
#
#
#
#
#
#
#
#
#
#
#
#
#
#
#
#
#
#
#
#
#
#
#
#
#
#
#
#
#
#
#
#
#
#
#
* 0.758353590965271 0.02703610248863697 0.6512783765792847 -625.89892578125 0.1316297948360443 0.9722087383270264 -0.19360555708408356 125.86640167236328 -0.6384111642837524 0.23249436914920807 0.7337362766265869 -1882.899169921875
* 0.7991341352462769 -0.003033619374036789 0.6011406779289246 -642.6528930664063 0.10434924811124802 0.9855098724365234 -0.1337188482284546 126.90725708007813 -0.5920208692550659 0.1695321500301361 0.7878841757774353 -1958.390625
* 0.7521271705627441 -0.03816787153482437 0.6579077839851379 -629.6334838867188 0.09671525657176971 0.9939058423042297 -0.05288180708885193 122.26273345947266 -0.6518764495849609 0.1033470630645752 0.7512441277503967 -1940.023193359375
* 0.7284263372421265 -0.0160808265209198 0.6849313974380493 -619.1829223632813 0.1212938204407692 0.9869614839553833 -0.10580173134803772 111.64875793457031 -0.674297571182251 0.16009078919887543 0.7208917737007141 -1921.524658203125
* 0.7639825940132141 -0.023508891463279724 0.6448041796684265 -625.8333129882813 0.08513177931308746 0.9942734241485596 -0.06459229439496994 104.80744934082031 -0.6395887732505798 0.10418437421321869 0.7616187334060669 -1956.409423828125
* 0.7577740550041199 -0.026346292346715927 0.6519806981086731 -623.8745727539063 0.08653271943330765 0.9944180250167847 -0.06036600098013878 99.58049011230469 -0.6467466354370117 0.1021050438284874 0.7558336853981018 -1960.5947265625
* 0.7650396823883057 -0.004797820001840591 0.6439609527587891 -632.50146484375 0.10585225373506546 0.9873104095458984 -0.11837469041347504 103.24269104003906 -0.6352181434631348 0.15867023169994354 0.7558523416519165 -1990.2305908203125
* 0.777130126953125 0.0049902331084012985 0.6293156743049622 -635.530517578125 0.12015330791473389 0.9804016947746277 -0.15612459182739258 114.00135040283203 -0.617758572101593 0.19688811898231506 0.7613149285316467 -1994.5787353515625
#
* 0.7407110333442688 -0.029243022203445435 0.6711871027946472 -608.5181884765625 0.11798600852489471 0.9891760945320129 -0.08711295574903488 144.97988891601563 -0.6613781452178955 0.14376921951770782 0.7361519932746887 -1874.8162841796875
* 0.7299229502677917 -0.04180264100432396 0.6822501420974731 -614.9182739257813 0.13828489184379578 0.986508309841156 -0.08750559389591217 171.22203063964844 -0.6693899035453796 0.15827031433582306 0.7258636951446533 -1864.0843505859375
#
#
#
* 0.7648314833641052 0.031281933188438416 0.6434715390205383 -658.5631103515625 0.14870662987232208 0.963276207447052 -0.22357866168022156 241.60362243652344 -0.6268333792686462 0.26668572425842285 0.7320905923843384 -1917.1981201171875
#
* 0.7246009111404419 0.09616053849458694 0.6824278831481934 -623.737548828125 0.16422207653522491 0.9376017451286316 -0.30648985505104065 245.45848083496094 -0.6693180799484253 0.33415526151657104 0.6635921001434326 -1803.3055419921875
#
#
#
#
#
* 0.6806638836860657 0.07225354760885239 0.7290242314338684 -673.9540405273438 0.10100174695253372 0.9763659238815308 -0.1910681277513504 146.2689971923828 -0.7256001234054565 0.20360632240772247 0.6572927236557007 -1818.0986328125
#
* 0.5709412693977356 0.09016890823841095 0.816024124622345 -623.5333862304688 0.08926600962877274 0.9812343716621399 -0.17087788879871368 106.84576416015625 -0.8161211013793945 0.17038607597351074 0.5521876215934753 -1669.8511962890625
* 0.42494797706604004 0.00442207558080554 0.9052066802978516 -557.30126953125 0.013917431235313416 0.999832272529602 -0.011415651068091393 59.97975540161133 -0.9051074385643005 0.017429471015930176 0.4248211979866028 -1489.7376708984375
* 0.6576189994812012 -3.2154875952983275E-5 0.7533504366874695 -668.8815307617188 0.004113649949431419 0.9999794363975525 -0.003545583924278617 32.025638580322266 -0.7533350586891174 0.0054108514450490475 0.6576118469238281 -1798.1729736328125
#
* 0.682319164276123 0.07828095555305481 0.7268523573875427 -664.5424194335938 0.03738992288708687 0.989219605922699 -0.14164312183856964 67.88776397705078 -0.7301029562950134 0.12384039908647537 0.672023355960846 -1804.5335693359375
#
#
#
#
#
#
#
#
#
#
#
#
#
#
#
#
#
#
#
#
#
* 0.7978448271751404 0.013497522100806236 0.6027119159698486 -671.76708984375 0.19992609322071075 0.9372503757476807 -0.2856428921222687 321.3221435546875 -0.5687470436096191 0.3483961224555969 0.7450814843177795 -1930.570068359375
* 0.8674560189247131 0.023506030440330505 0.4969586730003357 -661.6876220703125 0.1623748242855072 0.9308099746704102 -0.32745668292045593 320.6476745605469 -0.4702708423137665 0.3647473454475403 0.803619384765625 -1921.3271484375
#
#
* 0.834394097328186 0.06900931149721146 0.5468297004699707 -632.6226196289063 0.1616635024547577 0.9178438186645508 -0.3625226616859436 378.19476318359375 -0.526925265789032 0.3908979594707489 0.7546883225440979 -1943.3687744140625
* 0.8270950317382813 0.07392054796218872 0.5571787357330322 -632.2330932617188 0.15557925403118134 0.922463595867157 -0.3533428907394409 384.15045166015625 -0.5401000380516052 0.3789423406124115 0.7514656782150269 -1933.447998046875
#
#
#
#
#
#
#
#
#
#
#
* 0.6914944648742676 -0.037794776260852814 0.7213957905769348 -677.897705078125 0.0040814075618982315 0.9988214373588562 0.04842531308531761 -20.21443748474121 -0.7223743200302124 -0.030549656599760056 0.6908250451087952 -1857.9342041015625
#
* 0.6603227853775024 -0.018607351928949356 0.7507343888282776 -674.7127685546875 0.0438486710190773 0.9986224174499512 -0.013546733185648918 -13.16586971282959 -0.7495758533477783 0.03340998664498329 0.6609230637550354 -1837.824951171875
#
#
#
#
#
#
* 1.0181143283843994 -0.1694774329662323 -0.19952137768268585 -753.2822265625 0.039252690970897675 1.0263214111328125 0.9072015285491943 36.75168991088867 -0.02379560098052025 -0.3056158125400543 1.045035481452942 -2015.2855224609375
* 1.0123662948608398 -0.15796469151973724 -0.23505230247974396 -736.5494995117188 0.058867260813713074 1.0312154293060303 0.9005669355392456 40.60781478881836 0.017350805923342705 -0.30069467425346375 1.0465887784957886 -1987.8214111328125
* 1.0147473812103271 -0.15333379805088043 -0.22773830592632294 -729.8035278320313 0.04589058831334114 1.0476055145263672 0.8822179436683655 37.34343719482422 0.015179585665464401 -0.2817952334880829 1.0518685579299927 -1983.1292724609375
* 1.0106698274612427 -0.14373627305030823 -0.2509472966194153 -727.55908203125 0.05757935717701912 1.038507342338562 0.8922324776649475 33.53061294555664 0.03960135579109192 -0.29279839992523193 1.0482208728790283 -1983.333251953125
* 1.0099639892578125 -0.14635255932807922 -0.2522735297679901 -721.8623657226563 0.06400100886821747 1.0197184085845947 0.9132195115089417 36.82487487792969 0.03560696542263031 -0.31430163979530334 1.0421192646026611 -1963.2811279296875
#
#
* 0.7018967270851135 -0.019731691107153893 0.7120053172111511 -702.1470947265625 0.12117040157318115 0.9883548021316528 -0.09206092357635498 73.28418731689453 -0.7018972635269165 0.15089882910251617 0.6961112022399902 -1851.3953857421875
#
#
#
#
#
#
#
#
#
#
#
#
#
#
#
#
#
#
#
#
#
#
#
#
#
#
#
#
#
#
#
#
#
#
#
#
#
#
#
#
#
#
#
#
#
#
#
#
#
#
#
#
#
#
#
#
#
#
#
#
#
#
#
#
#
#
#
#
#
#
#
#
#
#
#
#
#
#
#
#
#
#
#
#
#
#
#
#
#
#
#
#
#
#
#
#
#
#
#
#
#
#
#
#
#
#
#
#
#
#
#
#
#
#
#
#
#
#
#
#
#
#
#
#
#
#
#
#
#
#
#
#
#
#
#
#
#
#
#
#
#
#
#
#
#
#
#
#
#
#
#
#
#
#
#
#
#
#
#
#
#
#
#
#
#
#
#
#
#
#
#
#
#
#
#
#
#
#
#
#
#
#
#
#
#
#
#
#
#
#
#
* 0.9898813962936401 0.00402071513235569 0.14183592796325684 -436.0767822265625 0.03712800517678261 0.9574272036552429 -0.2862759530544281 86.5220947265625 -0.13695016503334045 0.2886465787887573 0.9475913047790527 -1379.5374755859375
* 0.996386706829071 -0.04604242369532585 -0.07136218249797821 -415.30352783203125 0.033800892531871796 0.9858642816543579 -0.16409918665885925 70.82225799560547 0.0779077485203743 0.1610952764749527 0.9838598370552063 -1383.402587890625
* 0.984110951423645 -0.04389964044094086 -0.17203928530216217 -404.234375 0.03511721268296242 0.9979363679885864 -0.053752265870571136 53.596099853515625 0.17404292523860931 0.04685761407017708 0.9836232662200928 -1377.400390625
* 0.9680293202400208 -0.05467892065644264 -0.24480290710926056 -388.5514221191406 0.04350123926997185 0.997759222984314 -0.050831109285354614 32.845672607421875 0.24703286588191986 0.03855773061513901 0.9682403206825256 -1336.84619140625
* 0.9776970744132996 -0.05086095258593559 -0.20376591384410858 -397.64776611328125 0.05006573721766472 0.998704731464386 -0.009047787636518478 8.345160484313965 0.20396122336387634 -0.0013547907583415508 0.97897869348526 -1366.65380859375
* 0.987494170665741 -0.05485626310110092 -0.14780117571353912 -411.27410888671875 0.0542018748819828 0.9984940886497498 -0.008439010009169579 -12.750645637512207 0.1480405181646347 3.232867456972599E-4 0.9889820218086243 -1409.499755859375
* 0.9964146018028259 -0.05013852193951607 -0.06814048439264297 -425.94439697265625 0.050935257226228714 0.9986512660980225 0.010039051994681358 -23.32166290283203 0.06754407286643982 -0.013472923077642918 0.9976260662078857 -1453.17041015625
* 0.99700927734375 -0.043216679245233536 -0.06406163424253464 -426.9085998535156 0.04309734329581261 0.9990655779838562 -0.003207850269973278 -31.67676544189453 0.06413924694061279 4.3827295303344727E-4 0.9979416728019714 -1441.5010986328125
* 0.9970869421958923 -0.05408378690481186 -0.05377345159649849 -433.2413330078125 0.05402020737528801 0.9985362887382507 -0.002592891687527299 -41.070308685302734 0.05383380502462387 -3.185925888828933E-4 0.9985507130622864 -1457.508544921875
* 0.9986776113510132 -0.04340305179357529 -0.027534641325473785 -433.1468811035156 0.04111373424530029 0.9960424900054932 -0.07879435271024704 -43.923526763916016 0.03084436245262623 0.07755913585424423 0.9965113401412964 -1470.13671875
* 0.9980721473693848 -0.048399075865745544 -0.038839105516672134 -426.807861328125 0.04824722558259964 0.9988237619400024 -0.004778482019901276 -44.641780853271484 0.03902348875999451 0.0028963088989257813 0.9992349147796631 -1470.5989990234375
* 0.9934778809547424 -0.052577197551727295 -0.10117530077695847 -415.72247314453125 0.05342652276158333 0.9985551834106445 0.0057244147174060345 -52.601478576660156 0.10072704404592514 -0.011091619729995728 0.9948530793190002 -1441.55517578125
* 0.9979944825172424 -0.045149922370910645 -0.04435719549655914 -424.9411315917969 0.04539364576339722 0.9989585876464844 0.004554759711027145 -60.44702911376953 0.04410416632890701 -0.006558265537023544 0.9990061521530151 -1472.803955078125
* 0.9981478452682495 -0.05982952564954758 -0.010973084717988968 -430.9442138671875 0.060195572674274445 0.9974984526634216 0.03705120459198952 -58.55817413330078 0.00872763991355896 -0.0376422293484211 0.9992539286613464 -1481.673583984375
* 0.998518705368042 -0.0509992279112339 0.018935268744826317 -436.733154296875 0.05065120384097099 0.9985482692718506 0.01830875873565674 -51.70537567138672 -0.019842805340886116 -0.017321644350886345 0.9996538162231445 -1477.318603515625
* 0.996475100517273 -0.057481009513139725 0.06109277904033661 -444.2594299316406 0.05119169503450394 0.9936779737472534 0.09991423785686493 -43.34107208251953 -0.06645108759403229 -0.09643383324146271 0.9931195378303528 -1465.5565185546875
* 0.9966432452201843 -0.036492589861154556 0.07327708601951599 -458.64654541015625 0.03614867106080055 0.9993281960487366 0.005982883274555206 -35.313716888427734 -0.0734475776553154 -0.003313034772872925 0.9972944259643555 -1463.90771484375
* 0.9968513250350952 -0.04498453810811043 0.06529024988412857 -467.4100341796875 0.04011393338441849 0.9964471459388733 0.07405003905296326 -31.512414932250977 -0.06839076429605484 -0.0711970403790474 0.9951157569885254 -1452.1148681640625
* 0.9980702996253967 -0.04077392444014549 0.04682062938809395 -477.1554870605469 0.03946167975664139 0.9988123178482056 0.02856951579451561 -32.24496078491211 -0.0479312539100647 -0.026665914803743362 0.9984954595565796 -1445.470947265625
* 0.9988380670547485 -0.031698256731033325 0.036287643015384674 -488.6890563964844 0.030497992411255836 0.9989862442016602 0.033103059977293015 -31.888748168945313 -0.03730150684714317 -0.03195708245038986 0.9987937808036804 -1449.5064697265625
* 0.9991562366485596 -0.039754003286361694 -0.010266602039337158 -493.265625 0.03984714671969414 0.999162495136261 0.00927056185901165 -26.738170623779297 0.009888209402561188 -0.009670982137322426 0.9999051690101624 -1438.8779296875
* 0.9995097517967224 -0.031140994280576706 -0.003067868063226342 -502.2842102050781 0.031052079051733017 0.9992028474807739 -0.02508116513490677 -19.102916717529297 0.0038451997097581625 0.02497449889779091 0.9996814727783203 -1453.4725341796875
* 0.998492419719696 -0.04792502894997597 -0.026736414059996605 -498.16888427734375 0.04774270951747894 0.9988325238227844 -0.0073299407958984375 -9.040353775024414 0.02705526165664196 0.00604330375790596 0.9996163845062256 -1442.0997314453125
* 0.9988479614257813 -0.03438115119934082 -0.033457934856414795 -496.4285888671875 0.033361777663230896 0.998977780342102 -0.030495263636112213 -3.669032573699951 0.034470994025468826 0.02934481017291546 0.9989755153656006 -1444.1085205078125
* 0.9977720975875854 -0.03820589929819107 -0.05467946082353592 -489.068359375 0.036226656287908554 0.9986692070960999 -0.036700282245874405 -9.746562957763672 0.05600769817829132 0.03463857248425484 0.9978299736976624 -1421.0013427734375
* 0.9990197420120239 -0.043628521263599396 0.007395762950181961 -499.8223876953125 0.04367596283555031 0.9990229606628418 -0.006706928834319115 -11.839632034301758 -0.007097184658050537 0.007024241611361504 0.9999508857727051 -1439.022216796875
* 0.9959850311279297 -0.04514668881893158 0.07729347050189972 -509.275634765625 0.04484640434384346 0.9989780783653259 0.005587309133261442 -4.871409893035889 -0.07746810466051102 -0.002097685821354389 0.9969934225082397 -1436.5108642578125
* 0.9982615113258362 -0.05184292793273926 -0.02801968902349472 -512.5756225585938 0.052182503044605255 0.998569905757904 0.011611420661211014 3.0572900772094727 0.02737644873559475 -0.013052521273493767 0.9995408654212952 -1420.3702392578125
* 0.9988316893577576 -0.039650484919548035 -0.02760154753923416 -518.9080810546875 0.03860882669687271 0.9985608458518982 -0.03722047805786133 10.195969581604004 0.029036415740847588 0.03611224517226219 0.9989266395568848 -1427.978271484375
* 0.9974474906921387 -0.058593351393938065 -0.040790315717458725 -516.9205322265625 0.0598861463367939 0.9977146983146667 0.03128653019666672 21.829626083374023 0.03886273130774498 -0.03364863991737366 0.9986786842346191 -1410.8359375
* 0.9971215724945068 -0.03844084590673447 0.06534121185541153 -530.4375610351563 0.03723764047026634 0.999116063117981 0.019498493522405624 29.693382263183594 -0.06603437662124634 -0.017008420079946518 0.9976731538772583 -1426.1700439453125
* 0.9904986619949341 -0.04303049296140671 0.13061146438121796 -537.5850830078125 0.038561511784791946 0.9985879063606262 0.036537736654281616 31.308691024780273 -0.13200074434280396 -0.031153228133916855 0.9907606840133667 -1410.5565185546875
* 0.9902123808860779 -0.061185143887996674 0.12543651461601257 -546.8800048828125 0.05688493326306343 0.9976735711097717 0.03756697475910187 40.1996955871582 -0.12744466960430145 -0.030063055455684662 0.9913907647132874 -1395.2396240234375
* 0.9882105588912964 -0.07088881731033325 0.13569530844688416 -561.2456665039063 0.0651441141963005 0.9968006610870361 0.046306312084198 50.32806396484375 -0.1385452300310135 -0.03691985085606575 0.9896684885025024 -1391.705078125
* 0.9954600930213928 -0.03750210255384445 0.087471604347229 -573.5413818359375 0.04209570959210396 0.9977954030036926 -0.05130281299352646 54.326507568359375 -0.08535619080066681 0.05475299060344696 0.9948456883430481 -1389.443359375
* 0.9987201690673828 -0.04276184365153313 0.026982381939888 -577.1314086914063 0.04319174587726593 0.9989442825317383 -0.015644507482647896 55.74144744873047 -0.026286190375685692 0.016790758818387985 0.9995142817497253 -1375.953857421875
* 0.9994322061538696 -0.03343243524432182 -0.004038085229694843 -581.8170776367188 0.0331692174077034 0.998041033744812 -0.05304662510752678 62.3266716003418 0.005802422761917114 0.05288345366716385 0.9985846877098083 -1377.2318115234375
* 0.9987916946411133 -0.046474017202854156 0.015943266451358795 -584.1312255859375 0.046947870403528214 0.9984186291694641 -0.030919406563043594 69.31636810302734 -0.014482345432043076 0.03163141757249832 0.9993955492973328 -1373.95703125
* 0.9980663061141968 -0.04983413591980934 0.037136584520339966 -588.956787109375 0.05084920674562454 0.9983419179916382 -0.02697315812110901 72.72974395751953 -0.03573209047317505 0.028810223564505577 0.9989469051361084 -1371.541259765625
* 0.9994949102401733 -0.01954624429345131 0.025035012513399124 -589.8823852539063 0.021504806354641914 0.9965132474899292 -0.08061458170413971 74.56412506103516 -0.02337324619293213 0.08111312985420227 0.9964317083358765 -1360.233642578125
#
* 0.6566988825798035 -0.026986468583345413 0.7536696195602417 -587.677490234375 0.06905362755060196 0.9973129034042358 -0.02445877715945244 65.96965026855469 -0.750984787940979 0.06810612976551056 0.6567980647087097 -1345.619384765625
* 0.6568590402603149 -0.030331073328852654 0.7534028887748718 -588.7176513671875 0.060623716562986374 0.9980800747871399 -0.012674150988459587 74.74576568603516 -0.7515723705291748 0.05399966239929199 0.6574369072914124 -1351.4381103515625
* 0.6868963837623596 -0.02428702637553215 0.7263492345809937 -587.9415893554688 0.07038436084985733 0.9969662427902222 -0.03322610259056091 80.55480194091797 -0.7233390808105469 0.07394696772098541 0.6865221858024597 -1357.8580322265625
* 0.6774278879165649 -0.018006108701229095 0.7353686094284058 -577.6693115234375 0.07944131642580032 0.9956440329551697 -0.04880329594016075 78.79915618896484 -0.731286883354187 0.0914798304438591 0.6759076714515686 -1346.9605712890625
* 0.7110386490821838 -0.02721681073307991 0.7026258707046509 -574.7208251953125 0.07229694724082947 0.9967843294143677 -0.034551747143268585 74.31761932373047 -0.6994263529777527 0.07536578923463821 0.7107201218605042 -1358.98681640625
* 0.7200226783752441 -0.061919037252664566 0.6911824345588684 -565.9124755859375 0.05932978540658951 0.9978570342063904 0.027586404234170914 68.0166015625 -0.691409707069397 0.021145310252904892 0.7221536636352539 -1361.663330078125
* 0.7027484178543091 -0.026712555438280106 0.7109365463256836 -560.2792358398438 0.06088805943727493 0.9978864789009094 -0.02269289642572403 61.0506706237793 -0.7088280916213989 0.05923540145158768 0.7028899788856506 -1370.8812255859375
* 0.6939219832420349 -0.01878095604479313 0.7198050022125244 -551.9166259765625 0.05209357291460037 0.9983495473861694 -0.024172168225049973 51.9307975769043 -0.718163251876831 0.054271262139081955 0.6937553882598877 -1365.4105224609375
* 0.6733836531639099 -0.025939425453543663 0.7388377785682678 -547.7222290039063 0.055058062076568604 0.9983684420585632 -0.01512974314391613 43.37104034423828 -0.7372400760650635 0.05086753889918327 0.6737135052680969 -1361.630859375
* 0.6738854646682739 -0.01152725424617529 0.7387456297874451 -550.6494750976563 0.047725990414619446 0.9984690546989441 -0.0279562808573246 34.773189544677734 -0.7372925877571106 0.054097145795822144 0.673404335975647 -1367.046630859375
* 0.6990472674369812 -0.00537570146843791 0.715054988861084 -556.29443359375 0.06188138946890831 0.9966750144958496 -0.05300365388393402 27.955795288085938 -0.7123926877975464 0.08130111545324326 0.697055995464325 -1374.3626708984375
* 0.7060991525650024 -0.01545347087085247 0.7079440355300903 -564.0352783203125 0.05533214285969734 0.9979088306427002 -0.03340538591146469 29.469097137451172 -0.7059475779533386 0.06276002526283264 0.7054780721664429 -1381.797607421875
* 0.7097769975662231 -0.038274191319942474 0.7033855319023132 -570.29296875 0.05303172022104263 0.9985922574996948 8.235735585913062E-4 36.02897644042969 -0.7024271488189697 0.03671763092279434 0.7108080387115479 -1382.4296875
* 0.7247809767723083 -0.03645266965031624 0.6880139708518982 -574.2827758789063 0.056578803807497025 0.9983753561973572 -0.006706411950290203 39.45854568481445 -0.6866520047187805 0.0437881238758564 0.7256664633750916 -1390.760009765625
* 0.7851770520210266 -0.05064070224761963 0.617196798324585 -564.2547607421875 0.061118170619010925 0.9981216788291931 0.004142411984503269 41.73684310913086 -0.6162475347518921 0.034469835460186005 0.7867979407310486 -1390.5296630859375
* 0.7801694273948669 -0.03804439306259155 0.6244098544120789 -548.7168579101563 0.06771516054868698 0.9974195957183838 -0.023835910484194756 44.012794494628906 -0.6218920946121216 0.06087849661707878 0.7807331085205078 -1387.4171142578125
* 0.7360827922821045 -0.03642391040921211 0.6759103536605835 -543.798583984375 0.06225533410906792 0.9979614615440369 -0.014019197784364223 43.15676498413086 -0.6740221977233887 0.052398741245269775 0.7368505001068115 -1400.7132568359375
* 0.7150925397872925 -0.03074684366583824 0.6983528137207031 -541.4476318359375 0.059872742742300034 0.9980546236038208 -0.01736631989479065 41.33341979980469 -0.6964606642723083 0.05423124507069588 0.7155429124832153 -1404.179931640625
#
* 0.7715118527412415 0.00697249174118042 0.6361753344535828 -551.3060302734375 0.06405694782733917 0.9940052628517151 -0.08858731389045715 43.90485382080078 -0.6329811811447144 0.10910454392433167 0.7664424180984497 -1385.0057373046875
* 0.673724889755249 -0.007312839850783348 0.7389447689056396 -553.6441040039063 0.07087305188179016 0.995979368686676 -0.0547688789665699 43.784263610839844 -0.7355754375457764 0.08927730470895767 0.6715364456176758 -1373.015380859375
* 0.720270037651062 -0.01918705925345421 0.6934270262718201 -558.11376953125 0.07327763736248016 0.9961273670196533 -0.04855969175696373 45.427146911621094 -0.6898120045661926 0.08579564094543457 0.7188889980316162 -1388.674072265625
* 0.7386705279350281 -0.05343056097626686 0.6719440817832947 -546.4447021484375 0.05936567857861519 0.9981353878974915 0.014098795130848885 46.105316162109375 -0.671446681022644 0.029482701793313026 0.7404681444168091 -1379.6802978515625
* 0.7126002907752991 -0.018846984952688217 0.7013155221939087 -549.3544311523438 0.0628838911652565 0.997329592704773 -0.037101779133081436 49.101280212402344 -0.6987457871437073 0.07054697722196579 0.7118850350379944 -1402.0758056640625
* 0.7290555834770203 -0.016619987785816193 0.684251070022583 -551.6820678710938 0.053421054035425186 0.9980356097221375 -0.03268568962812424 52.998077392578125 -0.682366132736206 0.06038985028862953 0.7285138368606567 -1402.126220703125
* 0.7485467195510864 -0.008132535964250565 0.6630305647850037 -553.8802490234375 0.07160574197769165 0.9950667023658752 -0.06864458322525024 54.82545471191406 -0.6592036485671997 0.09886734932661057 0.7454386353492737 -1388.443359375
* 0.7067911624908447 -0.008656259626150131 0.7073677182197571 -559.52294921875 0.06980940699577332 0.9958961009979248 -0.05757340043783188 55.963844299316406 -0.7039688229560852 0.0900801345705986 0.7044972777366638 -1385.856201171875
* 0.7009556889533997 -0.03397402539849281 0.7123935222625732 -563.128662109375 0.05600626394152641 0.9984007477760315 -0.007501251995563507 56.86091613769531 -0.711001992225647 0.04516322538256645 0.7017402648925781 -1387.9532470703125
* 0.689007580280304 -0.059432875365018845 0.7223114967346191 -558.1200561523438 0.05432368442416191 0.9980621933937073 0.030295299366116524 56.813514709472656 -0.7227150797843933 0.018371500074863434 0.6909041404724121 -1376.9705810546875
* 0.7072967290878296 -0.031525593250989914 0.7062117457389832 -558.3259887695313 0.06173912063241005 0.9979408979415894 -0.01729349046945572 57.3192024230957 -0.7042151093482971 0.05583926662802696 0.7077895998954773 -1382.0052490234375
* 0.7178272604942322 -0.033856820315122604 0.6953957676887512 -555.4530029296875 0.062209874391555786 0.9979389309883118 -0.015637962147593498 60.65599822998047 -0.6934357285499573 0.054492585361003876 0.7184569835662842 -1386.7056884765625
* 0.7019230127334595 -0.03185785189270973 0.7115383148193359 -552.4275512695313 0.06287522614002228 0.9978688359260559 -0.017355747520923615 63.53300857543945 -0.7094717621803284 0.056927286088466644 0.7024331092834473 -1385.74609375
* 0.6961638927459717 -0.03644866496324539 0.716955304145813 -551.4664916992188 0.05877261236310005 0.9982496500015259 -0.006327022798359394 63.83087921142578 -0.7154726386070251 0.04654870182275772 0.6970905661582947 -1384.5325927734375
* 0.703353226184845 0.0012593716382980347 0.7108376622200012 -553.8823852539063 0.07158178836107254 0.9947875142097473 -0.07259853929281235 62.980430603027344 -0.707226574420929 0.10195238888263702 0.6995995044708252 -1388.21923828125
* 0.703353226184845 0.0012593716382980347 0.7108376622200012 -553.8823852539063 0.07158178836107254 0.9947875142097473 -0.07259853929281235 62.980430603027344 -0.707226574420929 0.10195238888263702 0.6995995044708252 -1388.21923828125
* 0.7262181639671326 -0.03491409122943878 0.6865752935409546 -558.7042236328125 0.056835927069187164 0.9983380436897278 -0.009357929229736328 63.61070251464844 -0.6851101517677307 0.04582475870847702 0.7269988656044006 -1405.7625732421875
* 0.7431769967079163 -0.01269197091460228 0.6689726114273071 -546.0714111328125 0.07087033241987228 0.9956867694854736 -0.05984950065612793 62.95338439941406 -0.6653299331665039 0.09189599752426147 0.7408739924430847 -1388.9464111328125
* 0.8071394562721252 -0.029163070023059845 0.5896379351615906 -538.5694580078125 0.06801551580429077 0.9967199563980103 -0.043817199766635895 65.06161499023438 -0.5864280462265015 0.0754779577255249 0.8064788579940796 -1400.369140625
* 0.7872129082679749 -0.05648501589894295 0.614086925983429 -533.6469116210938 0.053329359740018845 0.9982998967170715 0.023452244699001312 67.02984619140625 -0.6143698692321777 0.014293547719717026 0.788890540599823 -1420.467529296875
* 0.7657189965248108 0.015400022268295288 0.642988920211792 -534.1870727539063 0.059272490441799164 0.9937670230865479 -0.09439637511968613 67.9274673461914 -0.6404371857643127 0.11039964854717255 0.7600362300872803 -1434.8963623046875
* 0.7327283024787903 -0.007502217777073383 0.6804780960083008 -527.420654296875 0.06242474168539047 0.9964622259140015 -0.05624048784375191 67.78488159179688 -0.6776512265205383 0.08369456976652145 0.7306072115898132 -1414.72509765625
* 0.7375052571296692 -0.01797175034880638 0.6751003861427307 -528.0571899414063 0.05279865488409996 0.9981186389923096 -0.031116953119635582 67.98485565185547 -0.6732736229896545 0.05860011279582977 0.7370695471763611 -1412.26953125
* 0.7397030591964722 -0.007629241794347763 0.6728883385658264 -528.7366943359375 0.06440701335668564 0.9961457252502441 -0.059516485780477524 67.00115203857422 -0.6698431968688965 0.08737016469240189 0.7373462319374084 -1413.9429931640625
* 0.7460144758224487 -0.024898329749703407 0.6654621958732605 -529.58935546875 0.05412092059850693 0.9982601404190063 -0.023330699652433395 66.27596282958984 -0.6637260317802429 0.05342724174261093 0.7460671663284302 -1417.16064453125
* 0.7329046726226807 -0.008605780079960823 0.680275022983551 -527.4869384765625 0.058177296072244644 0.9970480799674988 -0.05007351189851761 66.15367126464844 -0.6778385639190674 0.0762825459241867 0.7312447428703308 -1412.5777587890625
* 0.738214910030365 -0.0028008120134472847 0.6745578050613403 -525.9763793945313 0.0673443078994751 0.9952992796897888 -0.06957545876502991 65.12834167480469 -0.6711946129798889 0.09679622948169708 0.7349362373352051 -1405.0089111328125
* 0.7389460802078247 0.012212029658257961 0.6736518740653992 -526.9246826171875 0.061776041984558105 0.9943937063217163 -0.08579869568347931 60.5420036315918 -0.6709256172180176 0.10502313822507858 0.7340517044067383 -1394.423095703125
* 0.7178635597229004 -0.012093955650925636 0.6960768103599548 -533.2866821289063 0.056541942059993744 0.9975568056106567 -0.04098787158727646 56.77301788330078 -0.6938832998275757 0.068788081407547 0.7167964577674866 -1397.5760498046875
* 0.7054387331008911 -0.00867097545415163 0.7087159752845764 -531.8536376953125 0.05491252988576889 0.997586190700531 -0.04246142879128456 56.79475784301758 -0.7066400051116943 0.068878173828125 0.7042149901390076 -1391.600830078125
* 0.7355204224586487 -0.01604703813791275 0.6773105263710022 -535.7383422851563 0.044106923043727875 0.9987308979034424 -0.024243803694844246 58.19789123535156 -0.6760647892951965 0.04771265760064125 0.7352979183197021 -1409.022216796875
* 0.7188182473182678 -0.014625134877860546 0.6950422525405884 -532.0950317382813 0.04988260567188263 0.9982848167419434 -0.030591219663619995 58.08027267456055 -0.6934055685997009 0.056666843593120575 0.7183179259300232 -1405.42919921875
* 0.7207412719726563 0.005223202984780073 0.6931825876235962 -530.7174072265625 0.06429240852594376 0.9951554536819458 -0.07435531169176102 59.326576232910156 -0.690215528011322 0.09816426783800125 0.716916561126709 -1400.60400390625
* 0.7428504228591919 -0.015923162922263145 0.6692660450935364 -535.93896484375 0.048541273921728134 0.9983648061752319 -0.03013376146554947 60.68670654296875 -0.6676945686340332 0.05487867817282677 0.7424118518829346 -1409.59814453125
* 0.732192873954773 -0.01912342570722103 0.6808269023895264 -537.2434692382813 0.043922096490859985 0.9988490343093872 -0.019188031554222107 60.22122573852539 -0.6796790957450867 0.04395940154790878 0.7321932315826416 -1407.624755859375
* 0.732300341129303 -0.013910550624132156 0.6808377504348755 -539.740234375 0.048796799033880234 0.9982912540435791 -0.03209696337580681 60.31397247314453 -0.6792305707931519 0.05673409253358841 0.7317308783531189 -1409.568603515625
* 0.7262128591537476 -0.027531912550330162 0.6869164109230042 -540.4752807617188 0.04447338357567787 0.9989844560623169 -0.006986138876527548 60.137725830078125 -0.686029314994812 0.03562961518764496 0.7267029881477356 -1403.949951171875
* 0.716826856136322 -0.014200422912836075 0.6971046924591064 -540.60595703125 0.06480851769447327 0.996819257736206 -0.04634444788098335 59.60063934326172 -0.6942320466041565 0.07840614020824432 0.7154699563980103 -1397.3541259765625
* 0.7144908308982849 -0.015534162521362305 0.6994705200195313 -538.754150390625 0.062356337904930115 0.9971867203712463 -0.04155749827623367 58.59804916381836 -0.6968599557876587 0.07331571727991104 0.7134522199630737 -1393.2236328125
* 0.7164039015769958 -0.014557303860783577 0.6975321173667908 -538.1967163085938 0.0615006722509861 0.9972060322761536 -0.0423613078892231 58.098690032958984 -0.6949692964553833 0.0732533261179924 0.715300440788269 -1397.1964111328125
* 0.7067033648490906 -0.015622148290276527 0.7073357105255127 -534.6222534179688 0.05386742576956749 0.998040497303009 -0.03178467974066734 56.64608383178711 -0.7054557800292969 0.06057147681713104 0.7061629891395569 -1394.5633544921875
* 0.7043017745018005 -0.012195962481200695 0.7097940444946289 -532.1134033203125 0.05135101079940796 0.9981065392494202 -0.033811818808317184 54.77140808105469 -0.7080404162406921 0.060269132256507874 0.703597366809845 -1391.58642578125
* 0.7210904359817505 -0.00969545915722847 0.6927712559700012 -535.4144897460938 0.05482125282287598 0.9975635409355164 -0.043109357357025146 55.6715202331543 -0.690667986869812 0.06907112151384354 0.7198679447174072 -1401.172607421875
* 0.7216654419898987 -0.0209813229739666 0.691922128200531 -535.906982421875 0.06321172416210175 0.9973600506782532 -0.03569398820400238 56.8652229309082 -0.6893491744995117 0.06950350105762482 0.7210894227027893 -1403.4498291015625
* 0.7121301293373108 -0.024340379983186722 0.7016235589981079 -532.1968994140625 0.058721836656332016 0.9979599714279175 -0.024988563731312752 56.99308776855469 -0.6995867490768433 0.05900249257683754 0.7121095657348633 -1395.090576171875
* 0.7121301293373108 -0.024340379983186722 0.7016235589981079 -532.1968994140625 0.058721836656332016 0.9979599714279175 -0.024988563731312752 56.99308776855469 -0.6995867490768433 0.05900249257683754 0.7121095657348633 -1395.090576171875
* 0.7310097813606262 -0.01851484179496765 0.6821138858795166 -538.2684936523438 0.05724332109093666 0.9977701902389526 -0.034272242337465286 58.05483627319336 -0.6799609661102295 0.06410658359527588 0.7304425835609436 -1409.0531005859375
* 0.7198172211647034 -0.00562872551381588 0.6941390633583069 -534.2039794921875 0.06509332358837128 0.9961061477661133 -0.059432193636894226 57.58928298950195 -0.6911042332649231 0.08797100186347961 0.7173835039138794 -1396.7279052734375
* 0.7182978391647339 -0.0024380574468523264 0.6957297325134277 -534.4403686523438 0.061021190136671066 0.9963588118553162 -0.059517279267311096 57.1309700012207 -0.6930538415908813 0.08521223068237305 0.7158339619636536 -1395.3619384765625
* 0.7182978391647339 -0.0024380574468523264 0.6957297325134277 -534.4403686523438 0.061021190136671066 0.9963588118553162 -0.059517279267311096 57.1309700012207 -0.6930538415908813 0.08521223068237305 0.7158339619636536 -1395.3619384765625
* 0.722693920135498 -0.007466372102499008 0.6911261677742004 -537.2586669921875 0.062362827360630035 0.9965653419494629 -0.0544535256922245 57.90419006347656 -0.6883482336997986 0.0824606642127037 0.7206802368164063 -1403.2364501953125
* 0.7321228384971619 -0.020068760961294174 0.6808751821517944 -539.6334838867188 0.05336538329720497 0.9981817007064819 -0.027969153597950935 59.2230110168457 -0.679078221321106 0.05681877210736275 0.7318657040596008 -1411.7763671875
* 0.7224839329719543 -0.019485369324684143 0.6911113262176514 -533.1013793945313 0.06594248861074448 0.9969859719276428 -0.04083492234349251 59.43410110473633 -0.6882349848747253 0.07508300244808197 0.7215941548347473 -1398.5067138671875
* 0.7315056324005127 -0.021658146753907204 0.6814895272254944 -535.8189697265625 0.06796502321958542 0.9968317151069641 -0.04128164052963257 60.0130615234375 -0.678438663482666 0.07652203738689423 0.730663001537323 -1408.2606201171875
* 0.7107759118080139 -0.022113211452960968 0.7030690908432007 -531.9390258789063 0.06668495386838913 0.9971205592155457 -0.03606223687529564 60.52042770385742 -0.7002497315406799 0.07252310961484909 0.7102068662643433 -1398.203857421875
* 0.7263354063034058 -0.01920122094452381 0.687070369720459 -536.773193359375 0.0626431554555893 0.9972968697547913 -0.038360487669706345 61.85184860229492 -0.6844789981842041 0.07090965658426285 0.7255778908729553 -1407.95361328125
* 0.71500164270401 0.004040716215968132 0.6991093158721924 -535.0208129882813 0.07566224038600922 0.9936603307723999 -0.08313360065221786 60.9677619934082 -0.6950154900550842 0.11234383285045624 0.7101657390594482 -1399.147705078125
* 0.7205429673194885 -0.0269717238843441 0.6928837895393372 -537.292236328125 0.049776215106248856 0.998675525188446 -0.012896321713924408 61.02998733520508 -0.6916207671165466 0.043788209557533264 0.7209343314170837 -1400.6766357421875
* 0.7273349761962891 0.00234130397439003 0.686276912689209 -537.5703735351563 0.07904812693595886 0.9930503368377686 -0.08717364072799683 60.214134216308594 -0.681713879108429 0.11766034364700317 0.7220978140830994 -1394.8680419921875
* 0.7160276770591736 -0.018552344292402267 0.6978235840797424 -542.5091552734375 0.06232663244009018 0.9973515272140503 -0.03744520619511604 59.48397445678711 -0.6952831745147705 0.07031162828207016 0.7152905464172363 -1398.86279296875
* 0.7198137640953064 -0.024107137694954872 0.6937468647956848 -543.2282104492188 0.049771323800086975 0.9986152052879333 -0.01694866642355919 58.97195816040039 -0.6923801302909851 0.046735312789678574 0.7200198173522949 -1397.9775390625
* 0.7146817445755005 -0.03248133510351181 0.6986934542655945 -541.777587890625 0.04724070802330971 0.9988802075386047 -0.001893339678645134 59.23232650756836 -0.6978521347045898 0.034366585314273834 0.7154189944267273 -1397.5941162109375
* 0.7051708698272705 -0.022696396335959435 0.7086723446846008 -537.547607421875 0.05852512642741203 0.9979383945465088 -0.026283491402864456 58.4748420715332 -0.7066173553466797 0.06001627817749977 0.7050482630729675 -1391.1129150390625
* 0.72162264585495 -0.011251838877797127 0.6921934485435486 -542.8394775390625 0.06333544105291367 0.996745765209198 -0.04983409494161606 59.22064971923828 -0.6893826127052307 0.07980864495038986 0.7199897766113281 -1406.0946044921875
* 0.703123152256012 -0.00918952003121376 0.7110069990158081 -536.7030639648438 0.06302759051322937 0.9967842102050781 -0.049453750252723694 58.60612106323242 -0.7082685828208923 0.07959198951721191 0.7014440298080444 -1389.534423828125
* 0.7105251550674438 -0.01123891957104206 0.7035802602767944 -540.274169921875 0.06888580322265625 0.9961787462234497 -0.05366107076406479 58.907833099365234 -0.7002910375595093 0.08660111576318741 0.708587110042572 -1396.994873046875
* 0.7234576940536499 -0.01801806315779686 0.690131664276123 -542.3901977539063 0.06058299168944359 0.9974579215049744 -0.03747505694627762 59.60348892211914 -0.6877045035362244 0.06892867386341095 0.7227131724357605 -1397.5966796875
* 0.7225714325904846 -0.030064482241868973 0.6906403303146362 -545.9286499023438 0.0646279901266098 0.9976145029067993 -0.024196865037083626 60.03779602050781 -0.6882677674293518 0.06212544068694115 0.7227938771247864 -1400.539794921875
* 0.7002409100532532 -0.0316658690571785 0.7132021188735962 -542.3652954101563 0.06322463601827621 0.9978393316268921 -0.017780061811208725 60.337852478027344 -0.711100697517395 0.05754902958869934 0.7007331848144531 -1386.187744140625
* 0.7057657241821289 -0.017174076288938522 0.7082351446151733 -543.6403198242188 0.07288727164268494 0.9961593151092529 -0.048485271632671356 60.78602600097656 -0.704684853553772 0.08584745228290558 0.7043099999427795 -1386.546142578125
* 0.7035563588142395 -0.013466043397784233 0.7105099558830261 -545.1327514648438 0.06476110219955444 0.9968730807304382 -0.045242004096508026 61.03847885131836 -0.7076815962791443 0.07785055041313171 0.7022315859794617 -1389.61181640625
* 0.7078319787979126 -0.01774797961115837 0.7061558365821838 -544.813720703125 0.06623569875955582 0.9969454407691956 -0.04134458303451538 59.95244598388672 -0.7032676339149475 0.07604456692934036 0.7068486213684082 -1387.9864501953125
* 0.7045106887817383 -0.026767252013087273 0.7091864943504333 -547.623291015625 0.0657101646065712 0.9974543452262878 -0.027637481689453125 59.39606857299805 -0.7066439390182495 0.06607843190431595 0.7044793367385864 -1394.177001953125
#
#
#
#
#
#
* 0.6762683987617493 -0.027616001665592194 0.7350823283195496 -545.684814453125 0.05022677034139633 0.9994466304779053 0.015391680411994457 52.44221496582031 -0.7351475358009338 0.011340000666677952 0.6777380704879761 -1378.526123046875
* 0.7011635303497314 -0.0346965529024601 0.7110650539398193 -548.4923706054688 0.059475407004356384 0.9989454746246338 0.014960922300815582 50.233245849609375 -0.710997998714447 0.016629187390208244 0.7029258012771606 -1383.6319580078125
* 0.6949172019958496 -0.04544057697057724 0.7165701985359192 -549.9339599609375 0.06304442882537842 0.998477578163147 0.026851441711187363 48.28310012817383 -0.7169231176376343 0.011341342702507973 0.6969878077507019 -1384.2469482421875
* 0.6683119535446167 -0.03554455563426018 0.741986095905304 -542.1989135742188 0.05212090536952019 0.9991617202758789 0.024747014045715332 41.442142486572266 -0.7423267960548401 0.00695908535271883 0.6699267625808716 -1360.81640625
