#
#
#
#
#
#
#
#
#
#
#
#
#
#
#
#
#
#
#
#
#
#
#
#
#
#
#
#
#
#
#
#
#
#
#
#
#
#
#
#
#
#
#
#
#
#
#
#
#
#
#
#
#
#
#
#
#
#
#
#
#
#
#
#
#
#
#
#
#
#
#
#
#
#
#
#
#
#
#
#
#
#
#
#
#
#
#
#
#
#
#
#
#
#
#
#
#
#
#
#
#
#
#
#
#
#
#
#
#
#
#
#
#
#
#
#
#
#
#
#
#
#
#
#
#
#
#
#
#
#
#
#
#
#
#
#
#
#
#
#
#
#
#
#
#
#
#
#
#
#
#
#
#
#
#
#
#
#
#
#
#
#
#
#
#
#
#
#
#
#
#
#
#
#
#
#
#
#
#
#
#
#
#
#
#
#
#
#
#
#
#
#
#
#
#
#
#
#
#
#
#
#
#
#
#
#
#
#
#
#
#
#
#
#
#
#
#
#
#
#
#
#
#
#
#
#
#
#
#
#
#
#
#
#
#
#
#
#
#
#
#
#
#
#
#
#
#
#
#
#
#
#
#
#
#
#
#
#
#
#
#
#
#
#
#
#
#
#
#
#
#
#
#
#
#
#
#
#
#
#
#
#
#
#
#
#
#
#
#
#
#
#
#
#
#
#
#
#
#
#
#
#
#
#
#
#
#
#
#
#
#
#
#
#
#
#
#
#
#
#
#
#
#
#
#
#
#
#
#
#
#
#
#
#
#
#
#
#
#
#
#
#
#
#
#
#
#
#
#
#
#
#
#
#
#
#
#
#
#
#
#
#
#
#
#
#
#
#
#
#
#
#
#
#
#
#
#
#
#
#
#
#
#
#
#
#
#
#
#
#
#
#
#
#
#
#
#
#
#
#
#
#
#
#
#
#
#
#
#
#
#
#
#
#
#
#
#
#
#
#
#
#
#
#
#
#
#
#
#
#
#
#
#
#
#
#
#
#
* 0.999322235584259 -0.036674484610557556 0.0031484419014304876 -162.83970642089844 0.036805108189582825 0.9942375421524048 -0.10068274289369583 -93.2796401977539 5.621644668281078E-4 0.10073038935661316 0.9949136972427368 -543.0439453125
* 0.998299241065979 -0.05286594480276108 -0.024570593610405922 -148.19129943847656 0.052135054022073746 0.9982042908668518 -0.02949472889304161 -94.86664581298828 0.026085715740919113 0.028163552284240723 0.9992629885673523 -560.1890258789063
* 0.9970449209213257 -0.06013515219092369 -0.047803845256567 -135.36874389648438 0.06153668090701103 0.9977003931999207 0.028405506163835526 -84.66961669921875 0.045985735952854156 -0.03126329183578491 0.9984527826309204 -558.42919921875
* 0.9957935810089111 -0.06929724663496017 -0.05994138494133949 -124.75848388671875 0.07027941942214966 0.9974228143692017 0.014432006515562534 -63.879722595214844 0.05878680944442749 -0.018583999946713448 0.9980975389480591 -563.0385131835938
* 0.994546115398407 -0.07543027400970459 -0.07202916592359543 -111.2367935180664 0.07941479980945587 0.995369553565979 0.05415331572294235 -35.48027038574219 0.06761085987091064 -0.059578221291303635 0.9959313869476318 -558.7718505859375
* 0.9961555600166321 -0.06368177384138107 -0.060154255479574203 -106.3910903930664 0.06430879980325699 0.9978934526443481 0.00854254886507988 -10.635523796081543 0.05948356166481972 -0.01237821951508522 0.9981525540351868 -567.5709228515625
* 0.995627224445343 -0.06250278651714325 -0.06942294538021088 -105.46072387695313 0.06495483964681625 0.9973210096359253 0.03364032506942749 13.017911911010742 0.06713436543941498 -0.03800265118479729 0.99701988697052 -564.2447509765625
* 0.9941771030426025 -0.05477908253669739 -0.09279464185237885 -102.23436737060547 0.057723890990018845 0.9979010224342346 0.02935091406106949 32.349998474121094 0.09099207818508148 -0.034536540508270264 0.9952525496482849 -564.515625
* 0.9926666617393494 -0.03721470385789871 -0.11501215398311615 -97.8908462524414 0.040016867220401764 0.9989534616470337 0.022150684148073196 47.308738708496094 0.11406750231981277 -0.026590712368488312 0.9931170344352722 -561.1932983398438
* 0.998924195766449 -0.03374827280640602 -0.03180402144789696 -105.94857025146484 0.03162689507007599 0.9973840713500977 -0.06499817967414856 64.08110809326172 0.03391445055603981 0.06392235308885574 0.9973783493041992 -576.1345825195313
* 0.9972557425498962 -0.05577085167169571 0.04868718236684799 -119.6098403930664 0.05437847226858139 0.9980854392051697 0.029471874237060547 97.17321014404297 -0.05023756995797157 -0.02674349583685398 0.9983791708946228 -582.87451171875
* 0.9968377351760864 -0.04678936302661896 -0.06422682851552963 -128.3656005859375 0.047175221145153046 0.9988765716552734 0.004502100870013237 123.9870834350586 0.06394410133361816 -0.007517813239246607 0.9979251623153687 -562.5040893554688
* 0.9986963272094727 -0.040592461824417114 -0.030946582555770874 -142.10682678222656 0.04093077406287193 0.9991082549095154 0.01037478819489479 141.35560607910156 0.030497923493385315 -0.011627959087491035 0.9994671940803528 -565.925048828125
* 0.9985159039497375 -0.03636481612920761 -0.040537282824516296 -154.3831024169922 0.03636544942855835 0.9993384480476379 -7.244235603138804E-4 147.55099487304688 0.04053688421845436 -7.508358103223145E-4 0.9991777539253235 -561.620361328125
#
#
#
#
#
#
#
#
#
#
#
#
#
#
* 0.9983330368995667 -0.02889569289982319 -0.04996467009186745 -149.35232543945313 0.029249340295791626 0.9995502233505249 0.006565161980688572 -119.39798736572266 0.04975278675556183 -0.008015344850718975 0.9987293481826782 -545.4878540039063
* 0.9962058663368225 -0.02553592622280121 -0.08319905400276184 -150.24185180664063 0.02917317859828472 0.9986520409584045 0.0429227277636528 -115.15406036376953 0.08199113607406616 -0.04518674686551094 0.9956080913543701 -542.7246704101563
#
#
#
#
#
#
* 0.9998779296875 -0.01570725254714489 -0.0022459663450717926 -103.95877075195313 0.015625014901161194 0.999857485294342 0.0057176523841917515 -117.75395202636719 0.002162853255867958 -0.005767680238932371 0.9999822378158569 -568.5228881835938
* 0.9972081780433655 -0.023948121815919876 -0.07078185677528381 -95.6568603515625 0.026203321292996407 0.9991253018379211 0.03246225416660309 -115.14486694335938 0.06994947046041489 -0.034242063760757446 0.9969639182090759 -566.8023071289063
#
#
#
* 0.9998268485069275 -0.016496125608682632 -0.008527431637048721 -92.44506072998047 0.016478080302476883 0.9998376965522766 -0.007390977814793587 -122.80266571044922 0.00864952802658081 0.007250692695379257 0.9999363422393799 -562.5336303710938
* 0.9988874793052673 -0.019318146631121635 -0.04300069436430931 -95.12515258789063 0.020053215324878693 0.9996767640113831 0.015678726136684418 -110.67157745361328 0.04268547520041466 -0.016522075980901718 0.9989520311355591 -560.3607177734375
* 0.997063159942627 -0.016340933740139008 -0.07480928301811218 -94.68209838867188 0.01668759062886238 0.9998556971549988 0.003411543555557728 -108.08179473876953 0.07474429905414581 -0.004648394882678986 0.9971919655799866 -558.3510131835938
* 0.9986243844032288 -0.01916160061955452 -0.04879182577133179 -96.33829498291016 0.018202656880021095 0.9996159076690674 -0.020934103056788445 -97.21871185302734 0.049175772815942764 0.0200186800211668 0.9985895752906799 -560.3190307617188
* 0.9991223812103271 -0.017923910170793533 -0.03783854842185974 -98.16011810302734 0.017748892307281494 0.9998244047164917 -0.006137114949524403 -83.15531158447266 0.03794346749782562 0.0054616485722362995 0.9992650151252747 -560.5872192382813
* 0.9993394613265991 -0.01983511634171009 -0.030426280573010445 -99.45872497558594 0.020115617662668228 0.9997706413269043 0.007460098713636398 -71.77607727050781 0.030272893607616425 -0.008065707981586456 0.9995091557502747 -560.3471069335938
* 0.9987828135490417 -0.017865436151623726 -0.04596009477972984 -100.0678482055664 0.01901279203593731 0.9995399713516235 0.023664696142077446 -63.21733093261719 0.04551773890852928 -0.02450820803642273 0.9986628890037537 -557.9454956054688
* 0.9964698553085327 -0.01772051863372326 -0.08205179870128632 -100.39613342285156 0.020894818007946014 0.9990812540054321 0.037440188229084015 -61.653717041015625 0.08131451904773712 -0.03902096301317215 0.9959244132041931 -554.3771362304688
* 0.9984140396118164 -0.01603374257683754 -0.053953126072883606 -103.43734741210938 0.017231829464435577 0.9996322393417358 0.020978745073080063 -62.68411636352539 0.053598467260599136 -0.021873673424124718 0.9983230233192444 -557.7741088867188
* 0.996971070766449 -0.017574695870280266 -0.07575247436761856 -107.68492126464844 0.01979556493461132 0.9994107484817505 0.028071247041225433 -63.006675720214844 0.07521604001522064 -0.029484277591109276 0.9967312812805176 -555.2885131835938
* 0.9972696304321289 -0.011890609748661518 -0.07287421822547913 -112.17308807373047 0.012568732723593712 0.9998878240585327 0.008237961679697037 -65.7950439453125 0.0727696344256401 -0.00912989117205143 0.9973070025444031 -556.25537109375
* 0.9968763589859009 -0.023946868255734444 -0.07525233179330826 -114.90164947509766 0.026397258043289185 0.999167263507843 0.031136319041252136 -68.9617919921875 0.07444563508033752 -0.03302402049303055 0.9966781139373779 -553.9381103515625
* 0.9958513379096985 -0.02302699163556099 -0.0880269780755043 -115.6871109008789 0.024560369551181793 0.9995731711387634 0.015864703804254532 -74.9547348022461 0.08762568235397339 -0.017959363758563995 0.9959915280342102 -553.3212280273438
* 0.9978405237197876 -0.013702427968382835 -0.06422986090183258 -116.07221221923828 0.014918697066605091 0.9997310638427734 0.017794620245695114 -80.05240631103516 0.06397034227848053 -0.018712908029556274 0.9977763295173645 -556.9889526367188
* 0.9984617233276367 -0.011639454402029514 -0.05420011281967163 -117.22290802001953 0.013757587410509586 0.9991822838783264 0.03803883120417595 -84.59327697753906 0.053714632987976074 -0.038724467158317566 0.997805118560791 -556.3922729492188
* 0.9987298846244812 -0.00827124435454607 -0.04968990385532379 -121.85407257080078 0.009260578081011772 0.9997808933258057 0.01880917139351368 -86.70670318603516 0.04952503368258476 -0.01924392394721508 0.9985873699188232 -561.1984252929688
* 0.9998141527175903 -0.006881716661155224 -0.017977003008127213 -127.10340881347656 0.00699502183124423 0.9999691247940063 0.0037518711760640144 -78.73853302001953 0.017952226102352142 -0.0038754092529416084 0.9998311996459961 -565.3557739257813
* 0.9993664026260376 0.003038102528080344 -0.03544715791940689 -130.96070861816406 -0.005022016353905201 0.9983459115028381 -0.0572834350168705 -58.58140563964844 0.0352160669863224 0.05742666870355606 0.9977283477783203 -561.2188720703125
* 0.9997437596321106 -0.007968613877892494 -0.02116408944129944 -130.55690002441406 0.008199604228138924 0.999928891658783 0.008726470172405243 -45.89875030517578 0.021094636991620064 -0.008896272629499435 0.9997377991676331 -560.8580322265625
* 0.9995713233947754 -0.008244872093200684 -0.028077563270926476 -124.39556884765625 0.007741738576442003 0.9997791647911072 -0.01956666260957718 -33.717262268066406 0.02823427878320217 0.019342396408319473 0.9994140863418579 -564.822509765625
* 0.9968109130859375 -0.007072266656905413 -0.07948089390993118 -115.27705383300781 0.004910164978355169 0.9995983839035034 -0.0279272198677063 -17.795198440551758 0.07964807748794556 0.027449380606412888 0.9964450001716614 -553.2907104492188
* 0.9985495805740356 -0.018763622269034386 -0.050456590950489044 -115.45319366455078 0.0208441112190485 0.9989777207374573 0.04012760519981384 -7.527069568634033 0.04965369030833244 -0.04111965000629425 0.9979196190834045 -559.985595703125
* 0.9997856020927429 -0.01220671460032463 0.016708243638277054 -117.14447784423828 0.011675548739731312 0.9993494749069214 0.034142542630434036 13.128292083740234 -0.017112525179982185 -0.03393865376710892 0.9992773532867432 -570.8339233398438
* 0.998914361000061 -0.006126789841800928 -0.04617413505911827 -113.76045989990234 0.006195338908582926 0.9999814033508301 3.7148871342651546E-4 32.10245895385742 0.046172577887773514 -6.556621519848704E-4 0.9989332556724548 -560.495361328125
* 0.9980865716934204 -0.02253766916692257 0.0575716607272625 -113.59160614013672 0.01826324686408043 0.9970561265945435 0.07447739690542221 52.416908264160156 -0.05907910689711571 -0.07328197360038757 0.9955597519874573 -572.3412475585938
* 0.9988240599632263 -0.004928123205900192 -0.04822124168276787 -112.0029067993164 0.00499012041836977 0.9999882578849792 2.366111148148775E-4 79.18602752685547 0.04822106659412384 -4.754895344376564E-4 0.9988365173339844 -560.9481201171875
* 0.9922919273376465 0.010697286576032639 -0.1234557256102562 -118.09544372558594 -0.013106697238981724 0.9997327923774719 -0.019083768129348755 82.82091522216797 0.1232200637459755 0.020556259900331497 0.9921663999557495 -552.3765869140625
* 0.9961121082305908 -0.005661815404891968 -0.08790726959705353 -127.43490600585938 0.00718826474621892 0.9998380541801453 0.01654755510389805 73.72470092773438 0.08780087530612946 -0.017113642767071724 0.9959909915924072 -552.7301025390625
* 0.9952841401100159 -0.0071270400658249855 -0.09673556685447693 -131.5373077392578 0.00565207377076149 0.9998572468757629 -0.015975147485733032 66.43545532226563 0.0968371257185936 0.015354517847299576 0.9951817393302917 -551.279296875
* 0.9986172914505005 -0.017583997920155525 -0.04952726885676384 -135.6505126953125 0.01931142248213291 0.9992461204528809 0.033703308552503586 49.003597259521484 0.0488988421857357 -0.034611694514751434 0.9982037544250488 -557.510498046875
* 0.9996943473815918 -0.016000039875507355 -0.018812190741300583 -141.91236877441406 0.016507500782608986 0.9995594620704651 0.02470257133245468 13.729300498962402 0.018410222604870796 -0.025004107505083084 0.9995176792144775 -566.1715087890625
* 0.9919040203094482 -0.019767247140407562 -0.12543581426143646 -138.16741943359375 0.01990271918475628 0.9998027086257935 -5.302426870912313E-4 -12.87460708618164 0.12542308866977692 -0.0019691239576786757 0.99210125207901 -548.4368286132813
* 0.9970152378082275 -0.016255713999271393 -0.0754631832242012 -135.0134735107422 0.01769294962286949 0.999685525894165 0.01782017946243286 -21.431602478027344 0.07515134662389755 -0.019100699573755264 0.9969890117645264 -552.0205688476563
* 0.9968799948692322 -0.011913137510418892 -0.07801766693592072 -137.2336883544922 0.012973027303814888 0.9998383522033691 0.012517076916992664 -25.8376522064209 0.07785750925540924 -0.013488691300153732 0.9968730211257935 -551.62548828125
* 0.9971024990081787 -0.020832018926739693 -0.07315081357955933 -146.5853729248047 0.025309713557362556 0.9978660345077515 0.060204558074474335 -35.74236297607422 0.07174210995435715 -0.06188007816672325 0.9955016374588013 -551.376708984375
* 0.9971807599067688 -0.020154671743512154 -0.07226822525262833 -151.2841796875 0.02012844756245613 0.9997968077659607 -0.0017120526172220707 -40.208580017089844 0.07228963077068329 2.540140994824469E-4 0.9973834156990051 -552.1903686523438
* 0.9976364970207214 -0.016269471496343613 -0.06674707680940628 -149.01296997070313 0.015918852761387825 0.9998533129692078 -0.006453065201640129 -38.29252624511719 0.06684384495019913 0.0053767054341733456 0.9977486729621887 -552.7376708984375
* 0.9995182156562805 -0.01999478228390217 -0.023705337196588516 -147.28338623046875 0.01967034675180912 0.9996839165687561 -0.015712298452854156 -29.372549057006836 0.024013608694076538 0.015239857137203217 0.9995951652526855 -562.3312377929688
* 0.9987077713012695 -0.01751178689301014 -0.04769324138760567 -144.8328399658203 0.01848490536212921 0.9996476769447327 0.01909136399626732 -14.037006378173828 0.04734370484948158 -0.019946858286857605 0.9986792802810669 -558.2532348632813
* 0.9987011551856995 -0.019895272329449654 -0.04689059779047966 -148.76077270507813 0.021305913105607033 0.9993586540222168 0.028808623552322388 1.1209735870361328 0.04628895968198776 -0.029768813401460648 0.998484194278717 -557.2701416015625
* 0.9972160458564758 -0.007753948215395212 -0.07415352016687393 -152.37457275390625 0.006769545376300812 0.9998781681060791 -0.014121808111667633 9.821425437927246 0.0742555484175682 0.013581950217485428 0.9971465468406677 -551.516845703125
* 0.9972143173217773 -0.016701485961675644 -0.07268569618463516 -150.11398315429688 0.018974239006638527 0.99936842918396 0.030068786814808846 13.664283752441406 0.07213917374610901 -0.03136274591088295 0.9969011545181274 -550.7994995117188
* 0.9973591566085815 -0.009597135707736015 -0.07198026031255722 -146.2057342529297 0.01039813831448555 0.9998953342437744 0.010137168690562248 13.663897514343262 0.07187702506780624 -0.010857412591576576 0.9973542094230652 -552.3128662109375
* 0.9962238669395447 -0.009287534281611443 -0.08631543070077896 -140.6793670654297 0.009759318083524704 0.9999428987503052 0.004525237251073122 17.42500877380371 0.0862700492143631 -0.005349083803594112 0.9962571859359741 -551.2099609375
* 0.997766375541687 -0.007715195883065462 -0.06634249538183212 -136.9801483154297 0.007040089927613735 0.9999145865440369 -0.011079691350460052 19.713354110717773 0.06642390042543411 0.010589329525828362 0.9977350234985352 -552.3452758789063
* 0.9963533282279968 -0.011716858483850956 -0.0845067948102951 -132.4229278564453 0.009757470339536667 0.9996628761291504 -0.024091143161058426 17.487775802612305 0.08476216346025467 0.023180143907666206 0.9961313009262085 -549.84619140625
* 0.9975942969322205 -0.013628118671476841 -0.06795937567949295 -130.77694702148438 0.014356398954987526 0.9998518228530884 0.009578404016792774 22.28631019592285 0.06782037019729614 -0.010529576800763607 0.9976416826248169 -550.7210083007813
* 0.9957412481307983 -0.010383142158389091 -0.0915980190038681 -128.71939086914063 0.009645743295550346 0.9999138712882996 -0.008978419005870819 27.189802169799805 0.09168493747711182 0.008058082312345505 0.9957551956176758 -550.6707153320313
* 0.994401216506958 -3.859754651784897E-4 -0.10566344857215881 -125.53650665283203 -0.004175156820565462 0.9990512132644653 -0.04336601495742798 27.317983627319336 0.10558148473501205 0.043565817177295685 0.9934555888175964 -548.4906005859375
* 0.9976069927215576 -0.008439091965556145 -0.06861315667629242 -124.56970977783203 0.008317068219184875 0.9999624490737915 -0.002717273775488138 29.244075775146484 0.06863509118556976 0.002141539938747883 0.9976392388343811 -552.529296875
* 0.9985823035240173 0.002132744062691927 -0.05317459627985954 -122.72722625732422 -0.003931943327188492 0.9993942975997925 -0.03459795191884041 35.608673095703125 0.053070180118083954 0.03475942090153694 0.9979854226112366 -555.1154174804688
* 0.9969727396965027 -0.010331633500754833 -0.07705362141132355 -118.1446762084961 0.013910768553614616 0.9988694190979004 0.045473143458366394 47.56987762451172 0.07649827748537064 -0.04640593379735947 0.9959889650344849 -553.6828002929688
* 0.998081624507904 -0.0038219757843762636 -0.06178268790245056 -111.88314056396484 0.0032307475339621305 0.9999414086341858 -0.010391521267592907 60.0588493347168 0.0618203729391098 0.010173399932682514 0.9980351328849792 -558.73779296875
* 0.9983626008033752 -0.009326254017651081 -0.05642547830939293 -102.01060485839844 0.007890468463301659 0.9996208548545837 -0.026406267657876015 69.5081558227539 0.056651946157217026 0.02591921202838421 0.9980571866035461 -557.4240112304688
* 0.9946866035461426 -0.0029974591452628374 -0.10289891064167023 -95.17050170898438 5.12300874106586E-4 0.9996978640556335 -0.024604668840765953 70.88084411621094 0.10294312238693237 0.02442263998091221 0.9943870306015015 -548.7910766601563
* 0.9980814456939697 -0.007572101429104805 -0.061438288539648056 -91.1061782836914 0.007150691468268633 0.9999446868896484 -0.007805661763995886 74.46194458007813 0.06149560213088989 0.007352772634476423 0.9980798959732056 -552.6775512695313
* 0.9983633160591125 -0.0017595505341887474 -0.057149287313222885 -85.66041564941406 -7.493065786547959E-4 0.9990040063858032 -0.04463274031877518 78.56806182861328 0.057172488421201706 0.04460391774773598 0.9973670244216919 -553.8226928710938
* 0.9961153268814087 9.089512750506401E-4 -0.08804421126842499 -81.06596374511719 -0.0065781790763139725 0.9978882670402527 -0.06463135778903961 83.96063995361328 0.08780109882354736 0.06496087461709976 0.9940171837806702 -554.494384765625
* 0.9970284700393677 0.0019444075878709555 -0.07699886709451675 -78.37345886230469 -0.0035005812533199787 0.9997811317443848 -0.020662900060415268 85.53829956054688 0.07694341242313385 0.02087247371673584 0.9968165159225464 -553.0222778320313
* 0.9947987794876099 0.009433318860828876 -0.10141460597515106 -84.6186294555664 -0.012804701924324036 0.9993711709976196 -0.03308752551674843 83.90776062011719 0.10104026645421982 0.03421543911099434 0.9942933917045593 -549.7626342773438
* 0.9933536052703857 0.005662068258970976 -0.11495613306760788 -93.64260864257813 -0.0048143696039915085 0.9999628067016602 0.007260370999574661 80.72241973876953 0.11499451100826263 -0.0066572390496730804 0.9933434128761292 -546.279541015625
* 0.9973142743110657 0.001723449444398284 -0.07320955395698547 -100.02153778076172 -0.003409074153751135 0.9997183084487915 -0.023519232869148254 79.27094268798828 0.07314997166395187 0.023707063868641853 0.997038722038269 -552.6310424804688
* 0.9971947073936462 -0.003838437842205167 -0.07474008202552795 -102.63968658447266 0.0035630501806735992 0.999984622001648 -0.0044180466793477535 77.7550048828125 0.07475747168064117 0.004140770062804222 0.9971926808357239 -549.33935546875
* 0.9965351819992065 -0.006277737207710743 -0.082923024892807 -104.4361343383789 0.0023899110965430737 0.9988719820976257 -0.04744068905711174 77.87287139892578 0.08312889188528061 0.04707954451441765 0.9954255223274231 -551.0424194335938
* 0.9947896599769592 -0.0031274743378162384 -0.10189107060432434 -101.66305541992188 -0.0014064940623939037 0.9989941120147705 -0.044836029410362244 77.01333618164063 0.10193037986755371 0.044747136533260345 0.9937840700149536 -547.9253540039063
* 0.9966374039649963 -0.002373291878029704 -0.08189170062541962 -99.71951293945313 6.867588381282985E-4 0.9997764825820923 -0.021164318546652794 73.66533660888672 0.08192520588636398 0.02103833295404911 0.9964157342910767 -549.8726196289063
* 0.997174084186554 0.003199917497113347 -0.07504346966743469 -102.2816162109375 -0.002425574231892824 0.9999496936798096 0.0098101906478405 72.25981903076172 0.07507266104221344 -0.00959900114685297 0.9971311688423157 -550.145263671875
* 0.9951212406158447 -0.003496475052088499 -0.09858722239732742 -103.52200317382813 0.0028980313800275326 0.9999743103981018 -0.006667629815638065 73.5721206665039 0.0986095741391182 0.006350817158818245 0.9951052069664001 -548.7586059570313
* 0.9956985712051392 -0.0031065940856933594 -0.09258899837732315 -101.16290283203125 -4.809072124771774E-4 0.9992327094078064 -0.039182912558317184 72.4214096069336 0.09264124929904938 0.039060305804014206 0.9949324131011963 -549.8154907226563
* 0.9935762882232666 -0.0023295178543776274 -0.11313165724277496 -100.13119506835938 0.0026765521615743637 0.9999940395355225 0.0025192685425281525 67.71092224121094 0.11312666535377502 -0.0028044581413269043 0.993575930595398 -545.7429809570313
* 0.9933643341064453 0.006658765487372875 -0.11480838805437088 -107.51409149169922 -0.00577094592154026 0.9999547004699707 0.007673458196222782 62.221534729003906 0.11485584080219269 -0.006958534941077232 0.9933571219444275 -547.21826171875
* 0.9921252727508545 -4.527418059296906E-4 -0.12524080276489258 -124.06096649169922 0.002805848838761449 0.9998302459716797 0.018254652619361877 53.17100143432617 0.12521284818649292 -0.018460873514413834 0.991957426071167 -546.4549560546875
* 0.9964411854743958 -0.005315829999744892 -0.08411125838756561 -138.09274291992188 0.003222008468583226 0.9996694922447205 -0.02554250881075859 46.21269226074219 0.08422081917524338 0.025181997567415237 0.9961282014846802 -547.8968505859375
* 0.9962767958641052 -0.0026927986182272434 -0.08615850657224655 -141.4264373779297 0.003268492640927434 0.9999774694442749 0.006020365282893181 42.218082427978516 0.08614193648099899 -0.006278142333030701 0.9962624311447144 -545.9135131835938
* 0.996775209903717 -0.005965027958154678 -0.08001033216714859 -145.22378540039063 0.00805189460515976 0.9996503591537476 0.025223009288311005 42.21955871582031 0.0798334926366806 -0.025784483179450035 0.996474027633667 -547.3243408203125
* 0.9962413311004639 -5.606550621450879E-5 -0.08660930395126343 -148.0002899169922 2.106810425175354E-4 1.0000001192092896 0.0012579364702105522 43.22044372558594 0.0866108238697052 -0.0012700387742370367 0.9962407946586609 -545.8889770507813
* 0.9948298931121826 -0.013528943061828613 -0.10063982754945755 -148.93142700195313 0.015087219886481762 0.9997850060462952 0.014292022213339806 44.999488830566406 0.10042643547058105 -0.015735089778900146 0.9948194622993469 -544.19970703125
* 0.9969349503517151 -0.004055686295032501 -0.07811611145734787 -151.442626953125 0.004884561989456415 0.9999405741691589 0.009848229587078094 46.38795471191406 0.07807312905788422 -0.010198185220360756 0.9968948364257813 -545.9554443359375
* 0.99676513671875 -0.005750632379204035 -0.0801510438323021 -154.18223571777344 0.005534102208912373 0.9999796748161316 -0.0034828591160476208 47.45161056518555 0.08017105609178543 0.003029440063983202 0.9967759251594543 -546.4561157226563
* 0.9981811046600342 -0.012574028223752975 -0.05894498899579048 -155.63697814941406 0.012565143406391144 0.9999212622642517 -0.0012823664583265781 50.2971305847168 0.058958109468221664 5.407778080552816E-4 0.9982596635818481 -550.4175415039063
* 0.9964693188667297 -0.011023971252143383 -0.0832194983959198 -155.12814331054688 0.010552860796451569 0.9999233484268188 -0.006637644954025745 51.86453628540039 0.08328790962696075 0.005737398751080036 0.9965083599090576 -549.6660766601563
* 0.9969201683998108 -0.008020001463592052 -0.07799939811229706 -155.4791259765625 0.008441428653895855 0.9999552965164185 0.004499286413192749 51.37085723876953 0.07796145230531693 -0.005142455454915762 0.996942400932312 -550.4134521484375
* 0.9979230761528015 -0.013706927187740803 -0.06292770802974701 -156.59437561035156 0.014038696885108948 0.9998940825462341 0.0041192970238626 52.53843688964844 0.0628662258386612 -0.00499278400093317 0.9980087876319885 -555.5634765625
* 0.9965096712112427 -0.00934755988419056 -0.08294197171926498 -156.019287109375 0.009681117720901966 0.99994957447052 0.0030791733879595995 53.63304901123047 0.08291061967611313 -0.003870008047670126 0.9965487718582153 -556.1424560546875
* 0.9971649646759033 -0.011297653429210186 -0.07438166439533234 -155.37452697753906 0.011057600378990173 0.9999311566352844 -0.004241068381816149 53.42695617675781 0.0744260773062706 0.0034079381730407476 0.997219979763031 -558.1701049804688
* 0.9953508973121643 -0.014308778569102287 -0.09523771703243256 -153.67333984375 0.015667004510760307 0.9997933506965637 0.013057002797722816 52.645999908447266 0.09503280371427536 -0.014486994594335556 0.9953680038452148 -554.5455932617188
* 0.9977257251739502 -0.0038935448974370956 -0.0672796219587326 -155.58494567871094 0.002468085614964366 0.9997580051422119 -0.021922554820775986 53.0965461730957 0.06735032796859741 0.021708017215132713 0.9974924325942993 -562.1109008789063
* 0.9980149269104004 -0.01934335008263588 -0.05991998314857483 -155.9884796142578 0.01994510181248188 0.9997645020484924 0.00871012918651104 52.202423095703125 0.05973903462290764 -0.00988655537366867 0.9981642365455627 -563.9205322265625
* 0.997636079788208 -0.016187092289328575 -0.06677404046058655 -154.2418212890625 0.017094885930418968 0.999778687953949 0.01237262599170208 50.5074348449707 0.06656061857938766 -0.01348347682505846 0.9976904392242432 -558.8314208984375
* 0.9982569813728333 -0.01382418442517519 -0.0573635958135128 -154.6406707763672 0.012885214760899544 0.9997655153274536 -0.017484745010733604 51.81064224243164 0.05759349465370178 0.016716480255126953 0.9981992840766907 -562.6810302734375
* 0.9986100792884827 -0.013766639865934849 -0.05086468160152435 -156.00558471679688 0.014946055598556995 0.999647855758667 0.02199379727244377 51.50226974487305 0.050545644015073776 -0.02272203005850315 0.9984623789787292 -562.74169921875
* 0.9976262450218201 -0.010695044882595539 -0.06801736354827881 -158.3256072998047 0.011521362699568272 0.9998733401298523 0.011108458042144775 50.812339782714844 0.06789154559373856 -0.01186432410031557 0.9976212978363037 -560.5921630859375
* 0.9982009530067444 -0.018876468762755394 -0.056897733360528946 -161.49009704589844 0.019994966685771942 0.9996328949928284 0.018360981717705727 53.2640380859375 0.0565318800508976 -0.01946420408785343 0.9982101917266846 -563.9603271484375
* 0.9987195730209351 -0.003409183584153652 -0.05046255886554718 -162.36459350585938 0.003607972292229533 0.9999905824661255 0.0029613145161420107 55.58127212524414 0.050453588366508484 -0.0031381838489323854 0.9987205862998962 -563.2594604492188
* 0.9969484806060791 -0.012908237986266613 -0.07698017358779907 -163.42784118652344 0.013421434909105301 0.9998958706855774 0.005570563487708569 56.052162170410156 0.07690180838108063 -0.006585368886590004 0.9970160126686096 -562.70068359375
* 0.9968393445014954 -0.013866595923900604 -0.07821692526340485 -163.93751525878906 0.013192582875490189 0.9998673796653748 -0.009699109010398388 56.90782928466797 0.07834260165691376 0.008637920022010803 0.9968882203102112 -561.6285400390625
* 0.9971823692321777 -0.010907762683928013 -0.07421085238456726 -164.41578674316406 0.012571075931191444 0.9996938705444336 0.021377917379140854 58.93454360961914 0.07395649701356888 -0.02224917896091938 0.9970123171806335 -561.9518432617188
* 0.9981346726417542 -0.009017675183713436 -0.060371797531843185 -164.75729370117188 0.00840515922755003 0.999904215335846 -0.011132784187793732 57.98719787597656 0.06046796962618828 0.010605940595269203 0.9981128573417664 -564.2789916992188
* 0.9971131086349487 -0.00956189539283514 -0.07531830668449402 -164.2848663330078 0.009834298864006996 0.99994957447052 0.0026517475489526987 55.07045364379883 0.07529069483280182 -0.0033834127243608236 0.997154951095581 -563.2756958007813
* 0.9978250861167908 -0.015584539622068405 -0.06403834372758865 -166.37142944335938 0.016336921602487564 0.9998124241828918 0.010540870949625969 50.58718490600586 0.06386362016201019 -0.011562741361558437 0.9978907108306885 -565.3244018554688
* 0.9980996251106262 -0.00314232031814754 -0.06152914837002754 -168.19154357910156 0.0029290032107383013 0.9999880194664001 -0.004284080117940903 44.205623626708984 0.06154343858361244 0.0040971096605062485 0.9980950355529785 -567.118896484375
* 0.997824490070343 -0.007652877829968929 -0.0654701516032219 -168.2388153076172 0.007203178014606237 0.9999451637268066 -0.007785105146467686 42.73541259765625 0.06552771478891373 0.007297937758266926 0.9978230595588684 -567.564697265625
* 0.9986454248428345 -0.010878588072955608 -0.05086794123053551 -164.96041870117188 0.010426151566207409 0.999896764755249 -0.010029532015323639 44.48832702636719 0.050973400473594666 0.009486948139965534 0.9986538887023926 -562.25244140625
* 0.9980360269546509 -0.006558731663972139 -0.062289051711559296 -162.7511444091797 0.005254472140222788 0.9997500777244568 -0.021797077730298042 45.023651123046875 0.06241803243756294 0.02142830193042755 0.9978189468383789 -561.5354614257813
* 0.9978178143501282 -0.00563791673630476 -0.06577643007040024 -159.69932556152344 0.0057231709361076355 0.9999850392341614 4.268679767847061E-4 43.578128814697266 0.06577461957931519 -8.010100573301315E-4 0.9978330731391907 -555.1720581054688
* 0.996472179889679 -0.012233120389282703 -0.0830196887254715 -158.54440307617188 0.013665919192135334 0.9997773766517639 0.016171155497431755 43.60297393798828 0.08280494064092636 -0.01724725030362606 0.9964154362678528 -552.880859375
* 0.9975808262825012 -0.019666623324155807 -0.06666745245456696 -157.3248291015625 0.020573344081640244 0.9997146129608154 0.012266594916582108 43.95468521118164 0.06640879809856415 -0.013607116416096687 0.9976986646652222 -550.5371704101563
* 0.9973372220993042 -0.006374608259648085 -0.07264040410518646 -156.7386932373047 0.005823443178087473 0.9999491572380066 -0.008413072675466537 43.68484115600586 0.07269192487001419 0.007969008758664131 0.9973215460777283 -551.2868041992188
* 0.9969075918197632 -0.008854681625962257 -0.07807434350252151 -156.31515502929688 0.007435793988406658 0.9997929334640503 -0.01901831664144993 43.68642807006836 0.07822816073894501 0.018380286172032356 0.9967648983001709 -550.6757202148438
* 0.9967542886734009 -0.007215266581624746 -0.08017224073410034 -156.1423797607422 0.00611895089969039 0.9998781085014343 -0.014469796791672707 45.72599411010742 0.08026843518018723 0.013933593407273293 0.9966748356819153 -550.777099609375
* 0.9975555539131165 -0.005016529466956854 -0.06968913227319717 -156.2596893310547 0.004245440941303968 0.9999222755432129 -0.011850600130856037 46.587310791015625 0.06974475085735321 0.011527111753821373 0.9974972605705261 -550.5327758789063
* 0.9966602921485901 -0.005017896648496389 -0.08149825781583786 -157.33892822265625 0.00372799439355731 0.9998581409454346 -0.016521286219358444 42.960960388183594 0.08157117664813995 0.016163615509867668 0.9965354800224304 -548.6113891601563
* 0.9951537251472473 -0.004249147605150938 -0.09823437035083771 -158.5630340576172 0.003396154846996069 0.9999525547027588 -0.009304841980338097 39.214111328125 0.09827076643705368 0.008927470073103905 0.9951186776161194 -545.2811279296875
* 0.9963837265968323 -0.011312270537018776 -0.08420503884553909 -160.19105529785156 0.013129020109772682 0.999704897403717 0.02051888406276703 35.49980926513672 0.08394965529441833 -0.021548820659518242 0.9962359070777893 -543.5562744140625
* 0.9964293837547302 -0.012706585228443146 -0.08346238732337952 -162.89134216308594 0.014046491123735905 0.9997912645339966 0.014947785064578056 30.374958038330078 0.08325659483671188 -0.016065392643213272 0.9963976144790649 -547.0374145507813
* 0.9964760541915894 -0.0036334453616291285 -0.08379268646240234 -163.0029754638672 0.0032500112429261208 0.9999826550483704 -0.005246894434094429 27.512306213378906 0.08381186425685883 0.004957421682775021 0.9964682459831238 -546.525390625
* 0.9978988170623779 -0.008804927580058575 -0.06418237835168839 -164.49000549316406 0.008935562334954739 0.999961256980896 0.0010498398914933205 31.64706039428711 0.06417226791381836 -0.001619783230125904 0.997936487197876 -550.8135986328125
* 0.9957818984985352 -0.003372649662196636 -0.09168441593647003 -163.9269561767578 0.004369269125163555 0.9999403357505798 0.010182536207139492 39.411033630371094 0.09164614975452423 -0.010538797825574875 0.9957348704338074 -545.753173828125
* 0.998116672039032 -0.010399590246379375 -0.060446180403232574 -167.6078643798828 0.010530359111726284 0.9999456405639648 0.0011031123576685786 43.90549087524414 0.06043305993080139 -0.0017361893551424146 0.9981696605682373 -550.589599609375
* 0.998162031173706 -0.005595702677965164 -0.060332346707582474 -166.963623046875 0.0039819530211389065 0.9996134042739868 -0.02757597528398037 46.4470329284668 0.06046495586633682 0.027286361902952194 0.9977962374687195 -552.7382202148438
* 0.9974074959754944 -0.005737356375902891 -0.071721650660038 -161.79531860351563 0.0064688208512961864 0.9999370574951172 0.00934481993317604 46.920528411865234 0.07166513055562973 -0.009783162735402584 0.997379720211029 -549.1568603515625
* 0.9963785409927368 -0.005556893069297075 -0.08483868837356567 -157.59922790527344 0.00641560647636652 0.9999375939369202 0.00932353176176548 47.66902542114258 0.084783174097538 -0.009832673706114292 0.9963498711585999 -548.1737060546875
* 0.9972137212753296 -0.0031687135342508554 -0.07452131062746048 -156.7203826904297 8.666448993608356E-4 0.9995049238204956 -0.03150474652647972 49.84340286254883 0.07458584010601044 0.03135368600487709 0.9967204332351685 -551.8907470703125
* 0.9975976943969727 -0.0054033980704844 -0.06905228644609451 -156.02076721191406 0.004954230040311813 0.999962568283081 -0.007324039004743099 54.561485290527344 0.06909091025590897 0.0069657000713050365 0.9975848197937012 -550.93701171875
* 0.9982436895370483 7.80071597546339E-4 -0.05922370404005051 -156.6395721435547 -0.002443322679027915 0.9995845556259155 -0.028774742037057877 58.16706848144531 0.05917831137776375 0.028870228677988052 0.9978286027908325 -552.0860595703125
* 0.997488260269165 -0.0037202041130512953 -0.07072382420301437 -155.8944091796875 0.0021217179019004107 0.9997279644012451 -0.023297253996133804 58.343753814697266 0.07079289108514786 0.023090001195669174 0.9972224831581116 -550.1456298828125
* 0.9972203969955444 -0.001916422275826335 -0.07447350770235062 -154.47116088867188 0.0013637524098157883 0.9999681711196899 -0.008073467761278152 57.636104583740234 0.07448823004961014 0.007950819097459316 0.997188925743103 -547.0565795898438
* 0.9965393543243408 -0.006150046829134226 -0.08288541436195374 -154.47018432617188 0.007527467794716358 0.9998488426208496 0.015773972496390343 58.011253356933594 0.0827774927020073 -0.01634189859032631 0.9964327216148376 -546.2163696289063
* 0.9971898794174194 -0.01213759370148182 -0.07391559332609177 -155.15353393554688 0.014192669652402401 0.9995434880256653 0.026731405407190323 57.73392105102539 0.07355904579162598 -0.02770392782986164 0.996904730796814 -548.2669677734375
* 0.9957865476608276 -7.903638761490583E-4 -0.09169027209281921 -154.71792602539063 7.645850419066846E-4 1.000001072883606 -8.05804505944252E-4 55.02231216430664 0.09169260412454605 7.336754351854324E-4 0.9957858324050903 -545.9805908203125
* 0.9972192645072937 -0.0013693757355213165 -0.07450135052204132 -155.33412170410156 6.13866257481277E-4 0.9999434947967529 -0.010765155777335167 53.61500930786133 0.0745135247707367 0.010690834373235703 0.9971614480018616 -548.5879516601563
* 0.9976622462272644 -0.006547237746417522 -0.0680135190486908 -154.1298370361328 0.005967284087091684 0.9999397397041321 -0.009385889396071434 54.10770797729492 0.06807252764701843 0.008959448896348476 0.9976389408111572 -548.86083984375
* 0.99520343542099 -0.0036729457788169384 -0.09775130450725555 -152.81492614746094 7.79236841481179E-4 0.9995486736297607 -0.030083203688263893 54.16755676269531 0.0978192687034607 0.029864050447940826 0.9947547912597656 -546.4869384765625
* 0.9961904287338257 -0.0029307943768799305 -0.08714817464351654 -153.73255920410156 0.001969083910807967 0.9999319314956665 -0.011634046211838722 54.018699645996094 0.08717796206474304 0.011419476941227913 0.9961260557174683 -547.3591918945313
* 0.9966849684715271 -0.004479267168790102 -0.0812261626124382 -155.23004150390625 0.004348160699009895 0.9999893307685852 -0.0023432495072484016 54.39308166503906 0.08123742789030075 0.0019836705178022385 0.9966915845870972 -548.01318359375
* 0.9965498447418213 -0.006626900285482407 -0.08272315561771393 -155.7522430419922 0.004897113423794508 0.9997554421424866 -0.02163754217326641 53.83158874511719 0.0828479453921318 0.021159114316105843 0.9963363409042358 -545.1478881835938
* 0.9971925616264343 -0.01706208661198616 -0.07290077209472656 -157.9078826904297 0.020289894193410873 0.9988642334938049 0.043145861476659775 52.89735412597656 0.072083480656147 -0.044502437114715576 0.9964040517807007 -548.6691284179688
* 0.9973598718643188 -0.007824084721505642 -0.07218541949987411 -158.2877197265625 0.008372713811695576 0.9999440908432007 0.0066787307150661945 52.70566940307617 0.07213076204061508 -0.007264097686856985 0.9973675012588501 -547.792236328125
* 0.996799647808075 -0.006432817783206701 -0.07967204600572586 -160.87692260742188 0.005609939806163311 0.9999239444732666 -0.011110551655292511 53.7012939453125 0.07973907142877579 0.01062939502298832 0.9967578649520874 -550.3630981445313
* 0.9968222379684448 -0.0109478160738945 -0.0788939967751503 -162.63694763183594 0.011139955371618271 0.9999383091926575 0.0014265684876590967 53.51686096191406 0.07887513190507889 -0.002299537882208824 0.9968806505203247 -549.1046752929688
* 0.9976593255996704 -0.0051849703304469585 -0.06817420572042465 -163.98367309570313 0.004880143329501152 0.9999754428863525 -0.005295102950185537 53.701412200927734 0.06820162385702133 0.004951377399265766 0.9976580739021301 -549.9132690429688
* 0.9976274371147156 -0.005505875218659639 -0.06861472129821777 -164.53140258789063 0.004574541002511978 0.9998875260353088 -0.014376304112374783 54.52118682861328 0.0686877965927124 0.014029664918780327 0.9975383281707764 -551.950439453125
* 0.9973359704017639 -0.010396775789558887 -0.07219217717647552 -163.73133850097656 0.009124642238020897 0.9997876286506653 -0.018548788502812386 55.978919982910156 0.07237135618925095 0.017841963097453117 0.9972169399261475 -550.5134887695313
