#
#
#
#
#
#
#
#
#
#
#
#
#
#
#
#
#
#
#
#
#
#
#
#
#
#
#
#
#
#
#
#
#
#
#
#
#
#
#
#
#
#
#
#
#
#
#
#
#
#
#
#
#
#
#
#
#
#
#
#
#
#
#
#
#
#
#
#
#
#
#
#
#
#
#
#
#
#
#
#
#
#
#
#
#
#
#
#
#
#
#
#
#
#
#
#
#
#
#
#
#
#
#
#
#
#
#
#
#
#
#
#
#
#
#
#
#
#
#
#
#
#
#
#
#
#
#
#
#
#
#
#
#
#
#
#
#
#
#
#
#
#
#
#
#
#
#
#
#
#
#
#
#
#
#
#
#
#
#
#
#
#
#
#
#
#
#
#
#
#
#
#
#
#
#
#
#
#
#
#
#
#
#
#
#
#
#
#
#
#
#
#
#
#
#
#
#
#
#
#
#
#
#
#
#
#
#
#
#
#
#
#
#
#
#
#
#
#
#
#
#
#
#
#
#
#
#
#
#
#
#
#
#
#
#
#
#
#
#
#
#
#
#
#
#
#
#
#
#
#
#
#
#
#
#
#
#
#
#
#
#
#
#
#
#
#
#
#
#
#
#
#
#
#
#
#
#
#
#
#
#
#
#
#
#
#
#
#
#
* 0.968619704246521 0.13914373517036438 0.2059522122144699 41.78062057495117 -0.17770974338054657 0.96701580286026 0.18247854709625244 58.090946197509766 -0.17376798391342163 -0.21335135400295258 0.9613978862762451 -324.0947570800781
#
* 0.9571915864944458 0.1548241376876831 0.2445811629295349 56.379276275634766 -0.20295575261116028 0.9614048004150391 0.18575519323349 -4.482679843902588 -0.2063821405172348 -0.22744162380695343 0.9516704678535461 -321.2503967285156
* 0.9702058434486389 0.18130150437355042 0.16073718667030334 58.63615417480469 -0.21449615061283112 0.9511809349060059 0.22190414369106293 -27.795257568359375 -0.11265865713357925 -0.24976933002471924 0.9617293477058411 -320.7688903808594
* 0.9626108407974243 0.17835833132266998 0.2038985937833786 56.04074478149414 -0.21040381491184235 0.9663289785385132 0.14810048043727875 -32.498512268066406 -0.1706181913614273 -0.1854633241891861 0.9677255749702454 -315.64080810546875
* 0.9755609631538391 0.2052541822195053 0.07846929877996445 55.00272750854492 -0.2190139889717102 0.9370440244674683 0.27198588848114014 -14.71811294555664 -0.017703071236610413 -0.28252384066581726 0.9590969085693359 -346.89605712890625
#
#
#
#
#
#
#
#
#
#
#
#
#
#
#
#
#
#
#
#
#
#
#
#
#
#
#
#
#
#
#
#
#
#
#
#
#
#
#
#
#
#
#
#
#
#
#
#
#
#
#
#
#
#
#
#
#
#
#
#
#
#
#
#
#
#
#
#
#
#
#
#
#
#
#
#
#
#
#
#
#
#
#
#
#
#
#
#
#
* 0.9380956888198853 0.16856414079666138 -0.3025945723056793 -41.137699127197266 -0.24869400262832642 0.9358483552932739 -0.24967609345912933 59.55381393432617 0.2410964071750641 0.3094738721847534 0.9198360443115234 -320.6530456542969
* 0.9324483871459961 0.16344262659549713 -0.3222225308418274 -41.98998260498047 -0.25220295786857605 0.9330431222915649 -0.2565605342388153 59.45771789550781 0.25871482491493225 0.32049521803855896 0.9112350344657898 -319.5207214355469
#
#
#
#
#
#
#
#
#
#
#
#
#
#
#
#
#
#
#
#
#
#
#
#
#
#
#
#
#
#
#
#
#
#
#
#
#
#
#
#
#
#
#
#
#
#
#
#
#
#
#
#
#
#
#
#
#
#
#
#
#
#
#
#
#
#
#
#
#
#
#
#
#
#
#
#
#
#
#
#
#
#
#
#
* 0.9655005931854248 0.1899893432855606 -0.1780799925327301 -92.14837646484375 -0.22192879021167755 0.9581061601638794 -0.18105381727218628 52.261985778808594 0.13622117042541504 0.21432863175868988 0.9672160744667053 -317.35833740234375
#
* 0.966865599155426 0.187238872051239 -0.17346106469631195 -93.65704345703125 -0.21785980463027954 0.9595904350280762 -0.17816567420959473 51.218536376953125 0.1330873817205429 0.21005204319953918 0.9685896039009094 -317.3319396972656
* 0.9658931493759155 0.1883087307214737 -0.17766988277435303 -93.015625 -0.22050125896930695 0.9580907225608826 -0.18292386829853058 52.6556282043457 0.13577301800251007 0.21586090326309204 0.9669383764266968 -315.0352783203125
* 0.9690560698509216 0.18284198641777039 -0.16575676202774048 -92.85053253173828 -0.2128266841173172 0.9592950344085693 -0.1856807917356491 53.63923645019531 0.12505468726158142 0.2152121365070343 0.9685272574424744 -316.4095764160156
* 0.9623790979385376 0.18366549909114838 -0.20017367601394653 -91.29593658447266 -0.22399523854255676 0.9534944891929626 -0.20172767341136932 53.214683532714844 0.15380942821502686 0.23897607624530792 0.958766520023346 -316.83538818359375
* 0.9632671475410461 0.18120194971561432 -0.1981368213891983 -87.51648712158203 -0.21972469985485077 0.9562057256698608 -0.19341981410980225 52.111839294433594 0.1544068604707718 0.2298501580953598 0.960899293422699 -315.3807067871094
* 0.9650728106498718 0.17729459702968597 -0.19281339645385742 -84.40758514404297 -0.2151678502559662 0.9564840197563171 -0.1971312016248703 52.03138732910156 0.14946794509887695 0.23173290491104126 0.9612278938293457 -318.3669738769531
* 0.9649970531463623 0.17393189668655396 -0.19622580707073212 -79.07506561279297 -0.21262335777282715 0.9570873379707336 -0.19696293771266937 49.562679290771484 0.15354245901107788 0.23179051280021667 0.9605714678764343 -315.9577941894531
* 0.9587048888206482 0.18288405239582062 -0.21774844825267792 -75.45758819580078 -0.2290976643562317 0.950470507144928 -0.2100934386253357 46.27262878417969 0.1685362160205841 0.2513029873371124 0.9531222581863403 -313.3454284667969
* 0.9612666368484497 0.17637959122657776 -0.2117367684841156 -74.09980010986328 -0.2179001420736313 0.9569500088691711 -0.1917952597141266 44.16752243041992 0.16878825426101685 0.230503648519516 0.9583205580711365 -312.95269775390625
* 0.9599433541297913 0.17900563776493073 -0.21550364792346954 -72.62995910644531 -0.22444233298301697 0.9518629312515259 -0.20881080627441406 43.4438362121582 0.16774718463420868 0.24881450831890106 0.9539139866828918 -311.77447509765625
* 0.9552120566368103 0.17503103613853455 -0.2385587841272354 -72.0512466430664 -0.2241324633359909 0.9544745683670044 -0.19688133895397186 43.16660690307617 0.19323356449604034 0.24153199791908264 0.950958788394928 -310.7222595214844
* 0.9552035331726074 0.17006003856658936 -0.24216042459011078 -71.19458770751953 -0.22159193456172943 0.9535343647003174 -0.20417766273021698 41.577274322509766 0.1961815059185028 0.24869191646575928 0.9485064744949341 -310.1331481933594
* 0.9565205574035645 0.16235101222991943 -0.2422529011964798 -69.03649139404297 -0.21697711944580078 0.9513252973556519 -0.2189071774482727 41.49556350708008 0.19491717219352722 0.2619525194168091 0.9451919794082642 -309.9327392578125
* 0.9595160484313965 0.16319729387760162 -0.22950278222560883 -67.30391693115234 -0.2144077569246292 0.9518170952796936 -0.21930083632469177 42.694156646728516 0.18265095353126526 0.25962984561920166 0.9482777118682861 -311.17156982421875
* 0.9556691646575928 0.16490350663661957 -0.24388374388217926 -66.55985260009766 -0.22043801844120026 0.9500017166137695 -0.22118571400642395 42.33174514770508 0.19521133601665497 0.2651416063308716 0.9442416429519653 -308.5847473144531
* 0.9563596844673157 0.1682853102684021 -0.23881368339061737 -66.30885314941406 -0.22128528356552124 0.9510630369186401 -0.21571114659309387 41.89921569824219 0.19082149863243103 0.2591434419155121 0.946800708770752 -308.5492858886719
* 0.9539620876312256 0.16642111539840698 -0.24947166442871094 -65.42790985107422 -0.22347505390644073 0.9493345022201538 -0.22100219130516052 40.311222076416016 0.20004834234714508 0.26657846570014954 0.9428236484527588 -307.2608337402344
* 0.9505859017372131 0.1599094271659851 -0.2660655975341797 -61.979469299316406 -0.2196234166622162 0.9522599577903748 -0.21209794282913208 38.99970626831055 0.2194429337978363 0.2600516676902771 0.9403285384178162 -308.3243408203125
* 0.9488517045974731 0.1550884246826172 -0.27496057748794556 -56.91240692138672 -0.21741846203804016 0.9526240825653076 -0.21273338794708252 37.64958572387695 0.22893743216991425 0.26163405179977417 0.9376219511032104 -307.1766357421875
* 0.9487183690071106 0.15975148975849152 -0.27274224162101746 -55.27885818481445 -0.2244599312543869 0.9481133222579956 -0.22520571947097778 36.77107620239258 0.22260946035385132 0.2748766243457794 0.9353542327880859 -305.8332214355469
* 0.9508816599845886 0.16061022877693176 -0.26458290219306946 -54.368221282958984 -0.21850617229938507 0.9538476467132568 -0.20603077113628387 36.45033645629883 0.21927697956562042 0.2537239193916321 0.9420942664146423 -306.0240783691406
* 0.9497904181480408 0.15756630897521973 -0.27027174830436707 -52.83777618408203 -0.21853505074977875 0.9524239301681519 -0.21248584985733032 33.89513397216797 0.22392858564853668 0.2608809471130371 0.9390403628349304 -305.9275207519531
* 0.9458287954330444 0.1530819684267044 -0.2862682044506073 -49.90018081665039 -0.21768313646316528 0.9533458948135376 -0.2091996669769287 31.490100860595703 0.2408839762210846 0.2601829767227173 0.9350290894508362 -304.9652404785156
* 0.9488808512687683 0.15709802508354187 -0.27371764183044434 -46.58176803588867 -0.21911723911762238 0.9522071480751038 -0.21285659074783325 32.03960418701172 0.22719262540340424 0.26195192337036133 0.9379576444625854 -305.8453063964844
* 0.9499709010124207 0.15695194900035858 -0.26999515295028687 -44.69550704956055 -0.2208774834871292 0.9489351511001587 -0.22528637945652008 34.750728607177734 0.22084484994411469 0.27365148067474365 0.9361315369606018 -306.23162841796875
* 0.9501240253448486 0.1476011574268341 -0.27468952536582947 -41.69586181640625 -0.21618178486824036 0.9467046856880188 -0.2388189285993576 37.67206573486328 0.22479602694511414 0.28629070520401 0.9313990473747253 -306.1410827636719
* 0.9484431743621826 0.14551502466201782 -0.2815263569355011 -40.55556869506836 -0.21608097851276398 0.9468513131141663 -0.23832808434963226 38.24813461303711 0.23187947273254395 0.28687340021133423 0.9294812083244324 -303.57684326171875
* 0.9449484944343567 0.149861142039299 -0.2908441126346588 -41.34574508666992 -0.21909306943416595 0.950109601020813 -0.22205480933189392 37.2475700378418 0.24305260181427002 0.2735525071620941 0.9306418895721436 -302.458740234375
* 0.94644695520401 0.1471739113330841 -0.2873231768608093 -41.89244079589844 -0.21821889281272888 0.9476398825645447 -0.23319001495838165 35.0032958984375 0.23795560002326965 0.2834014594554901 0.9290105104446411 -301.7598876953125
* 0.942380428314209 0.13792045414447784 -0.3047524094581604 -41.39344787597656 -0.2157079577445984 0.9469528198242188 -0.23826222121715546 31.992101669311523 0.2557210624217987 0.2902713418006897 0.9221437573432922 -300.15887451171875
* 0.9430606365203857 0.1348588764667511 -0.3040176033973694 -40.90668487548828 -0.20921574532985687 0.9512070417404175 -0.22683097422122955 27.0932559967041 0.25858965516090393 0.2775207757949829 0.9252638816833496 -299.0687561035156
* 0.945201575756073 0.13740284740924835 -0.2961272597312927 -40.74283981323242 -0.20453394949436188 0.9563182592391968 -0.20890051126480103 22.987361907958984 0.2544845640659332 0.2580212652683258 0.9320205450057983 -298.69769287109375
* 0.9414680600166321 0.13278408348560333 -0.30981147289276123 -38.65096664428711 -0.20367853343486786 0.9565278887748718 -0.20877642929553986 21.51313018798828 0.26861733198165894 0.2596583366394043 0.9275892972946167 -297.7207946777344
* 0.9368053674697876 0.12284212559461594 -0.3275398910045624 -34.095176696777344 -0.1987876296043396 0.957446813583374 -0.20927739143371582 21.424774169921875 0.2878902554512024 0.2611631751060486 0.9213646054267883 -297.5736999511719
* 0.9372121095657349 0.1230815201997757 -0.32628393173217773 -29.990320205688477 -0.19841203093528748 0.9577046632766724 -0.2084522843360901 20.53567886352539 0.2868233025074005 0.2601027488708496 0.9219970107078552 -298.5650634765625
* 0.9361145496368408 0.11751557886600494 -0.33144617080688477 -27.99880599975586 -0.195095956325531 0.9577749371528625 -0.21124066412448883 19.21867561340332 0.29262304306030273 0.26240935921669006 0.9195176362991333 -297.86627197265625
* 0.9358797669410706 0.11971572786569595 -0.3313218057155609 -27.762243270874023 -0.1975773721933365 0.9570802450180054 -0.21208178997039795 18.79920768737793 0.2917082607746124 0.2639448046684265 0.9193688035011292 -297.8164978027344
* 0.9397170543670654 0.12150701880455017 -0.3196009695529938 -28.55511474609375 -0.19600646197795868 0.9573925733566284 -0.21212975680828094 19.84646987915039 0.2802045941352844 0.26198574900627136 0.9234977960586548 -299.8440246582031
* 0.9397950172424316 0.11773108690977097 -0.3207826614379883 -29.987529754638672 -0.19084390997886658 0.9596152901649475 -0.20672492682933807 20.25227928161621 0.28348633646965027 0.25549840927124023 0.9243135452270508 -299.6144714355469
* 0.942304790019989 0.1216665506362915 -0.3118264675140381 -32.20405578613281 -0.1901709884405136 0.9612979888916016 -0.199397474527359 19.88286590576172 0.2754944860935211 0.24719348549842834 0.9289765954017639 -299.21807861328125
* 0.9407858848571777 0.12470267713069916 -0.31519511342048645 -34.42707061767578 -0.19591999053955078 0.9589215517044067 -0.205190047621727 19.018699645996094 0.27665600180625916 0.2547928988933563 0.9265751838684082 -298.656005859375
* 0.942874550819397 0.12946049869060516 -0.3069273829460144 -36.61643981933594 -0.19561521708965302 0.9610347747802734 -0.19535820186138153 17.421531677246094 0.26967307925224304 0.24423785507678986 0.9314633011817932 -299.26483154296875
* 0.9422652721405029 0.12805905938148499 -0.3093762993812561 -38.235355377197266 -0.19344396889209747 0.9624308943748474 -0.19058921933174133 16.85417366027832 0.2733430862426758 0.23943248391151428 0.931641161441803 -298.7035827636719
* 0.9447778463363647 0.1273810714483261 -0.3019031584262848 -40.545963287353516 -0.19068239629268646 0.9630650281906128 -0.19016841053962708 17.486642837524414 0.2665250301361084 0.2372344434261322 0.9341754913330078 -299.8411865234375
* 0.9451777935028076 0.13628257811069489 -0.29671958088874817 -43.82666015625 -0.19624367356300354 0.9634516835212708 -0.18239331245422363 16.89284896850586 0.2610144019126892 0.2306233048439026 0.937381386756897 -299.83416748046875
* 0.9493770599365234 0.13760468363761902 -0.2823556065559387 -48.01443862915039 -0.1904740333557129 0.9670588970184326 -0.16892169415950775 15.411931991577148 0.24980655312538147 0.21415159106254578 0.9443173408508301 -301.0032958984375
* 0.9483023881912231 0.13750068843364716 -0.2859944999217987 -52.03392791748047 -0.19461689889431 0.963921308517456 -0.18165358901023865 13.787960052490234 0.2506951689720154 0.22792169451713562 0.9408524036407471 -299.3077392578125
* 0.9493257999420166 0.14259184896945953 -0.28004390001296997 -53.871673583984375 -0.19847865402698517 0.9630207419395447 -0.18225041031837463 12.448172569274902 0.24369710683822632 0.22859755158424377 0.9425255656242371 -297.7816467285156
* 0.9486186504364014 0.1416260153055191 -0.28291529417037964 -54.60133743286133 -0.19793131947517395 0.9633311033248901 -0.18120159208774567 11.883440971374512 0.24687474966049194 0.227888822555542 0.9418699741363525 -298.16497802734375
* 0.953122615814209 0.14014938473701477 -0.2681266665458679 -54.99040603637695 -0.19082580506801605 0.9662619829177856 -0.1730353683233261 13.038204193115234 0.2348262220621109 0.2160891890525818 0.9477139711380005 -299.6411437988281
* 0.9513407945632935 0.1461179107427597 -0.27125084400177 -55.58879470825195 -0.19929689168930054 0.9633069634437561 -0.17982932925224304 14.773283958435059 0.23501794040203094 0.22513815760612488 0.9455575346946716 -298.8685302734375
* 0.952174961566925 0.1451638787984848 -0.2688252329826355 -57.07904052734375 -0.1985420137643814 0.9628543257713318 -0.18305961787700653 16.553504943847656 0.23226217925548553 0.2276776283979416 0.9456304907798767 -299.17333984375
* 0.9531937837600708 0.14846333861351013 -0.2633573114871979 -60.264034271240234 -0.19893985986709595 0.9640244841575623 -0.1763456165790558 19.22103500366211 0.22769829630851746 0.22048348188400269 0.9484409689903259 -301.18829345703125
* 0.9541075825691223 0.15064342319965363 -0.2587704360485077 -63.74711608886719 -0.20437918603420258 0.9593124389648438 -0.1948506087064743 22.79887580871582 0.21888495981693268 0.2387954145669937 0.9460793137550354 -300.2034912109375
* 0.957455575466156 0.15290851891040802 -0.24469245970249176 -66.29190063476563 -0.20209382474422455 0.9607402086257935 -0.1901426464319229 25.57802391052246 0.20600762963294983 0.2315036505460739 0.950771689414978 -300.57501220703125
* 0.9592136144638062 0.15450388193130493 -0.23667407035827637 -68.29751586914063 -0.2010337859392166 0.9616313576698303 -0.18673175573349 27.629056930541992 0.1987384706735611 0.2266947478055954 0.9534738063812256 -300.684326171875
* 0.9593338370323181 0.1519428789615631 -0.23784147202968597 -68.95396423339844 -0.20162370800971985 0.9587306380271912 -0.20050403475761414 29.001623153686523 0.19755680859088898 0.24030447006225586 0.9503814578056335 -300.5407409667969
* 0.957283616065979 0.1563994139432907 -0.2431545853614807 -68.36332702636719 -0.20854641497135162 0.956128716468811 -0.20577889680862427 30.056657791137695 0.2002994418144226 0.24769744277000427 0.9479061365127563 -300.4900207519531
* 0.9581556916236877 0.15723977982997894 -0.23914429545402527 -66.89472961425781 -0.2059270590543747 0.9591200351715088 -0.19416898488998413 31.325441360473633 0.19883307814598083 0.23529009521007538 0.95136958360672 -300.9957580566406
* 0.9545454978942871 0.1560344099998474 -0.25391507148742676 -64.82969665527344 -0.21129952371120453 0.9552435278892517 -0.20707762241363525 31.760892868041992 0.21023564040660858 0.2513168156147003 0.9447967410087585 -299.362548828125
* 0.956073522567749 0.15977099537849426 -0.24570989608764648 -64.74311828613281 -0.2113369256258011 0.9567540884017944 -0.19994333386421204 31.752744674682617 0.20313489437103271 0.2430877387523651 0.9484959244728088 -299.9447021484375
* 0.9565114378929138 0.16364586353302002 -0.24141815304756165 -67.2335433959961 -0.20952408015727997 0.9614452123641968 -0.1781623661518097 31.560787200927734 0.2029508650302887 0.22099679708480835 0.9539241790771484 -301.4813537597656
* 0.953633725643158 0.17147399485111237 -0.24729791283607483 -70.98949432373047 -0.22009332478046417 0.9579302668571472 -0.18424858152866364 32.27693557739258 0.20529648661613464 0.2301338016986847 0.9512579441070557 -301.0666809082031
* 0.961105227470398 0.17422744631767273 -0.21423973143100739 -74.68658447265625 -0.21462413668632507 0.9595658779144287 -0.18217752873897552 34.90998458862305 0.17383289337158203 0.2210722714662552 0.9596402049064636 -303.1487121582031
* 0.9574562311172485 0.17555546760559082 -0.22898699343204498 -75.2612075805664 -0.22186881303787231 0.9554001688957214 -0.19494549930095673 36.38254928588867 0.1845465749502182 0.2374563366174698 0.9537070393562317 -301.1251525878906
* 0.9571074843406677 0.17836636304855347 -0.2282712161540985 -75.27427673339844 -0.22512218356132507 0.9539653062820435 -0.19821545481681824 36.85100173950195 0.18240390717983246 0.24110187590122223 0.9532045125961304 -300.958251953125
* 0.958062469959259 0.17426460981369019 -0.2274320125579834 -75.01419067382813 -0.22243383526802063 0.9528025388717651 -0.20666298270225525 35.733341217041016 0.1806798130273819 0.24858413636684418 0.9516096115112305 -300.01678466796875
#
#
#
#
#
#
#
#
#
#
#
#
#
#
#
#
#
#
#
* 0.94840008020401 0.1729797124862671 -0.2657386362552643 -48.4075927734375 -0.2373778373003006 0.942963719367981 -0.23338618874549866 43.22303009033203 0.21021121740341187 0.284424364566803 0.9353684782981873 -304.1476745605469
* 0.9490448832511902 0.1761620193719864 -0.2613094449043274 -46.31366729736328 -0.23973965644836426 0.9417558312416077 -0.2358362078666687 44.560455322265625 0.20454472303390503 0.2864658534526825 0.9360016584396362 -304.823486328125
* 0.9545460343360901 0.17708717286586761 -0.23975835740566254 -45.43394088745117 -0.23299624025821686 0.9449631571769714 -0.22968515753746033 48.20283126831055 0.18588896095752716 0.2751084566116333 0.9432715177536011 -308.3514709472656
* 0.952258288860321 0.17950358986854553 -0.24695037305355072 -45.276275634765625 -0.2365349531173706 0.9451947212219238 -0.22506846487522125 50.14432907104492 0.19301603734493256 0.2727363407611847 0.942528486251831 -308.0916748046875
* 0.9507824778556824 0.18054553866386414 -0.25182873010635376 -46.095558166503906 -0.24281029403209686 0.9390033483505249 -0.24354302883148193 51.37581253051758 0.19249792397022247 0.2927037179470062 0.9366265535354614 -308.3797302246094
* 0.9475900530815125 0.18000799417495728 -0.26395460963249207 -46.47590255737305 -0.24800662696361542 0.9352622032165527 -0.25253644585609436 53.123497009277344 0.20140865445137024 0.3047642111778259 0.9308884739875793 -307.3670654296875
* 0.9531232714653015 0.18070031702518463 -0.24270407855510712 -47.237953186035156 -0.24143776297569275 0.9376417994499207 -0.2500658929347992 55.536216735839844 0.1823829710483551 0.29694220423698425 0.9373162984848022 -310.5993347167969
* 0.9519524574279785 0.1839236319065094 -0.2448681741952896 -48.19395446777344 -0.24658752977848053 0.9344910383224487 -0.2567456066608429 58.06831741333008 0.1816059798002243 0.30479177832603455 0.9349445104598999 -311.9856872558594
#
#
#
#
#
#
#
#
#
#
#
#
#
#
#
#
#
#
#
#
#
#
#
#
#
#
#
#
#
#
#
#
#
#
#
#
#
#
#
#
#
#
#
#
#
#
#
#
#
#
#
#
#
#
#
#
#
#
#
* 0.9524604678153992 0.1921352595090866 -0.2364332675933838 -54.694175720214844 -0.24845197796821594 0.9390075206756592 -0.23777873814105988 54.742130279541016 0.1763266772031784 0.285216748714447 0.9421042203903198 -304.7716369628906
* 0.9507235884666443 0.19253620505332947 -0.24300651252269745 -58.23378372192383 -0.2463158816099167 0.9450751543045044 -0.2148573249578476 51.55631637573242 0.18829135596752167 0.2641258239746094 0.9459301829338074 -303.6806335449219
* 0.9512588381767273 0.19463303685188293 -0.23921138048171997 -61.90870666503906 -0.24693052470684052 0.9453996419906616 -0.21271337568759918 49.860504150390625 0.1847490519285202 0.26141366362571716 0.9473810195922852 -302.9295349121094
* 0.9539021253585815 0.19430498778820038 -0.22872225940227509 -64.82918548583984 -0.243218332529068 0.9470041394233704 -0.20983301103115082 49.95711898803711 0.17582912743091583 0.2557891607284546 0.9506083130836487 -303.13836669921875
* 0.9551695585250854 0.19190357625484467 -0.22543686628341675 -66.3097915649414 -0.24135835468769073 0.9457398653030396 -0.21754160523414612 49.662750244140625 0.1714574098587036 0.26219964027404785 0.9496597647666931 -302.2094421386719
* 0.9513582587242126 0.19341693818569183 -0.23980167508125305 -66.26994323730469 -0.2478937804698944 0.9427657127380371 -0.2230324149131775 49.28839111328125 0.18293844163417816 0.27162855863571167 0.9448552131652832 -301.34527587890625
* 0.9521299004554749 0.19382496178150177 -0.23638468980789185 -65.1415023803711 -0.24750564992427826 0.9426444172859192 -0.22397442162036896 49.5943489074707 0.1794147938489914 0.2717588543891907 0.9454931616783142 -301.77593994140625
* 0.9556280374526978 0.19487126171588898 -0.22090181708335876 -63.78438949584961 -0.24314779043197632 0.9451636075973511 -0.21805278956890106 50.56095886230469 0.16629604995250702 0.26208871603012085 0.9506077170372009 -303.1926574707031
* 0.9517349600791931 0.19319598376750946 -0.23848117887973785 -62.645015716552734 -0.2479228973388672 0.9419833421707153 -0.22628258168697357 48.6092643737793 0.1809283047914505 0.27448561787605286 0.9444165825843811 -301.6314697265625
* 0.9514232277870178 0.19329635798931122 -0.23964042961597443 -62.451961517333984 -0.24653159081935883 0.9445593357086182 -0.21686935424804688 43.564327239990234 0.18443439900875092 0.2654131054878235 0.9463297128677368 -301.842529296875
* 0.9505022764205933 0.19093959033489227 -0.24512161314487457 -62.03285598754883 -0.24443095922470093 0.9465484023094177 -0.21048039197921753 38.52168655395508 0.19183027744293213 0.2599770724773407 0.9463684558868408 -300.3689270019531
* 0.9506524205207825 0.18738844990730286 -0.24726995825767517 -61.489044189453125 -0.23876376450061798 0.9508082270622253 -0.19737780094146729 35.33867263793945 0.19811980426311493 0.2466764748096466 0.9486302733421326 -299.9024353027344
* 0.9477562308311462 0.18720313906669617 -0.2582826614379883 -60.04126739501953 -0.24231402575969696 0.9491005539894104 -0.20123191177845 33.75291061401367 0.20746485888957977 0.25330397486686707 0.9448784589767456 -298.9136047363281
* 0.9481610655784607 0.18572254478931427 -0.2578652799129486 -57.93938446044922 -0.24074682593345642 0.9494727253913879 -0.20135709643363953 33.46586608886719 0.20743945240974426 0.25299888849258423 0.9449657797813416 -299.5285339355469
* 0.9481081366539001 0.18295806646347046 -0.2600267827510834 -54.854705810546875 -0.23889383673667908 0.9496188163757324 -0.20286937057971954 34.1080207824707 0.20980966091156006 0.2544606029987335 0.9440495371818542 -300.43109130859375
* 0.9423074722290039 0.18620114028453827 -0.2781773507595062 -51.746910095214844 -0.25018519163131714 0.9438716173171997 -0.21567575633525848 34.882259368896484 0.22240455448627472 0.2728284001350403 0.9360024333000183 -299.70037841796875
* 0.9410486817359924 0.1822698563337326 -0.2849597930908203 -48.784297943115234 -0.24916736781597137 0.9432621002197266 -0.21948733925819397 35.00324249267578 0.22878576815128326 0.2775505483150482 0.933071494102478 -298.8353576660156
* 0.9417877197265625 0.1818159818649292 -0.28279995918273926 -46.32769775390625 -0.2487442046403885 0.9427229762077332 -0.22226616740226746 34.60388946533203 0.22619037330150604 0.2796720266342163 0.9330708384513855 -298.984619140625
* 0.9410402178764343 0.1806964874267578 -0.28598740696907043 -43.96565628051758 -0.24574801325798035 0.9461327791213989 -0.21081584692001343 33.69145965576172 0.23248833417892456 0.26866665482521057 0.9347550272941589 -299.62738037109375
* 0.9379372000694275 0.17953313887119293 -0.2967129349708557 -41.201114654541016 -0.24641990661621094 0.9470378756523132 -0.2059110701084137 32.130523681640625 0.24403047561645508 0.2662472128868103 0.9325026273727417 -299.3630676269531
* 0.9348912835121155 0.1793602705001831 -0.30627602338790894 -38.242347717285156 -0.24934962391853333 0.9460088014602661 -0.20711104571819305 30.25672149658203 0.25259217619895935 0.26999565958976746 0.9291388392448425 -298.66082763671875
* 0.9308763742446899 0.17737247049808502 -0.3193821609020233 -34.930240631103516 -0.25214701890945435 0.9445570111274719 -0.21032483875751495 28.25379753112793 0.2643686532974243 0.27631720900535583 0.9239898920059204 -297.9779052734375
* 0.9282408356666565 0.17492730915546417 -0.3282775580883026 -32.056358337402344 -0.2511712610721588 0.945712149143219 -0.20626239478588104 25.211456298828125 0.27437496185302734 0.2739146053791046 0.9217854738235474 -297.4053649902344
* 0.9231821894645691 0.17378874123096466 -0.3428244888782501 -30.02008819580078 -0.255494624376297 0.9438315033912659 -0.20954033732414246 22.67957878112793 0.28715264797210693 0.28103330731391907 0.9157308340072632 -296.0957336425781
* 0.9267227649688721 0.1784437745809555 -0.3306645452976227 -28.524065017700195 -0.25222378969192505 0.9477318525314331 -0.19542288780212402 21.35047149658203 0.2785091996192932 0.2645038664340973 0.9232926368713379 -297.618896484375
* 0.9263264536857605 0.1746899038553238 -0.33376482129096985 -27.8182373046875 -0.25080183148384094 0.9470773339271545 -0.2003633677959442 20.962312698364258 0.28109949827194214 0.2693102955818176 0.9211155772209167 -298.25994873046875
* 0.9271848797798157 0.17958402633666992 -0.3287462592124939 -28.381752014160156 -0.2512035369873047 0.9491037130355835 -0.19000333547592163 20.86925506591797 0.2778926491737366 0.25874999165534973 0.9251071214675903 -298.31719970703125
* 0.9304066300392151 0.1811058074235916 -0.3186541497707367 -29.765716552734375 -0.2515714168548584 0.9478206634521484 -0.19583170115947723 20.69430160522461 0.26656070351600647 0.2623669505119324 0.9274200201034546 -298.74859619140625
* 0.9307811856269836 0.1826145201921463 -0.3166930079460144 -31.467634201049805 -0.25021204352378845 0.9498288035392761 -0.1876734048128128 20.73213005065918 0.2665323317050934 0.25392284989356995 0.9297756552696228 -298.8060607910156
* 0.9331819415092468 0.18054358661174774 -0.31075921654701233 -32.32679748535156 -0.24950003623962402 0.9478005170822144 -0.19855982065200806 21.78721046447754 0.25868913531303406 0.26282641291618347 0.9295167326927185 -298.9205627441406
* 0.93439781665802 0.1838262528181076 -0.3051302134990692 -31.952579498291016 -0.25394344329833984 0.9444474577903748 -0.2086477279663086 23.929018020629883 0.24982458353042603 0.2724453806877136 0.9291718006134033 -299.6907653808594
* 0.9321774840354919 0.1833084374666214 -0.31215226650238037 -31.401872634887695 -0.25455352663993835 0.9450411200523376 -0.20518752932548523 26.221458435058594 0.25738415122032166 0.27073022723197937 0.9276085495948792 -299.380859375
* 0.9385212659835815 0.1860194355249405 -0.2908099591732025 -31.448604583740234 -0.24999871850013733 0.947170078754425 -0.20092758536338806 28.577247619628906 0.23807001113891602 0.2612764537334442 0.9354444742202759 -301.30096435546875
* 0.930704653263092 0.18627755343914032 -0.31477826833724976 -31.87151527404785 -0.2602979838848114 0.9419226050376892 -0.21220090985298157 30.000293731689453 0.25696852803230286 0.2794320583343506 0.9251400232315063 -298.9281005859375
* 0.9349529147148132 0.18671204149723053 -0.30165818333625793 -32.53737258911133 -0.25744330883026123 0.9421257376670837 -0.21476620435714722 30.9552059173584 0.24410049617290497 0.2784557044506073 0.9289115071296692 -299.9692687988281
* 0.932178258895874 0.18507669866085052 -0.3111051023006439 -32.53118133544922 -0.26172852516174316 0.9383063912391663 -0.22601276636123657 31.383590698242188 0.2500821650028229 0.29210877418518066 0.9231092929840088 -298.8995056152344
* 0.9380418658256531 0.18803195655345917 -0.29106253385543823 -32.079254150390625 -0.2547835111618042 0.9435791969299316 -0.21153277158737183 32.54600524902344 0.23486563563346863 0.2725840210914612 0.9330248832702637 -300.5524597167969
* 0.932809591293335 0.1883060485124588 -0.3072509467601776 -31.283126831054688 -0.2628655731678009 0.9387847781181335 -0.2226821631193161 34.00925064086914 0.24651016294956207 0.28848525881767273 0.9252070784568787 -300.39794921875
* 0.9300920963287354 0.19062601029872894 -0.31398487091064453 -30.52143669128418 -0.26759377121925354 0.9372168183326721 -0.22365248203277588 35.37997055053711 0.2516380548477173 0.2920372784137726 0.9227087497711182 -299.7846984863281
* 0.9314301609992981 0.19046291708946228 -0.3100937604904175 -29.54150390625 -0.2678486108779907 0.9356467127799988 -0.22983627021312714 36.80622863769531 0.24636302888393402 0.29713407158851624 0.9225049614906311 -300.354736328125
* 0.9273741841316223 0.1902909129858017 -0.3221220374107361 -28.713260650634766 -0.271975576877594 0.9341291189193726 -0.23115907609462738 37.40089416503906 0.25691619515419006 0.3019798696041107 0.9180419445037842 -299.3913269042969
* 0.932941734790802 0.18883176147937775 -0.3065265119075775 -28.314199447631836 -0.26596739888191223 0.9353309869766235 -0.23327988386154175 38.07221984863281 0.24265317618846893 0.2991621494293213 0.9228326678276062 -300.61358642578125
* 0.932573139667511 0.19087952375411987 -0.3063798248767853 -28.077476501464844 -0.2675735652446747 0.9352511167526245 -0.23175883293151855 38.94681167602539 0.24230420589447021 0.29811084270477295 0.9232644438743591 -300.9405517578125
* 0.9317101836204529 0.19429734349250793 -0.30685630440711975 -28.337919235229492 -0.27069032192230225 0.9347924590110779 -0.22998329997062683 40.78721618652344 0.24216198921203613 0.29734042286872864 0.9235502481460571 -301.4624938964844
* 0.9299092292785645 0.1918230950832367 -0.3137972950935364 -28.255311965942383 -0.27352458238601685 0.9310873746871948 -0.24137736856937408 42.29999923706055 0.2458711713552475 0.31028997898101807 0.9182953238487244 -300.9537658691406
* 0.9368796348571777 0.19471465051174164 -0.2904118299484253 -27.663705825805664 -0.26812943816185 0.9331925511360168 -0.2392919659614563 44.23484420776367 0.22441676259040833 0.30205535888671875 0.9264979362487793 -303.4302978515625
* 0.9310376048088074 0.19213798642158508 -0.3102387487888336 -26.56810188293457 -0.27859917283058167 0.9233494400978088 -0.26421698927879333 45.80370330810547 0.23569290339946747 0.33242788910865784 0.9132028222084045 -302.3309326171875
* 0.9338995814323425 0.1934291571378708 -0.30068710446357727 -25.995656967163086 -0.27497485280036926 0.9261171221733093 -0.2582593858242035 47.83155822753906 0.2285168617963791 0.3238694369792938 0.918088972568512 -303.0771789550781
* 0.9324781894683838 0.19256459176540375 -0.30561313033103943 -25.765878677368164 -0.27595409750938416 0.9257073998451233 -0.2586835026741028 49.36509323120117 0.23309534788131714 0.32555168867111206 0.9163413047790527 -302.85577392578125
* 0.9318148493766785 0.19356021285057068 -0.3070041537284851 -25.203369140625 -0.27685773372650146 0.9260643720626831 -0.2564309537410736 50.34117126464844 0.23467105627059937 0.32394251227378845 0.9165093302726746 -302.9704895019531
* 0.9264463782310486 0.19426846504211426 -0.32241714000701904 -24.27884292602539 -0.28579893708229065 0.9204605221748352 -0.2665965259075165 50.554569244384766 0.24498122930526733 0.33913367986679077 0.9082791805267334 -301.5099792480469
* 0.9308057427406311 0.1973598301410675 -0.30764511227607727 -23.679515838623047 -0.2809285819530487 0.9247621893882751 -0.2567027509212494 51.48018264770508 0.23383603990077972 0.3253665268421173 0.9162182211875916 -303.1227722167969
* 0.9303575754165649 0.19751782715320587 -0.308896005153656 -23.74544906616211 -0.28162333369255066 0.9244467616081238 -0.2570772171020508 50.08573532104492 0.23478084802627563 0.326166033744812 0.915692150592804 -302.4959716796875
* 0.9268070459365845 0.198641836643219 -0.31869298219680786 -24.450998306274414 -0.286020964384079 0.9233208298683167 -0.2562669515609741 47.78938674926758 0.24335090816020966 0.3286629021167755 0.9125565886497498 -301.7098693847656
* 0.9258189797401428 0.19556374847888947 -0.32343360781669617 -25.402475357055664 -0.2859157919883728 0.9220588803291321 -0.2608860731124878 46.642417907714844 0.24720536172389984 0.33400803804397583 0.9095749855041504 -301.3751525878906
* 0.9311718940734863 0.19808213412761688 -0.30606809258461 -26.324338912963867 -0.2791999876499176 0.9273160099983215 -0.24926728010177612 47.20549011230469 0.23444685339927673 0.3175649642944336 0.9187958240509033 -302.56829833984375
* 0.9276153445243835 0.19958655536174774 -0.31573766469955444 -26.6538028717041 -0.28338298201560974 0.9267247319221497 -0.24673298001289368 47.404605865478516 0.24335773289203644 0.3183480203151703 0.9162042140960693 -301.839111328125
* 0.9274601936340332 0.20053282380104065 -0.31559377908706665 -27.07431983947754 -0.2847544848918915 0.9258235692977905 -0.24853062629699707 47.60214614868164 0.24234606325626373 0.32036900520324707 0.9157677888870239 -301.7505187988281
* 0.9299412369728088 0.19924406707286835 -0.3090410530567169 -27.99627685546875 -0.2820708155632019 0.9257247447967529 -0.251935750246048 47.88386154174805 0.2358906865119934 0.3214568793773651 0.9170712232589722 -302.29058837890625
* 0.9316415190696716 0.20074346661567688 -0.3028884828090668 -29.05051040649414 -0.2807837426662445 0.9268080592155457 -0.24937696754932404 47.427215576171875 0.23065918684005737 0.317376047372818 0.919819176197052 -301.76458740234375
* 0.9301835894584656 0.20154866576194763 -0.30680933594703674 -29.48232078552246 -0.2838205397129059 0.9249378442764282 -0.25285887718200684 46.526573181152344 0.2328166514635086 0.32228395342826843 0.9175664186477661 -302.1506652832031
* 0.9300466775894165 0.2002708464860916 -0.30805855989456177 -29.26630973815918 -0.2811588644981384 0.9276671409606934 -0.24573379755020142 45.373046875 0.23656302690505981 0.3151572644710541 0.9190824627876282 -301.2906494140625
* 0.9350312352180481 0.2006443440914154 -0.29232463240623474 -29.129175186157227 -0.27473634481430054 0.9311865568161011 -0.2396104335784912 45.696163177490234 0.22413286566734314 0.3043554127216339 0.9258137345314026 -302.82843017578125
* 0.9295026063919067 0.19921568036079407 -0.3103763163089752 -29.24159812927246 -0.2809940278530121 0.9276211261749268 -0.24609561264514923 45.687828063964844 0.2388860583305359 0.3159603774547577 0.9182054996490479 -301.7193603515625
* 0.9320910573005676 0.1957537829875946 -0.30476605892181396 -29.278902053833008 -0.2767252027988434 0.9277493953704834 -0.2504112720489502 45.999794006347656 0.23372812569141388 0.31774255633354187 0.9189176559448242 -301.8370361328125
* 0.935228705406189 0.20114795863628387 -0.29134565591812134 -29.47000503540039 -0.2748474180698395 0.9312285780906677 -0.23931913077831268 46.82795715332031 0.2231714427471161 0.3038937449455261 0.9261975884437561 -303.1247863769531
* 0.9330756664276123 0.19920526444911957 -0.29947081208229065 -29.55670166015625 -0.2776931822299957 0.9281616806983948 -0.24779784679412842 47.57889938354492 0.2285952866077423 0.31437522172927856 0.9213637709617615 -303.0257568359375
* 0.9313427209854126 0.20224449038505554 -0.302809476852417 -29.779251098632813 -0.28140926361083984 0.9275144934654236 -0.2460220456123352 47.7666015625 0.23110419511795044 0.3143443763256073 0.9207481741905212 -302.2519836425781
* 0.9318023920059204 0.20036475360393524 -0.3026450276374817 -30.216026306152344 -0.27809640765190125 0.9299505352973938 -0.2405313104391098 47.67805480957031 0.23325152695178986 0.30829232931137085 0.9222517609596252 -302.19293212890625
* 0.934563398361206 0.20210400223731995 -0.29281550645828247 -30.587867736816406 -0.2780686318874359 0.928333044052124 -0.24673207104206085 47.60326385498047 0.22196535766124725 0.3120098114013672 0.9237856268882751 -302.7281799316406
* 0.9353039860725403 0.20115140080451965 -0.2911015748977661 -30.891212463378906 -0.2751668095588684 0.9307096600532532 -0.24096474051475525 47.37938690185547 0.22246122360229492 0.3054770231246948 0.9258474111557007 -302.88134765625
* 0.9319701194763184 0.20226743817329407 -0.3008574843406677 -31.036930084228516 -0.2795267105102539 0.929389238357544 -0.24104256927967072 46.246150970458984 0.23085926473140717 0.3087424039840698 0.9227030277252197 -302.0238037109375
* 0.9290124773979187 0.20178106427192688 -0.31018686294555664 -31.528690338134766 -0.28074315190315247 0.9304302334785461 -0.23555035889148712 44.36687088012695 0.24107831716537476 0.3059122562408447 0.9210308194160461 -301.3168029785156
* 0.929324746131897 0.19995366036891937 -0.31043463945388794 -32.539798736572266 -0.2789512276649475 0.9310112595558167 -0.2353832721710205 41.32183837890625 0.2419530600309372 0.3053438365459442 0.9209900498390198 -301.0727233886719
* 0.9287217855453491 0.19901829957962036 -0.3128310441970825 -33.059879302978516 -0.2765980362892151 0.9337702989578247 -0.22708474099636078 38.27442169189453 0.24691897630691528 0.29742711782455444 0.9222617149353027 -300.2899169921875
* 0.9265561699867249 0.20009860396385193 -0.31851205229759216 -32.57313919067383 -0.2769418954849243 0.9359150528907776 -0.2176397442817688 36.74089431762695 0.254551500082016 0.2898648679256439 0.9225943684577942 -300.0544738769531
* 0.9295918941497803 0.19910812377929688 -0.31017810106277466 -31.518770217895508 -0.27405789494514465 0.936114490032196 -0.2204151451587677 34.980140686035156 0.2464764565229416 0.2899029552936554 0.9247725605964661 -301.0421447753906
* 0.9282033443450928 0.20143701136112213 -0.3128215968608856 -30.503128051757813 -0.2730584442615509 0.9399111270904541 -0.20495642721652985 31.446489334106445 0.2527392506599426 0.27565985918045044 0.9274336695671082 -300.4617004394531
* 0.9239128828048706 0.1970687359571457 -0.3279402256011963 -29.143882751464844 -0.2734130620956421 0.9396674036979675 -0.20560042560100555 27.958145141601563 0.26763787865638733 0.2796199917793274 0.922052800655365 -299.3934020996094
* 0.9221230149269104 0.19367222487926483 -0.33492645621299744 -27.479196548461914 -0.27216264605522156 0.9399986267089844 -0.20574595034122467 25.670860290527344 0.274983674287796 0.28087756037712097 0.9195055365562439 -299.1649169921875
* 0.9231951236724854 0.19231362640857697 -0.3327487111091614 -25.0872745513916 -0.2669631540775299 0.9437255859375 -0.195227712392807 24.8835506439209 0.27647900581359863 0.2690650224685669 0.9225842952728271 -300.93963623046875
* 0.9240354299545288 0.1927146315574646 -0.33017417788505554 -22.287193298339844 -0.2691069543361664 0.9413266777992249 -0.20368309319019318 26.21564292907715 0.2715495526790619 0.27706265449523926 0.9216808676719666 -301.6846618652344
