#
#
#
#
#
#
#
#
#
#
#
#
#
#
#
#
#
#
#
#
#
#
#
#
#
#
#
#
#
#
#
#
#
#
#
#
#
#
#
#
#
#
#
#
#
#
#
#
#
#
#
#
#
#
#
#
#
#
#
#
#
#
#
#
#
#
#
#
#
#
#
#
#
#
#
#
#
#
#
#
#
#
#
#
#
#
#
#
#
#
#
#
#
#
#
#
#
#
#
#
#
#
#
#
#
#
#
#
#
#
#
#
#
#
#
#
#
#
#
#
#
#
#
#
#
#
#
#
#
#
#
#
#
#
#
#
#
#
#
#
#
#
#
#
#
#
#
#
#
#
#
#
#
#
#
#
#
#
#
#
#
#
#
#
#
#
#
#
#
#
#
#
#
#
#
#
#
#
#
#
#
#
#
#
#
#
#
#
#
#
#
#
#
#
#
#
#
#
#
#
#
#
#
#
#
#
#
#
#
#
#
#
#
#
#
#
#
#
#
#
#
#
#
#
#
#
#
#
#
#
#
#
#
#
#
#
#
#
#
#
#
#
#
#
#
#
#
#
#
#
#
#
#
#
#
* 0.36012959480285645 -0.23653674125671387 0.9024180769920349 -157.86233520507813 0.5169578194618225 0.855817973613739 0.018017560243606567 79.66559600830078 -0.7765701413154602 0.4600284695625305 0.4304846525192261 -420.2311706542969
* 0.3596808612346649 -0.23588064312934875 0.9027687311172485 -158.0303192138672 0.5140315294265747 0.8575516939163208 0.019264433532953262 79.79609680175781 -0.7787176370620728 0.45712757110595703 0.4296948313713074 -418.62677001953125
* 0.36075785756111145 -0.23557771742343903 0.9024180173873901 -158.6960906982422 0.5123327374458313 0.8585665225982666 0.01931462436914444 79.21240997314453 -0.7793387174606323 0.45537543296813965 0.4304286241531372 -419.13897705078125
* 0.35897865891456604 -0.2323904186487198 0.9039526581764221 -159.0349578857422 0.5104644298553467 0.8597009181976318 0.018296517431735992 78.2308349609375 -0.7813835740089417 0.4548726975917816 0.42724114656448364 -417.8468933105469
* 0.3614601790904999 -0.23262004554271698 0.9029041528701782 -160.14144897460938 0.5079711079597473 0.8611719012260437 0.018510613590478897 77.83802032470703 -0.7818642854690552 0.4519633948802948 0.42944344878196716 -417.96600341796875
* 0.3608556389808655 -0.2333638221025467 0.9029540419578552 -160.61964416503906 0.5069398283958435 0.8617434501647949 0.020118853077292442 77.8332748413086 -0.782812237739563 0.4504883885383606 0.42926618456840515 -417.5654602050781
* 0.36018431186676025 -0.23167000710964203 0.9036579132080078 -161.3142547607422 0.5044326186180115 0.8632106184959412 0.02023995853960514 78.46086883544922 -0.7847386002540588 0.4485495090484619 0.42777663469314575 -418.3680419921875
* 0.3646385371685028 -0.23123957216739655 0.9019801616668701 -162.41651916503906 0.5021991729736328 0.8645482659339905 0.0186204481869936 80.15265655517578 -0.7841137647628784 0.44618913531303406 0.43137577176094055 -420.6926574707031
* 0.3598800003528595 -0.2301332652568817 0.9041715264320374 -162.25682067871094 0.5015636682510376 0.864874541759491 0.020496493205428123 82.43256378173828 -0.7867145538330078 0.44612857699394226 0.4266773760318756 -420.7127380371094
* 0.35878586769104004 -0.2296656370162964 0.9047251343727112 -162.1783447265625 0.5015498995780945 0.8648788928985596 0.02065006084740162 84.22554779052734 -0.7872229218482971 0.44636106491088867 0.425494909286499 -421.1872253417969
* 0.36032044887542725 -0.228471577167511 0.9044175148010254 -162.70538330078125 0.5010334849357605 0.8652169108390808 0.018955320119857788 85.5105972290039 -0.7868506908416748 0.44631874561309814 0.42622706294059753 -422.20001220703125
* 0.35660088062286377 -0.2281470000743866 0.9059723019599915 -162.69873046875 0.5000652074813843 0.8657253980636597 0.021179040893912315 86.25751495361328 -0.7891578078269958 0.445497989654541 0.42280662059783936 -421.74951171875
* 0.355340838432312 -0.22735120356082916 0.906667172908783 -162.75711059570313 0.499093234539032 0.8662752509117126 0.021616725251078606 86.92413330078125 -0.7903406023979187 0.4448353350162506 0.421292245388031 -421.6382141113281
* 0.35594767332077026 -0.22683697938919067 0.9065579175949097 -162.81895446777344 0.5000908970832825 0.8657323718070984 0.02026631124317646 87.5079345703125 -0.789436399936676 0.44615277647972107 0.42159438133239746 -421.96826171875
* 0.35617753863334656 -0.22748054563999176 0.9063063263893127 -162.51490783691406 0.5007693767547607 0.8653371334075928 0.020393960177898407 87.75873565673828 -0.7889023423194885 0.4465917944908142 0.4221287965774536 -420.7741394042969
* 0.35799917578697205 -0.2300373613834381 0.9049422144889832 -162.48085021972656 0.5004249811172485 0.865496039390564 0.022038236260414124 87.88467407226563 -0.788296103477478 0.4449711740016937 0.42496317625045776 -420.7950744628906
* 0.3606136441230774 -0.22794409096240997 0.9044337272644043 -162.7602081298828 0.49843961000442505 0.866697371006012 0.01969527080655098 88.08948516845703 -0.7883623242378235 0.44370830059051514 0.4261591136455536 -421.0528869628906
* 0.35780206322669983 -0.22467727959156036 0.906365692615509 -162.70394897460938 0.4991329610347748 0.8663410544395447 0.017713606357574463 88.1795654296875 -0.7892042398452759 0.4460641145706177 0.4221222698688507 -419.7908020019531
* 0.35771113634109497 -0.223650723695755 0.906655490398407 -163.03692626953125 0.49876514077186584 0.8665674924850464 0.01697809435427189 88.0509262084961 -0.7894778847694397 0.44613996148109436 0.4215298593044281 -419.5758972167969
* 0.35704049468040466 -0.22475211322307587 0.9066475033760071 -163.23834228515625 0.4987214207649231 0.8665633201599121 0.018416043370962143 87.9394302368164 -0.789808988571167 0.44559431076049805 0.4214867949485779 -419.5887756347656
* 0.3567667305469513 -0.22529573738574982 0.9066203236579895 -163.14024353027344 0.4968927502632141 0.8675767779350281 0.020058253780007362 87.44113159179688 -0.7910842895507813 0.443342000246048 0.4214702844619751 -419.0557556152344
* 0.3551027178764343 -0.22119073569774628 0.9082829356193542 -163.11822509765625 0.498087614774704 0.8669683337211609 0.016395507380366325 86.7575454711914 -0.7910815477371216 0.4465874433517456 0.418035089969635 -418.94805908203125
* 0.3555060029029846 -0.2223225235939026 0.9078487753868103 -163.44119262695313 0.49663180112838745 0.8677706122398376 0.01802946999669075 86.36894989013672 -0.7918153405189514 0.4444620609283447 0.41891005635261536 -419.4049377441406
* 0.35568368434906006 -0.22541020810604095 0.9070173501968384 -163.4724578857422 0.49613967537879944 0.8679816722869873 0.02114822342991829 86.15768432617188 -0.7920440435409546 0.4424903094768524 0.42056185007095337 -420.003173828125
* 0.3563699424266815 -0.22341720759868622 0.9072411060333252 -162.92298889160156 0.4959280490875244 0.8681525588035583 0.01898616924881935 85.43352508544922 -0.7918680906295776 0.44316524267196655 0.42018234729766846 -419.6320495605469
* 0.35598573088645935 -0.2229449599981308 0.9075080752372742 -163.04629516601563 0.4939766228199005 0.8692469000816345 0.019773129373788834 84.96923828125 -0.7932594418525696 0.4412538409233093 0.4195690453052521 -419.91741943359375
* 0.3572924733161926 -0.22560642659664154 0.9063360095024109 -163.35562133789063 0.49533072113990784 0.8684494495391846 0.020906712859869003 84.94116973876953 -0.7918261885643005 0.44147130846977234 0.42204025387763977 -420.5929260253906
* 0.35692843794822693 -0.2242523580789566 0.9068152904510498 -163.4145965576172 0.4939385950565338 0.8692506551742554 0.02054378017783165 84.98672485351563 -0.7928593158721924 0.4405834674835205 0.42102718353271484 -420.4629211425781
* 0.35611552000045776 -0.22080740332603455 0.9079795479774475 -163.47161865234375 0.4942512512207031 0.8691393136978149 0.017511963844299316 84.78862762451172 -0.7930299639701843 0.4425387680530548 0.41864830255508423 -420.2284851074219
* 0.3555980324745178 -0.22109490633010864 0.9081123471260071 -163.6230010986328 0.49470552802085876 0.8688744902610779 0.0178238432854414 84.36628723144531 -0.7929788827896118 0.4429151117801666 0.4183468818664551 -419.8545837402344
* 0.35562607645988464 -0.22370614111423492 0.9074616432189941 -163.64712524414063 0.49046409130096436 0.8711662292480469 0.022548658773303032 83.84619140625 -0.7955966591835022 0.4370634853839874 0.4195292294025421 -419.6764221191406
* 0.3559781610965729 -0.21728990972042084 0.9088815450668335 -163.82220458984375 0.49026307463645935 0.8714184165000916 0.016312455758452415 83.09275817871094 -0.7955629825592041 0.43978920578956604 0.41673508286476135 -419.99652099609375
* 0.3563610315322876 -0.217447891831398 0.9086936712265015 -163.9380340576172 0.4868987202644348 0.8732690811157227 0.018022986128926277 81.9463882446289 -0.7974554896354675 0.43602415919303894 0.41707417368888855 -419.77496337890625
* 0.3566986620426178 -0.20941127836704254 0.9104471206665039 -163.61830139160156 0.48110461235046387 0.8765615224838257 0.013126583769917488 79.91551208496094 -0.800814151763916 0.4333431124687195 0.4134170114994049 -420.01806640625
* 0.3600033223628998 -0.21006394922733307 0.9089949131011963 -162.8232879638672 0.47796615958213806 0.8782685399055481 0.013665353879332542 77.44690704345703 -0.8012146949768066 0.4295542538166046 0.41658303141593933 -421.13665771484375
* 0.3645246922969818 -0.21446682512760162 0.9061604142189026 -161.52853393554688 0.4727790951728821 0.8809871673583984 0.018320690840482712 74.9073715209961 -0.8022474050521851 0.4217403531074524 0.4225369691848755 -422.97015380859375
* 0.36885783076286316 -0.20878252387046814 0.9057343602180481 -159.3948974609375 0.46802228689193726 0.8836165070533752 0.01308177039027214 71.91089630126953 -0.8030556440353394 0.41908350586891174 0.42364370822906494 -425.4256286621094
* 0.37182119488716125 -0.21554413437843323 0.9029344916343689 -156.04736328125 0.46045544743537903 0.887401282787323 0.022222677245736122 68.53728485107422 -0.8060577511787415 0.407503217458725 0.4292031228542328 -427.3873596191406
* 0.37738537788391113 -0.2174333930015564 0.9001688361167908 -151.7672119140625 0.45140495896339417 0.8919312953948975 0.02619573101401329 65.35230255126953 -0.8085872530937195 0.3964597284793854 0.4347524344921112 -429.7958984375
* 0.382458359003067 -0.22510690987110138 0.8961325287818909 -146.15948486328125 0.4404296875 0.8970062732696533 0.03735482320189476 62.07072448730469 -0.8122480511665344 0.380401611328125 0.4422115087509155 -430.779052734375
* 0.3962464928627014 -0.23699212074279785 0.8870312571525574 -140.88238525390625 0.4147212505340576 0.9081349968910217 0.0573684386909008 59.49238586425781 -0.8191428780555725 0.34514349699020386 0.4581312835216522 -434.4098815917969
#
* 0.4064839482307434 -0.2323533594608307 0.8836212158203125 -126.22260284423828 0.41965365409851074 0.9065456986427307 0.045327138155698776 55.12022399902344 -0.8115797638893127 0.3524017632007599 0.46600350737571716 -431.8389892578125
* 0.4177762567996979 -0.23216506838798523 0.8783884048461914 -118.98564147949219 0.41520971059799194 0.9087172150611877 0.042695432901382446 53.25284957885742 -0.808123767375946 0.3468898832798004 0.47603699564933777 -429.7718200683594
* 0.4345191717147827 -0.22577546536922455 0.8719072937965393 -112.50715637207031 0.412624329328537 0.9103977084159851 0.03010387346148491 51.39552688598633 -0.8005837798118591 0.34670108556747437 0.4887450933456421 -428.1107482910156
* 0.4545976519584656 -0.2265000343322754 0.8614189028739929 -107.5340576171875 0.40805256366729736 0.9126205444335938 0.024615611881017685 49.29107666015625 -0.7917287945747375 0.34032562375068665 0.5072985887527466 -429.06317138671875
* 0.46642017364501953 -0.2208533138036728 0.8565511703491211 -102.42003631591797 0.4069235622882843 0.9133502840995789 0.013909931294620037 46.107723236083984 -0.7854081392288208 0.34207460284233093 0.5158749222755432 -426.8765563964844
* 0.4871087968349457 -0.2099265158176422 0.8477379679679871 -96.13422393798828 0.3955572247505188 0.9184353351593018 1.4156292309053242E-4 39.19422149658203 -0.7786272764205933 0.3352715075016022 0.5304154753684998 -422.92376708984375
* 0.4884743392467499 -0.2058182656764984 0.847959578037262 -95.07600402832031 0.3867543935775757 0.9221762418746948 0.0010337979765608907 35.60710144042969 -0.7821860909461975 0.32745862007141113 0.5300600528717041 -422.107177734375
* 0.48772746324539185 -0.20634333789348602 0.848261833190918 -94.41678619384766 0.38023048639297485 0.9248640537261963 0.006349681876599789 32.41775894165039 -0.78584223985672 0.3194495439529419 0.529539167881012 -421.21051025390625
* 0.48918184638023376 -0.20819862186908722 0.8469700217247009 -93.47476959228516 0.37374046444892883 0.9274483323097229 0.012116036377847195 29.942764282226563 -0.7880487442016602 0.3106314241886139 0.5315027236938477 -421.74798583984375
* 0.48888739943504333 -0.20933963358402252 0.84685879945755 -91.72232055664063 0.3690497577190399 0.9292546510696411 0.016651593148708344 28.097644805908203 -0.7904385924339294 0.3044036626815796 0.5315572619438171 -421.78875732421875
* 0.49071216583251953 -0.2119932770729065 0.8451414704322815 -89.50664520263672 0.3606274724006653 0.9323827624320984 0.02448122203350067 26.588159561157227 -0.7931906580924988 0.2927793264389038 0.5339819192886353 -422.8418884277344
* 0.4943150579929352 -0.212095707654953 0.8430134654045105 -86.61614227294922 0.3573359549045563 0.9336257576942444 0.025357840582728386 25.337867736816406 -0.7924428582191467 0.28871557116508484 0.5372945070266724 -422.17169189453125
* 0.4990246295928955 -0.21162839233875275 0.8403520584106445 -83.9970474243164 0.35564401745796204 0.9343050122261047 0.02409213036298752 24.754623413085938 -0.790249228477478 0.28685492277145386 0.5415054559707642 -421.7808532714844
* 0.5045837759971619 -0.21506617963314056 0.8361491560935974 -81.44174194335938 0.3519928753376007 0.9355712532997131 0.028219109401106834 24.151004791259766 -0.7883517146110535 0.28009092807769775 0.5477758646011353 -422.4977111816406
* 0.5070905685424805 -0.21465440094470978 0.8347373008728027 -78.57865905761719 0.3494575321674347 0.936511754989624 0.02853027917444706 23.643634796142578 -0.7878710031509399 0.2772490680217743 0.5499089956283569 -422.86407470703125
* 0.5108072757720947 -0.21858248114585876 0.8314453363418579 -75.33014678955078 0.3451179265975952 0.9379175901412964 0.03454120084643364 23.276647567749023 -0.787382960319519 0.26931408047676086 0.5545320510864258 -424.4141845703125
* 0.5134118795394897 -0.222508504986763 0.8287954330444336 -70.72840118408203 0.3393384516239166 0.9397170543670654 0.04207329452037811 23.057340621948242 -0.7882005572319031 0.2596525251865387 0.5579678416252136 -425.1673583984375
* 0.521035373210907 -0.2217583805322647 0.8242263197898865 -65.53949737548828 0.3355744183063507 0.9411121606826782 0.041067466139793396 23.14133644104004 -0.7848021984100342 0.2552029490470886 0.564769446849823 -424.4834899902344
* 0.5328510999679565 -0.22039423882961273 0.8170065879821777 -60.59255599975586 0.33341148495674133 0.9420619606971741 0.03667274862527847 24.14368438720703 -0.7777590751647949 0.25286951661109924 0.5754610300064087 -424.2438049316406
* 0.5512272119522095 -0.21659427881240845 0.8057538270950317 -56.608978271484375 0.3368211090564728 0.9412915706634521 0.022598614916205406 26.14853286743164 -0.7633495926856995 0.2589491903781891 0.5918194055557251 -425.72100830078125
* 0.5628682374954224 -0.21390575170516968 0.7983905076980591 -53.34862518310547 0.34136685729026794 0.9398581981658936 0.011137401685118675 28.73703384399414 -0.752761721611023 0.2662865221500397 0.6020370125770569 -425.2208557128906
* 0.5767890810966492 -0.2110290825366974 0.7891671657562256 -50.888282775878906 0.3458329141139984 0.9382882714271545 -0.0018640336347743869 31.00788688659668 -0.7400783896446228 0.27400651574134827 0.61417555809021 -424.5950012207031
* 0.5848878622055054 -0.2095743715763092 0.7835742831230164 -49.4787483215332 0.3514903485774994 0.9361085891723633 -0.011999532580375671 33.73800277709961 -0.7310011982917786 0.28244858980178833 0.6211821436882019 -425.34161376953125
* 0.5805472731590271 -0.2156684696674347 0.7851470112800598 -47.3509635925293 0.3519994914531708 0.93598872423172 -0.003175891935825348 35.669002532958984 -0.7342091798782349 0.2782266139984131 0.6193011999130249 -421.23284912109375
* 0.5817131400108337 -0.22055460512638092 0.7829235792160034 -44.730186462402344 0.355116069316864 0.9348161220550537 -5.136355175636709E-4 36.70576858520508 -0.731781542301178 0.2783390283584595 0.6221175789833069 -419.7967224121094
* 0.5851097702980042 -0.22606690227985382 0.7788093686103821 -41.65623474121094 0.35227689146995544 0.935863733291626 0.006988511886447668 37.444053649902344 -0.7304447293281555 0.27027902007102966 0.6272215843200684 -419.45111083984375
* 0.5914338827133179 -0.2310376763343811 0.772548496723175 -37.8679313659668 0.35334959626197815 0.9354398250579834 0.00923494715243578 37.5338134765625 -0.7248115539550781 0.26752933859825134 0.6348884701728821 -418.87799072265625
* 0.6007229089736938 -0.2370447814464569 0.763508677482605 -34.20743942260742 0.3548694849014282 0.9348448514938354 0.011024652980268002 38.07207489013672 -0.7163808345794678 0.26433470845222473 0.6457033157348633 -418.37030029296875
* 0.6077356934547424 -0.24552655220031738 0.755233645439148 -30.53670310974121 0.35845738649368286 0.9334196448326111 0.014998698607087135 38.7412109375 -0.7086377143859863 0.2616153359413147 0.6552839279174805 -417.4748840332031
* 0.6118839383125305 -0.2586756646633148 0.7474547624588013 -26.611658096313477 0.36057019233703613 0.9323213696479797 0.027476349845528603 39.55409622192383 -0.7039806842803955 0.2527090609073639 0.6637441515922546 -417.4684143066406
* 0.6184017062187195 -0.26923850178718567 0.7383045554161072 -22.100299835205078 0.3633785843849182 0.9309730529785156 0.03512841835618019 40.72539138793945 -0.6968047618865967 0.2465720772743225 0.6735520362854004 -416.8747253417969
* 0.6297656297683716 -0.2778765857219696 0.7253851294517517 -17.70993423461914 0.36990830302238464 0.9284213781356812 0.03450123220682144 42.34769821166992 -0.6830552220344543 0.24660974740982056 0.6874780654907227 -415.5827941894531
* 0.6422867774963379 -0.28414618968963623 0.7118513584136963 -14.058121681213379 0.3779163956642151 0.9253981113433838 0.028395410627126694 43.55625915527344 -0.6668193340301514 0.2507937550544739 0.701755940914154 -413.8548889160156
* 0.6559891104698181 -0.2891576886177063 0.6971871256828308 -11.624445915222168 0.3854731321334839 0.9224982857704163 0.01990419253706932 44.91325759887695 -0.6489142179489136 0.2557014524936676 0.7166129350662231 -413.36773681640625
* 0.6630330085754395 -0.2904254198074341 0.6899594664573669 -10.735031127929688 0.3931654095649719 0.9194158315658569 0.00918277446180582 46.26211166381836 -0.6370313167572021 0.2651912271976471 0.7237898707389832 -412.47052001953125
* 0.6628711819648743 -0.29128316044807434 0.6897534132003784 -11.154071807861328 0.39672115445137024 0.9179109930992126 0.006368502974510193 47.13957595825195 -0.6349920034408569 0.2694298326969147 0.7240164875984192 -412.0571594238281
* 0.6598902344703674 -0.2899293601512909 0.6931736469268799 -12.609949111938477 0.3973296582698822 0.91765296459198 0.005563294515013695 47.61687469482422 -0.6377105712890625 0.2717588543891907 0.7207492589950562 -412.5328063964844
* 0.6509737968444824 -0.28589609265327454 0.70320725440979 -15.410504341125488 0.3955208361148834 0.918422281742096 0.007246010936796665 47.96171569824219 -0.6479175686836243 0.27342772483825684 0.71094810962677 -414.2844543457031
* 0.645066499710083 -0.28424540162086487 0.709293782711029 -18.74248504638672 0.3966582417488098 0.9179326891899109 0.007109947502613068 47.759891510009766 -0.6531096696853638 0.2767724096775055 0.7048771977424622 -413.9646911621094
* 0.6432555317878723 -0.281006783246994 0.7122228741645813 -21.789552688598633 0.3967931568622589 0.9178941249847412 0.003778227139264345 47.719478607177734 -0.654811680316925 0.28018641471862793 0.7019432783126831 -414.90460205078125
* 0.6441344618797302 -0.27921977639198303 0.7121313810348511 -24.84903907775879 0.3965758681297302 0.917995035648346 0.001221771934069693 48.35936737060547 -0.6540789604187012 0.2816387414932251 0.7020451426506042 -417.02587890625
* 0.6459763050079346 -0.2772156298160553 0.7112454175949097 -28.265634536743164 0.40121543407440186 0.915947675704956 -0.007402172777801752 49.787654876708984 -0.6494163274765015 0.29015597701072693 0.7029047012329102 -420.6951904296875
* 0.6411311626434326 -0.27642175555229187 0.7159229516983032 -32.11338806152344 0.40385740995407104 0.9147765636444092 -0.00847227405756712 51.60897445678711 -0.6525723338127136 0.2945743501186371 0.6981276869773865 -422.4687194824219
* 0.6304903030395508 -0.2747710943222046 0.7259384393692017 -35.724449157714844 0.4066631495952606 0.913541853427887 -0.0074197896756231785 52.678951263427734 -0.6611411571502686 0.2999022305011749 0.6877194046974182 -420.5139465332031
* 0.6222355365753174 -0.275934636592865 0.7325891256332397 -39.59217071533203 0.409213125705719 0.9124243259429932 -0.0039059894625097513 53.49083709716797 -0.6673590540885925 0.3022271990776062 0.6806597113609314 -420.2387390136719
* 0.6152799129486084 -0.2787429094314575 0.7373852133750916 -42.55589294433594 0.4109435975551605 0.9116529822349548 0.0017188533674925566 53.57439041137695 -0.6727232336997986 0.30197781324386597 0.6754701733589172 -417.2950134277344
* 0.6069644093513489 -0.2794761657714844 0.7439699172973633 -44.950740814208984 0.41263723373413086 0.9108725786209106 0.005520422477275133 53.12774658203125 -0.679209291934967 0.3036506772041321 0.6681901812553406 -415.591552734375
* 0.5991441607475281 -0.27944016456604004 0.7502955794334412 -47.520042419433594 0.4149075150489807 0.9098262786865234 0.0075284503400325775 52.31157302856445 -0.6847471594810486 0.3068043291568756 0.661059558391571 -415.6634826660156
* 0.5910907983779907 -0.2821049988269806 0.7556669116020203 -50.69403076171875 0.4148838222026825 0.9097430109977722 0.01509266346693039 51.58921432495117 -0.6917251348495483 0.30460450053215027 0.6547821760177612 -417.1567687988281
* 0.5819875597953796 -0.2815942168235779 0.7628887295722961 -54.61618423461914 0.4138590097427368 0.9101104736328125 0.020208725705742836 50.88509750366211 -0.7000084519386292 0.3039787709712982 0.6462138891220093 -418.7709045410156
* 0.5700039863586426 -0.2805367708206177 0.772268533706665 -59.33025360107422 0.413241446018219 0.9102541208267212 0.025647103786468506 49.837642669677734 -0.7101603150367737 0.30452603101730347 0.6347783803939819 -420.02508544921875
* 0.556503176689148 -0.2791859805583954 0.7825366854667664 -64.88398742675781 0.4131578803062439 0.9101294279098511 0.03088384121656418 48.83230209350586 -0.7208366990089417 0.3061358332633972 0.6218380928039551 -421.5926818847656
* 0.5444236993789673 -0.27862563729286194 0.7911857962608337 -70.50279998779297 0.41398563981056213 0.9095867872238159 0.03544895723462105 47.34504318237305 -0.7295337915420532 0.30825188755989075 0.6105477809906006 -421.04559326171875
* 0.5377938151359558 -0.2811693847179413 0.7948118448257446 -75.97431945800781 0.41502028703689575 0.9088948965072632 0.040706612169742584 45.841243743896484 -0.7338504195213318 0.3079829216003418 0.6054892539978027 -421.31475830078125
* 0.5311315655708313 -0.28657642006874084 0.7973566055297852 -80.96784973144531 0.4160376191139221 0.9080086350440979 0.04921155050396919 44.23352813720703 -0.738114058971405 0.3056041896343231 0.6014989018440247 -420.8959045410156
* 0.534149706363678 -0.29141607880592346 0.7935774922370911 -85.0289535522461 0.42031925916671753 0.9060034155845642 0.04978286102414131 42.90652847290039 -0.7334957718849182 0.3069761097431183 0.6064295172691345 -420.7260437011719
* 0.5269124507904053 -0.29446202516555786 0.7972828149795532 -88.40005493164063 0.4217117130756378 0.9050208330154419 0.05554506927728653 41.71711349487305 -0.7379177808761597 0.3069678544998169 0.6010450720787048 -419.70416259765625
* 0.5201015472412109 -0.29948973655700684 0.7998780012130737 -91.77503967285156 0.42453625798225403 0.9032690525054932 0.06215183436870575 40.14573669433594 -0.7411231398582458 0.30726370215415955 0.5969361066818237 -418.2755126953125
* 0.5125240683555603 -0.30175474286079407 0.8039077520370483 -94.98332977294922 0.4277232587337494 0.9015130400657654 0.06569583714008331 38.16846466064453 -0.744561493396759 0.3101910948753357 0.5911148190498352 -416.2794189453125
* 0.5096210837364197 -0.3103034198284149 0.8024978041648865 -97.86034393310547 0.43032118678092957 0.8995845913887024 0.07456649839878082 36.05549621582031 -0.7450569868087769 0.30734288692474365 0.5919776558876038 -414.92694091796875
* 0.5069606304168701 -0.3176612854003906 0.8013032674789429 -100.19332885742188 0.43495869636535645 0.8968521952629089 0.08034950494766235 33.8275260925293 -0.7441785335540771 0.30781152844429016 0.5928385257720947 -412.8595275878906
* 0.5034008026123047 -0.3283955752849579 0.7992175817489624 -102.02383422851563 0.44146591424942017 0.8928663730621338 0.08880572766065598 31.337844848632813 -0.7427617907524109 0.30813416838645935 0.5944454669952393 -410.1526184082031
* 0.5020099878311157 -0.34197232127189636 0.7943838834762573 -103.79782104492188 0.4466380774974823 0.8890499472618103 0.10046741366386414 28.50661277770996 -0.740607738494873 0.3043781816959381 0.5990502834320068 -407.7547912597656
* 0.5010903477668762 -0.35322603583335876 0.7900282740592957 -105.00077819824219 0.4554343819618225 0.883891761302948 0.10632005333900452 25.62354850769043 -0.735858142375946 0.30654188990592957 0.6037814021110535 -404.3179016113281
* 0.49311715364456177 -0.3649064004421234 0.7897363901138306 -106.07711029052734 0.46102502942085266 0.8794358968734741 0.1184806302189827 22.34455108642578 -0.7377603054046631 0.3056752383708954 0.6018964052200317 -400.3497314453125
* 0.48385074734687805 -0.37748047709465027 0.7895579934120178 -107.81246948242188 0.4651227295398712 0.8751376867294312 0.13335742056369781 18.67232894897461 -0.7413150668144226 0.3027280569076538 0.5990113615989685 -396.2630310058594
* 0.4748495817184448 -0.39201807975769043 0.7879369258880615 -110.12197875976563 0.4721909463405609 0.8690134882926941 0.14778512716293335 14.887554168701172 -0.7426655888557434 0.3018927276134491 0.5977588295936584 -392.048828125
* 0.4676664471626282 -0.4096938669681549 0.7832266688346863 -113.0835189819336 0.48190146684646606 0.8609956502914429 0.16262415051460266 11.578985214233398 -0.7409840822219849 0.301395982503891 0.6000916957855225 -388.03350830078125
* 0.46246129274368286 -0.4263680577278137 0.7773960828781128 -116.84656524658203 0.49318379163742065 0.8523252010345459 0.17407070100307465 8.844310760498047 -0.7368155717849731 0.30291005969047546 0.6044461727142334 -385.1742858886719
* 0.4572767913341522 -0.4444206953048706 0.7703200578689575 -122.39370727539063 0.5083755254745483 0.8413287401199341 0.18360112607479095 6.740396976470947 -0.7296914458274841 0.30766719579696655 0.6106538772583008 -384.08544921875
* 0.45247623324394226 -0.4641369581222534 0.7614768743515015 -128.9265899658203 0.5287382006645203 0.8272324204444885 0.19003044068813324 5.2537970542907715 -0.7181211113929749 0.3166494369506836 0.6197113394737244 -382.27294921875
* 0.44591280817985535 -0.4868519902229309 0.7510936856269836 -135.9983673095703 0.5487886667251587 0.8116114735603333 0.20026661455631256 4.261023998260498 -0.7070990204811096 0.32290205359458923 0.6290885210037231 -380.2420349121094
#
#
#
#
#
#
#
#
#
#
#
#
#
#
#
#
#
#
#
#
#
#
#
#
#
#
#
#
#
#
#
#
#
#
#
#
* 0.41909387707710266 -0.6799852252006531 0.6016451716423035 -104.14472198486328 0.7472169399261475 0.6347461938858032 0.19689840078353882 54.89678955078125 -0.515778660774231 0.3670380115509033 0.7741150856018066 -321.6111755371094
* 0.45239269733428955 -0.6567200422286987 0.6033706665039063 -96.85468292236328 0.7429967522621155 0.6517434120178223 0.15228712558746338 56.3358268737793 -0.4932514727115631 0.37940630316734314 0.782785177230835 -319.7236022949219
#
#
#
#
#
#
#
#
#
#
#
#
#
#
#
#
#
#
#
* 0.68495774269104 -0.356453001499176 0.6354350447654724 -47.406494140625 0.5261445641517639 0.8452935814857483 -0.09297890216112137 54.09428405761719 -0.50398850440979 0.39802029728889465 0.7665359973907471 -317.10321044921875
* 0.683175265789032 -0.3468536138534546 0.6426256895065308 -48.93694305419922 0.5192983150482178 0.8494502305984497 -0.09358401596546173 52.7619514465332 -0.5134205222129822 0.3976516127586365 0.7604436278343201 -317.9138488769531
* 0.684833288192749 -0.338861346244812 0.6451201438903809 -50.54508590698242 0.5124929547309875 0.8533250689506531 -0.09582089632749557 52.03743362426758 -0.5180291533470154 0.39624378085136414 0.7580492496490479 -319.5859680175781
* 0.6809453368186951 -0.326384574174881 0.6555838584899902 -52.28654861450195 0.5066905617713928 0.8563076257705688 -0.09998053312301636 51.03547668457031 -0.5287514328956604 0.40026238560676575 0.7484744191169739 -319.937744140625
* 0.6865074038505554 -0.31517162919044495 0.6552695631980896 -55.54792022705078 0.500228226184845 0.8587406873703003 -0.11104173958301544 50.83466339111328 -0.5277115702629089 0.40401822328567505 0.7471893429756165 -323.1827697753906
* 0.6840816140174866 -0.3035225570201874 0.6632571220397949 -59.638492584228516 0.49736809730529785 0.8592267632484436 -0.1197851151227951 51.161407470703125 -0.533532977104187 0.4118286669254303 0.7387434244155884 -324.5635681152344
* 0.6801910400390625 -0.29095837473869324 0.6728202104568481 -64.25564575195313 0.4949188530445099 0.859348475933075 -0.12872295081615448 51.618988037109375 -0.5407361388206482 0.42055055499076843 0.7285216450691223 -325.7768249511719
* 0.6703970432281494 -0.2807323932647705 0.6868484020233154 -68.46659088134766 0.49279630184173584 0.8604815006256104 -0.1292961835861206 52.15761947631836 -0.5547248125076294 0.4251590669155121 0.7152078151702881 -325.41436767578125
* 0.6602087616920471 -0.2704174220561981 0.7007156610488892 -72.14069366455078 0.4875361919403076 0.8639689683914185 -0.12593714892864227 51.88723373413086 -0.571343183517456 0.4247719645500183 0.7022377848625183 -324.7605895996094
* 0.6517296433448792 -0.2641686797142029 0.7109619975090027 -74.61705780029297 0.4826943278312683 0.8675047159194946 -0.1201489195227623 51.261444091796875 -0.5850255489349365 0.4214848577976227 0.6928908228874207 -323.9225769042969
* 0.6465184688568115 -0.26017943024635315 0.7171639204025269 -75.90917205810547 0.47692710161209106 0.8715461492538452 -0.11376272141933441 50.172908782958984 -0.5954449772834778 0.41558751463890076 0.6875569224357605 -323.8824462890625
* 0.6458988189697266 -0.25539630651474 0.7194379568099976 -76.35054779052734 0.4707159698009491 0.8751526474952698 -0.11193022131919861 49.01378631591797 -0.6010338068008423 0.4109494388103485 0.6854787468910217 -324.3070373535156
* 0.6459969878196716 -0.25075763463974 0.7209799289703369 -76.34857177734375 0.4652180075645447 0.8781530261039734 -0.11141588538885117 47.7301139831543 -0.6051946878433228 0.4073900580406189 0.6839407682418823 -324.6711120605469
* 0.6497781872749329 -0.2502114772796631 0.7177646160125732 -76.36166381835938 0.46084484457969666 0.8806064128875732 -0.11021983623504639 47.1299934387207 -0.6044923067092896 0.4023994505405426 0.687507152557373 -325.9942626953125
* 0.6493315100669861 -0.24825197458267212 0.718848466873169 -76.07234954833984 0.45891982316970825 0.881629228591919 -0.11007560044527054 46.909976959228516 -0.6064338088035583 0.4013722538948059 0.6863970160484314 -326.36444091796875
* 0.6519842147827148 -0.25027143955230713 0.7157403230667114 -75.80366516113281 0.45841822028160095 0.8820013999938965 -0.10917986929416656 46.96791458129883 -0.6039618849754333 0.3992948830127716 0.6897796988487244 -326.87567138671875
* 0.6509829759597778 -0.2523888647556305 0.7159081101417542 -75.15191650390625 0.45789727568626404 0.8827597498893738 -0.10516344010829926 47.06635665893555 -0.6054352521896362 0.3962749242782593 0.6902293562889099 -327.0242004394531
* 0.6556450724601746 -0.2531546354293823 0.7113688588142395 -74.32334899902344 0.45704787969589233 0.8829761147499084 -0.10702528804540634 47.33440017700195 -0.6010302901268005 0.3953031599521637 0.6946223378181458 -327.74169921875
* 0.6626189947128296 -0.2503378689289093 0.705882728099823 -74.13068389892578 0.45748698711395264 0.8815045952796936 -0.11683011054992676 48.57614517211914 -0.5929944515228271 0.4003489017486572 0.6986276507377625 -329.12841796875
* 0.6675801277160645 -0.24973516166210175 0.7014075517654419 -74.27513122558594 0.45891064405441284 0.8798521757125854 -0.1235121339559555 50.32609176635742 -0.5862922072410583 0.404340535402298 0.701977550983429 -329.9980163574219
* 0.6744747757911682 -0.24378284811973572 0.6968911290168762 -75.29088592529297 0.46289417147636414 0.874973714351654 -0.14192967116832733 52.72622299194336 -0.5751639008522034 0.41831767559051514 0.7029929757118225 -331.54888916015625
* 0.6740987300872803 -0.24137204885482788 0.6980931162834167 -77.0995101928711 0.4681272506713867 0.8706601858139038 -0.1510022133588791 55.244239807128906 -0.5713567137718201 0.42858967185020447 0.6999033689498901 -331.9118957519531
* 0.6663108468055725 -0.23586846888065338 0.7073891758918762 -79.66118621826172 0.4757765531539917 0.864933431148529 -0.15975256264209747 57.57960891723633 -0.574166476726532 0.4430069029331207 0.6885347366333008 -330.7917175292969
* 0.651501476764679 -0.2334955632686615 0.7218236327171326 -82.2314453125 0.4811611771583557 0.8627815842628479 -0.15519608557224274 58.82635498046875 -0.5865409970283508 0.448426753282547 0.674452006816864 -328.2064514160156
* 0.6476994156837463 -0.2343752384185791 0.7249534726142883 -85.1606674194336 0.4837837219238281 0.8615845441818237 -0.15368562936782837 60.14930725097656 -0.5885910391807556 0.4502655267715454 0.6714341640472412 -328.13397216796875
#
#
#
#
#
#
#
#
#
#
#
#
#
#
#
#
#
#
#
#
#
#
* 0.6770575642585754 -0.34480535984039307 0.6501556634902954 -45.93428421020508 0.5112719535827637 0.8558217287063599 -0.07854840904474258 57.5055046081543 -0.5293335318565369 0.38558828830718994 0.7557299733161926 -325.3860168457031
* 0.6814630031585693 -0.3485572934150696 0.6435185670852661 -42.42890930175781 0.5081313252449036 0.8581565022468567 -0.07327856123447418 55.451637268066406 -0.5266979336738586 0.3769286870956421 0.7619147896766663 -325.5620422363281
* 0.6886780261993408 -0.35246866941452026 0.6336312294006348 -38.70393753051758 0.5037848949432373 0.8611050248146057 -0.06854653358459473 53.13420867919922 -0.5214625597000122 0.3664204776287079 0.7705925107002258 -325.6860046386719
* 0.6922729015350342 -0.3556942641735077 0.6278852820396423 -34.88661193847656 0.5007635951042175 0.8632831573486328 -0.0630694180727005 50.7292594909668 -0.5196093320846558 0.3580835163593292 0.77574622631073 -325.26458740234375
* 0.698509931564331 -0.3586547076702118 0.6192339062690735 -31.383615493774414 0.4963909685611725 0.8661403656005859 -0.05827982351183891 48.678985595703125 -0.5154411792755127 0.34809139370918274 0.7830405831336975 -325.03997802734375
* 0.704227864742279 -0.36046290397644043 0.6116613149642944 -28.24696159362793 0.4935271739959717 0.8678759932518005 -0.05676120147109032 46.55034637451172 -0.5103858709335327 0.3418445289134979 0.7890807390213013 -324.6463928222656
* 0.7081157565116882 -0.358806312084198 0.6081365942955017 -25.865673065185547 0.4918452203273773 0.8685970902442932 -0.06022569537162781 44.52415084838867 -0.5066162943840027 0.34175610542297363 0.7915444374084473 -323.9261169433594
* 0.7089166641235352 -0.3553507626056671 0.6092314124107361 -24.567480087280273 0.49024832248687744 0.8692707419395447 -0.06343970447778702 42.23251724243164 -0.507043719291687 0.34364840388298035 0.7904507517814636 -323.0398864746094
* 0.7061452865600586 -0.35092058777809143 0.6149905920028687 -24.871112823486328 0.48729678988456726 0.8709949254989624 -0.06252545118331909 40.08738708496094 -0.5137122273445129 0.3438352942466736 0.7860515713691711 -323.1654968261719
* 0.7001377940177917 -0.34889158606529236 0.6229618191719055 -26.55643081665039 0.4848443269729614 0.8727995157241821 -0.05609608814120293 37.73455047607422 -0.5241493582725525 0.34131482243537903 0.7802382111549377 -323.62322998046875
* 0.6985436677932739 -0.3471919000148773 0.625694990158081 -28.698583602905273 0.48080483078956604 0.875339150428772 -0.05106775835156441 35.571533203125 -0.5299649834632874 0.336510568857193 0.778394341468811 -324.9653625488281
* 0.6946327090263367 -0.3439549505710602 0.6318070292472839 -31.01990509033203 0.4773316979408264 0.8774594068527222 -0.04710926488041878 33.8116569519043 -0.5381815433502197 0.33430546522140503 0.773692786693573 -325.7466125488281
* 0.6934616565704346 -0.34136635065078735 0.6344918012619019 -33.26163101196289 0.473791241645813 0.8795051574707031 -0.04463862627744675 32.21604537963867 -0.5428005456924438 0.3315720856189728 0.7716396450996399 -326.8221130371094
* 0.6930948495864868 -0.343384325504303 0.6338033080101013 -35.100067138671875 0.47219398617744446 0.8806198835372925 -0.03926200792193413 31.17293930053711 -0.5446576476097107 0.3264906704425812 0.772497296333313 -327.79791259765625
* 0.6928250789642334 -0.3439595699310303 0.6337863206863403 -36.09040069580078 0.4710889458656311 0.8813230991363525 -0.03667311742901802 30.479490280151367 -0.5459563136100769 0.3239780068397522 0.7726384401321411 -328.44842529296875
* 0.6926471590995789 -0.345573365688324 0.6331025958061218 -36.39249038696289 0.4695448577404022 0.8823250532150269 -0.03209754079580307 30.062959671020508 -0.5475100874900818 0.3195025622844696 0.773402214050293 -328.9463195800781
* 0.6926547288894653 -0.34498050808906555 0.6334176659584045 -36.26708984375 0.4682120084762573 0.8830705881118774 -0.03104943409562111 29.733915328979492 -0.5486408472061157 0.31808051466941833 0.7731870412826538 -329.2701416015625
* 0.6941943168640137 -0.34657761454582214 0.6308552622795105 -35.95828628540039 0.46705687046051025 0.8837704062461853 -0.02842703089118004 29.699230194091797 -0.5476787686347961 0.31437939405441284 0.7753797769546509 -329.7064514160156
* 0.6959391832351685 -0.3453051745891571 0.629629373550415 -35.61684036254883 0.4666067063808441 0.8839223384857178 -0.03098192811012268 29.870668411254883 -0.5458450317382813 0.31535103917121887 0.7762777209281921 -330.0045471191406
* 0.6968629956245422 -0.3442646265029907 0.6291771531105042 -35.489036560058594 0.4665187895298004 0.8838931918144226 -0.03306984528899193 30.107223510742188 -0.5447403192520142 0.3165683150291443 0.7765581607818604 -330.0730285644531
* 0.697222113609314 -0.3427295386791229 0.6296172142028809 -35.44929885864258 0.4659397602081299 0.8841361999511719 -0.03469434380531311 30.247045516967773 -0.5447763204574585 0.3175535798072815 0.7761304974555969 -330.08251953125
* 0.6972926259040833 -0.34171271324157715 0.6300915479660034 -35.605709075927734 0.46562814712524414 0.8842589259147644 -0.03573574498295784 30.43471336364746 -0.5449524521827698 0.3183068633079529 0.7756981253623962 -330.2073974609375
* 0.6966513991355896 -0.341558039188385 0.6308841705322266 -35.77680206298828 0.4656767249107361 0.8842430114746094 -0.03549662232398987 30.509862899780273 -0.5457305312156677 0.3185170292854309 0.7750645875930786 -330.1473693847656
* 0.6962375044822693 -0.34109440445899963 0.6315914988517761 -35.897640228271484 0.46633195877075195 0.8838469982147217 -0.03673698008060455 30.546810150146484 -0.5456992983818054 0.32010918855667114 0.7744304537773132 -330.0932312011719
* 0.6946982741355896 -0.34147679805755615 0.6330779790878296 -35.81071090698242 0.46555909514427185 0.8843694925308228 -0.03385309502482414 30.319917678833008 -0.5483145713806152 0.3182530701160431 0.7733474373817444 -329.7944030761719
* 0.6959586143493652 -0.3415122926235199 0.6316729784011841 -35.705345153808594 0.4646330773830414 0.8848690986633301 -0.033517368137836456 29.98740577697754 -0.5475010871887207 0.3168230652809143 0.7745100855827332 -330.217529296875
* 0.6947631239891052 -0.3398718535900116 0.6338699460029602 -35.646854400634766 0.46395382285118103 0.8852113485336304 -0.03388682007789612 29.523399353027344 -0.5495915412902832 0.317629873752594 0.7726969122886658 -329.919677734375
* 0.695931077003479 -0.3391326367855072 0.6329840421676636 -35.86265182495117 0.46274301409721375 0.8858344554901123 -0.03415902704000473 29.0909366607666 -0.5491344332695007 0.316681444644928 0.7734108567237854 -330.5196838378906
