#
#
#
#
#
#
#
#
#
#
#
#
#
#
#
#
#
#
#
#
#
#
#
#
#
#
#
#
#
#
#
#
#
#
#
#
#
#
#
#
#
#
#
#
#
#
#
#
#
#
#
#
#
#
#
#
#
#
#
#
#
#
#
#
#
#
#
#
#
#
#
#
#
#
#
#
#
#
#
#
#
#
#
#
#
#
#
#
#
#
#
#
#
#
#
#
#
#
#
#
#
#
#
#
#
#
#
#
#
#
#
#
#
#
#
#
#
#
#
#
#
#
#
#
#
#
#
#
#
#
#
#
#
#
#
#
#
#
#
#
#
#
#
#
#
#
#
#
#
#
#
#
#
#
#
#
#
#
#
#
#
#
#
#
#
#
#
#
#
#
#
#
#
#
#
#
#
#
#
#
#
#
#
#
#
#
#
#
#
#
#
#
#
#
#
#
#
#
#
#
#
#
#
#
#
#
#
#
#
#
#
#
#
#
#
#
#
#
#
#
#
#
#
#
#
#
#
#
#
#
#
#
#
#
#
#
#
#
#
#
#
#
#
#
#
#
#
#
#
#
#
#
#
#
#
#
#
#
#
#
#
#
#
#
#
#
#
#
#
#
#
#
#
#
#
#
#
#
#
#
#
#
#
#
#
#
#
#
#
#
#
#
#
#
#
#
#
#
#
#
#
#
#
#
#
#
#
#
#
#
#
#
#
#
#
#
#
#
#
#
#
#
#
#
#
#
#
#
* 0.39618444442749023 -0.26978665590286255 0.8776412606239319 -160.69435119628906 0.35905712842941284 0.9252614974975586 0.12233833223581314 4.997586727142334 -0.8450540900230408 0.26665809750556946 0.46344274282455444 -404.90771484375
* 0.41490334272384644 -0.26444336771965027 0.8705894947052002 -151.7208251953125 0.35629820823669434 0.9276381731033325 0.11196690797805786 4.873251914978027 -0.8372020721435547 0.2637373208999634 0.47910061478614807 -404.48199462890625
* 0.43181294202804565 -0.2655595541000366 0.8619842529296875 -143.20703125 0.3539363443851471 0.928909957408905 0.10887135565280914 5.085026741027832 -0.8296186923980713 0.25807878375053406 0.4951062798500061 -404.3189697265625
* 0.4531131982803345 -0.2606630325317383 0.8524929881095886 -135.56887817382813 0.3524937033653259 0.9307478070259094 0.0972333624958992 5.912655353546143 -0.8188022971153259 0.25644397735595703 0.5136159658432007 -403.72601318359375
* 0.47450870275497437 -0.25984588265419006 0.8410246968269348 -129.54437255859375 0.3546385169029236 0.9308966398239136 0.0875234454870224 8.337278366088867 -0.8056510090827942 0.25673243403434753 0.533869743347168 -404.5606689453125
* 0.4945431351661682 -0.25840455293655396 0.8298524618148804 -124.56700897216797 0.35999587178230286 0.9299306273460388 0.07502975314855576 12.079694747924805 -0.7910946011543274 0.26164132356643677 0.5529151558876038 -406.6726989746094
* 0.5185554027557373 -0.2556033730506897 0.8159461617469788 -120.76361083984375 0.3682765066623688 0.9279873371124268 0.05665047466754913 17.44343376159668 -0.7716691493988037 0.27112075686454773 0.5753452777862549 -410.2054138183594
* 0.5458004474639893 -0.24671670794487 0.80077064037323 -117.96862030029297 0.37669456005096436 0.9258971214294434 0.028513846918940544 23.76289939880371 -0.7484674453735352 0.28608641028404236 0.5982916355133057 -413.2203063964844
* 0.5644534230232239 -0.23790444433689117 0.7904396057128906 -116.07186126708984 0.38984984159469604 0.9208762049674988 -0.0012305508134886622 31.140085220336914 -0.7276056408882141 0.3088506758213043 0.6125383973121643 -414.3509521484375
* 0.5625272989273071 -0.23117715120315552 0.7938016653060913 -112.83661651611328 0.39407065510749817 0.9190053343772888 -0.01161951757967472 37.06983184814453 -0.726823091506958 0.31935352087020874 0.6080653071403503 -408.6148376464844
* 0.5688188076019287 -0.22456830739974976 0.7912111878395081 -110.92990112304688 0.39856114983558655 0.9167622923851013 -0.026332342997193336 42.338008880615234 -0.7194404602050781 0.3303276300430298 0.610975444316864 -407.6598205566406
* 0.5685270428657532 -0.21988900005817413 0.7927336692810059 -108.22335052490234 0.40399372577667236 0.9140439629554749 -0.03619658201932907 46.30651092529297 -0.716635525226593 0.3408414125442505 0.6084920763969421 -402.6267395019531
* 0.5655050277709961 -0.20891037583351135 0.7978480458259583 -106.713134765625 0.40599724650382996 0.9125681519508362 -0.048818401992321014 48.051055908203125 -0.7178931832313538 0.3515343964099884 0.6008784174919128 -398.1649475097656
* 0.5619928240776062 -0.20771163702011108 0.8006378412246704 -106.78250122070313 0.4072485864162445 0.9119864702224731 -0.0492628775537014 48.90731430053711 -0.7199395298957825 0.3537472188472748 0.5971196293830872 -396.7726135253906
* 0.5590369701385498 -0.20808765292167664 0.8026071786880493 -106.9209976196289 0.4071422517299652 0.9121482372283936 -0.04709896445274353 49.0295295715332 -0.7222970724105835 0.35310858488082886 0.5946453809738159 -396.0805358886719
* 0.5583146810531616 -0.2088700830936432 0.8029066324234009 -106.923095703125 0.4076588451862335 0.9119617342948914 -0.04623402655124664 48.65700149536133 -0.7225642800331116 0.3531283438205719 0.5943088531494141 -396.3865661621094
* 0.5594902038574219 -0.20829539000988007 0.802237331867218 -106.81497955322266 0.4045622646808624 0.9134018421173096 -0.04498976841568947 48.07931137084961 -0.7233949899673462 0.3497295081615448 0.5953072905540466 -397.0880432128906
* 0.5602461695671082 -0.20486056804656982 0.8025941252708435 -107.05180358886719 0.4028227627277374 0.9140231013298035 -0.047886982560157776 47.46929931640625 -0.723780632019043 0.35013487935066223 0.5945998430252075 -398.0209655761719
* 0.5589553713798523 -0.2033359706401825 0.8038808107376099 -107.7078628540039 0.40231654047966003 0.9142138957977295 -0.048496730625629425 46.986572265625 -0.7250590920448303 0.35052523016929626 0.5928095579147339 -398.5003967285156
* 0.5609581470489502 -0.20456907153129578 0.8021711111068726 -108.7470703125 0.40109848976135254 0.9148171544075012 -0.04719367250800133 46.88240051269531 -0.7241865992546082 0.34822648763656616 0.5952258706092834 -399.85693359375
* 0.5620126128196716 -0.20711974799633026 0.8007774353027344 -109.79080200195313 0.4021642208099365 0.9144229888916016 -0.04573993384838104 47.24067306518555 -0.7227766513824463 0.3477535843849182 0.5972127318382263 -401.0776062011719
* 0.562183141708374 -0.2093150019645691 0.8000867366790771 -110.32120513916016 0.4032706320285797 0.9140093922615051 -0.0442417711019516 47.89604568481445 -0.7220271825790405 0.3475266098976135 0.5982504487037659 -401.6630554199219
* 0.5616065263748169 -0.21008478105068207 0.8002898693084717 -110.49575805664063 0.40449628233909607 0.9134763479232788 -0.04406078904867172 48.685630798339844 -0.7217902541160583 0.3484622538089752 0.5979920029640198 -401.6168212890625
* 0.5608615279197693 -0.2102372944355011 0.8007721304893494 -110.69859313964844 0.4065377414226532 0.9125155806541443 -0.045166004449129105 49.17557907104492 -0.721222460269928 0.35087913274765015 0.5972634553909302 -401.28533935546875
* 0.5582326054573059 -0.21021893620491028 0.802611768245697 -111.16462707519531 0.40823426842689514 0.911759614944458 -0.045129768550395966 49.448516845703125 -0.7223029136657715 0.35284969210624695 0.594791829586029 -400.9633483886719
* 0.5576815009117126 -0.21089206635951996 0.8028182983398438 -111.6686019897461 0.4089508652687073 0.9114620685577393 -0.04464941471815109 49.61732482910156 -0.7223232388496399 0.3532165288925171 0.594549298286438 -400.8632507324219
* 0.5570518970489502 -0.21301941573619843 0.8026937246322632 -112.07274627685547 0.4096308648586273 0.911262035369873 -0.04244495928287506 49.63772201538086 -0.7224236726760864 0.35245534777641296 0.5948787927627563 -400.98785400390625
* 0.5571166276931763 -0.21405084431171417 0.8023743629455566 -112.11080932617188 0.4093290865421295 0.9114610552787781 -0.04106083884835243 49.55982208251953 -0.7225448489189148 0.3513140082359314 0.5954065918922424 -400.8687744140625
* 0.5573857426643372 -0.21332472562789917 0.8023808598518372 -112.23825073242188 0.40888699889183044 0.9116317629814148 -0.04167011007666588 49.5159797668457 -0.7225876450538635 0.3513125777244568 0.5953554511070251 -401.18115234375
* 0.5557935237884521 -0.21266047656536102 0.8036606907844543 -112.3803482055664 0.40958496928215027 0.9112979173660278 -0.04211818054318428 49.56443786621094 -0.7234183549880981 0.3525794744491577 0.5935950875282288 -401.0164489746094
* 0.556516706943512 -0.21447215974330902 0.8026781678199768 -112.51201629638672 0.40842434763908386 0.911935567855835 -0.03950686752796173 49.61528778076172 -0.7235185503959656 0.34982267022132874 0.595102071762085 -401.242919921875
* 0.5562272071838379 -0.214462012052536 0.8028814792633057 -112.41057586669922 0.4083236753940582 0.9119905829429626 -0.039276689291000366 49.489070892333984 -0.7237979173660278 0.3496854603290558 0.5948429107666016 -401.1767883300781
* 0.5549030900001526 -0.21275925636291504 0.8042495846748352 -112.07359313964844 0.4066397547721863 0.9127500057220459 -0.03910575434565544 49.17146301269531 -0.7257596254348755 0.3487429618835449 0.5930031538009644 -400.84478759765625
* 0.5565381646156311 -0.21161343157291412 0.803421676158905 -111.85478210449219 0.4064427614212036 0.9127483367919922 -0.041139353066682816 48.96980285644531 -0.724617063999176 0.3494437634944916 0.593986988067627 -401.08984375
* 0.5566647052764893 -0.2114098221063614 0.8033875823020935 -111.9500503540039 0.406503826379776 0.9127052426338196 -0.04149007797241211 48.95083236694336 -0.7244856357574463 0.34967944025993347 0.5940086245536804 -401.3037109375
* 0.557145357131958 -0.21056856215000153 0.8032752871513367 -112.16405487060547 0.4052925407886505 0.9132334589958191 -0.04171639308333397 49.00184631347656 -0.7247947454452515 0.34880682826042175 0.5941445231437683 -401.4457702636719
* 0.5558707118034363 -0.21005606651306152 0.804291844367981 -112.17897033691406 0.40659099817276 0.9126123785972595 -0.042662911117076874 48.9878044128418 -0.7250460982322693 0.3507361114025116 0.5927003026008606 -401.2294921875
* 0.5543770790100098 -0.2086208313703537 0.805695116519928 -112.04586029052734 0.40666860342025757 0.91253662109375 -0.043533507734537125 48.85506057739258 -0.7261454463005066 0.35178813338279724 0.5907278060913086 -400.8924255371094
* 0.5547303557395935 -0.2091197520494461 0.8053224682807922 -111.91569519042969 0.40472179651260376 0.9134929180145264 -0.04157739132642746 48.514408111572266 -0.7269628047943115 0.3489990532398224 0.5913764834403992 -401.03826904296875
* 0.5565322041511536 -0.21001464128494263 0.8038450479507446 -112.00028228759766 0.4039713442325592 0.9138542413711548 -0.04093007743358612 48.360355377197266 -0.7260023951530457 0.34751254320144653 0.5934280753135681 -401.7659912109375
* 0.5562158226966858 -0.20910795032978058 0.8043003082275391 -111.99988555908203 0.40415504574775696 0.913727343082428 -0.04193827137351036 48.49544143676758 -0.7261425852775574 0.3483920693397522 0.592740535736084 -401.8590393066406
* 0.5543859601020813 -0.2052251249551773 0.8065606951713562 -111.93408966064453 0.40464136004447937 0.9133296608924866 -0.045737989246845245 48.29526138305664 -0.727270245552063 0.3517276346683502 0.5893785953521729 -401.1927185058594
* 0.5543352365493774 -0.20563869178295135 0.8064901828765869 -112.44463348388672 0.4036315679550171 0.9138412475585938 -0.044423654675483704 48.2179069519043 -0.7278698086738586 0.3501538038253784 0.5895755290985107 -401.5596008300781
* 0.5542847514152527 -0.20866897702217102 0.8057461977005005 -112.73881530761719 0.40320321917533875 0.9142075181007385 -0.040613025426864624 48.16545486450195 -0.7281457185745239 0.3473939597606659 0.590866208076477 -401.83868408203125
* 0.5549837350845337 -0.20964102447032928 0.8050124645233154 -112.68273162841797 0.4037735164165497 0.9139673709869385 -0.04035196453332901 48.207244873046875 -0.727296769618988 0.3474406898021698 0.5918834209442139 -401.997314453125
* 0.5540036559104919 -0.20906685292720795 0.8058364391326904 -112.64543914794922 0.4037850797176361 0.9139565229415894 -0.04048162326216698 48.12384033203125 -0.7280371785163879 0.34781497716903687 0.5907523036003113 -402.0894775390625
* 0.5542822480201721 -0.20799250900745392 0.8059228658676147 -112.60137939453125 0.40349552035331726 0.9140334725379944 -0.04161624237895012 47.9493293762207 -0.727985680103302 0.3482566773891449 0.5905556082725525 -401.95245361328125
* 0.5539584159851074 -0.20907965302467346 0.8058642745018005 -112.683837890625 0.40408650040626526 0.913814127445221 -0.040687158703804016 48.018089294433594 -0.7279043793678284 0.3481811285018921 0.5907002687454224 -402.3367004394531
* 0.5534176826477051 -0.20862914621829987 0.806352436542511 -112.5046615600586 0.4043136239051819 0.9136956334114075 -0.04108857363462448 47.95717239379883 -0.7281895279884338 0.3487616181373596 0.5900058746337891 -401.9376220703125
* 0.5537360310554504 -0.20833216607570648 0.8062106370925903 -112.70054626464844 0.40401071310043335 0.9138176441192627 -0.04135243222117424 47.95547866821289 -0.7281156182289124 0.348619282245636 0.5901811718940735 -402.24969482421875
* 0.5535397529602051 -0.2082201987504959 0.8063743710517883 -112.89273834228516 0.40305188298225403 0.9142748117446899 -0.04059635102748871 47.98342514038086 -0.7287958860397339 0.34748560190200806 0.5900099873542786 -402.3253173828125
* 0.5532851815223694 -0.20841528475284576 0.8064987659454346 -113.18034362792969 0.4034675061702728 0.914092481136322 -0.04057396575808525 48.017799377441406 -0.7287592887878418 0.34784823656082153 0.5898416042327881 -402.2835998535156
* 0.5522120594978333 -0.2073335498571396 0.8075123429298401 -113.27244567871094 0.40374115109443665 0.9139328598976135 -0.041439469903707504 48.029354095458984 -0.7294213771820068 0.3489125370979309 0.5883928537368774 -402.1831359863281
* 0.5523019433021545 -0.20694266259670258 0.8075510859489441 -113.55972290039063 0.40370291471481323 0.913928747177124 -0.041899725794792175 47.99209976196289 -0.7293744087219238 0.3491552770137787 0.5883070230484009 -402.32598876953125
* 0.5520504713058472 -0.2086283564567566 0.8072892427444458 -113.70751953125 0.40397968888282776 0.913888156414032 -0.04007897526025772 47.98169708251953 -0.7294114828109741 0.3482573628425598 0.5887930393218994 -402.30328369140625
* 0.5523570775985718 -0.20809923112392426 0.8072160482406616 -113.7588119506836 0.40214455127716064 0.9147282838821411 -0.03936277702450752 47.85150146484375 -0.730193018913269 0.3463631570339203 0.588941752910614 -402.4622497558594
* 0.55166095495224 -0.20889753103256226 0.807485818862915 -113.7897720336914 0.40380859375 0.9139921069145203 -0.03942587971687317 47.915340423583984 -0.7298008799552917 0.34782275557518005 0.5885675549507141 -402.6278076171875
* 0.5520557761192322 -0.20983493328094482 0.8069727420806885 -113.59718322753906 0.40366706252098083 0.9140956401824951 -0.038463059812784195 48.04159164428711 -0.7295805811882019 0.34698542952537537 0.5893344283103943 -402.7655334472656
* 0.5529713034629822 -0.21018022298812866 0.8062557578086853 -113.32571411132813 0.40309634804725647 0.9143625497817993 -0.03810315206646919 48.27252960205078 -0.7292026877403259 0.34607207775115967 0.5903383493423462 -402.8135681152344
* 0.552707314491272 -0.20709697902202606 0.8072340488433838 -112.93859100341797 0.40427955985069275 0.9136502146720886 -0.04241041839122772 48.536746978759766 -0.7287476658821106 0.34979215264320374 0.5887054204940796 -402.6287841796875
* 0.5541368722915649 -0.20726124942302704 0.8062111735343933 -112.82427978515625 0.40371444821357727 0.9138938188552856 -0.042543843388557434 48.764156341552734 -0.7279750108718872 0.34905755519866943 0.5900957584381104 -402.7469177246094
* 0.5540992617607117 -0.20639683306217194 0.8064587116241455 -112.85425567626953 0.4033297002315521 0.9140332937240601 -0.043191470205783844 48.963924407958984 -0.728216826915741 0.3492044508457184 0.5897102952003479 -402.5322265625
* 0.5537260174751282 -0.20613497495651245 0.8067819476127625 -112.9906997680664 0.4042750895023346 0.9135745167732239 -0.04405032843351364 48.96089553833008 -0.7279764413833618 0.35055699944496155 0.5892044901847839 -402.4089660644531
* 0.5535173416137695 -0.2065277397632599 0.8068246841430664 -113.25238037109375 0.4031026065349579 0.9141638278961182 -0.042543500661849976 48.9809684753418 -0.7287847399711609 0.34878501296043396 0.5892567038536072 -402.76397705078125
* 0.5540903806686401 -0.20586605370044708 0.8066004514694214 -113.12252044677734 0.40298473834991455 0.9141703248023987 -0.043509021401405334 49.11826705932617 -0.7284143567085266 0.34915891289711 0.5894931554794312 -402.54718017578125
* 0.5525329113006592 -0.20562489330768585 0.8077295422554016 -112.82083892822266 0.40381741523742676 0.9137981534004211 -0.043608445674180984 49.100337982177734 -0.7291358709335327 0.3502736985683441 0.5879377722740173 -402.1589050292969
* 0.5530034899711609 -0.20581845939159393 0.8073580861091614 -112.54085540771484 0.4028550684452057 0.914257824420929 -0.04286852106451988 49.00576400756836 -0.7293114066123962 0.3489580750465393 0.5885021686553955 -402.1934509277344
* 0.5538979768753052 -0.20543628931045532 0.806842029094696 -112.25296783447266 0.4021304249763489 0.9145611524581909 -0.04320091754198074 48.875999450683594 -0.7290323972702026 0.3483879268169403 0.5891852378845215 -402.2104187011719
* 0.5532446503639221 -0.20494689047336578 0.8074145913124084 -111.81397247314453 0.4018690288066864 0.9146765470504761 -0.043190788477659225 48.760433197021484 -0.7296724319458008 0.3483732342720032 0.5884010791778564 -402.0351257324219
* 0.554902195930481 -0.2044598013162613 0.8064000010490417 -111.6496353149414 0.40133973956108093 0.9148600101470947 -0.04421291500329971 48.573944091796875 -0.7287044525146484 0.3481774628162384 0.5897150039672852 -402.15447998046875
* 0.5565813779830933 -0.2052099108695984 0.8050511479377747 -111.62223052978516 0.4009464979171753 0.9150449633598328 -0.04395267367362976 48.66834259033203 -0.7276394963264465 0.3472488820552826 0.591574490070343 -402.68670654296875
* 0.5557543635368347 -0.20615223050117493 0.8053816556930542 -111.54772186279297 0.40103015303611755 0.9150768518447876 -0.04250184819102287 48.8470344543457 -0.7282252311706543 0.3466061055660248 0.5912305116653442 -402.5427551269531
* 0.5563364028930664 -0.20497719943523407 0.8052797317504883 -111.38867950439453 0.401921808719635 0.9145720601081848 -0.044876810163259506 49.039302825927734 -0.7272887229919434 0.3486292362213135 0.5911938548088074 -402.52557373046875
* 0.5565645694732666 -0.2057010680437088 0.8049374222755432 -111.17842102050781 0.40206995606422424 0.9145351052284241 -0.044299282133579254 49.26533126831055 -0.7270321846008301 0.3482997417449951 0.5917034149169922 -402.569091796875
* 0.556875467300415 -0.20480479300022125 0.8049508929252625 -111.01797485351563 0.40280380845069885 0.9141238927841187 -0.0460844449698925 49.49153137207031 -0.726387619972229 0.34990373253822327 0.5915486812591553 -402.2984924316406
* 0.5563918948173523 -0.20344142615795135 0.8056307435035706 -110.84259796142578 0.40309709310531616 0.9139166474342346 -0.04760562628507614 49.642311096191406 -0.7265954613685608 0.3512379229068756 0.5905017852783203 -402.0570983886719
* 0.5567129850387573 -0.20396149158477783 0.8052773475646973 -110.75907135009766 0.40229544043540955 0.9143247008323669 -0.046539463102817535 49.69514846801758 -0.7267937660217285 0.3498716652393341 0.5910685062408447 -401.94989013671875
* 0.5568662285804749 -0.20376084744930267 0.8052223324775696 -110.7161865234375 0.4026733338832855 0.9141265749931335 -0.047158461064100266 49.78963088989258 -0.7264671921730042 0.35050562024116516 0.5910944938659668 -401.8487854003906
* 0.5562316179275513 -0.20247700810432434 0.805984377861023 -110.79273223876953 0.40307387709617615 0.9138749837875366 -0.04859258607029915 49.90289306640625 -0.7267311811447144 0.3519030511379242 0.5899385809898376 -401.65411376953125
* 0.5562617182731628 -0.20375221967697144 0.8056421875953674 -110.90699005126953 0.4031849205493927 0.9138962030410767 -0.047253016382455826 50.08758544921875 -0.7266465425491333 0.35111093521118164 0.5905144810676575 -402.05621337890625
* 0.5567450523376465 -0.2025480717420578 0.8056119084358215 -110.78458404541016 0.403108149766922 0.9138476252555847 -0.04882184788584709 50.10890579223633 -0.726318895816803 0.35193315148353577 0.5904281139373779 -401.7220153808594
* 0.5562405586242676 -0.20520228147506714 0.8052887320518494 -110.94898986816406 0.40348175168037415 0.9138373136520386 -0.04583751782774925 50.22491455078125 -0.7264980673789978 0.3504190444946289 0.591107964515686 -401.8526611328125
* 0.5554056763648987 -0.2032593935728073 0.8063570261001587 -110.8156967163086 0.4032500982284546 0.9138600826263428 -0.04739557206630707 50.23558807373047 -0.7272650599479675 0.3514903485774994 0.5895265936851501 -401.5411071777344
* 0.5568645000457764 -0.202810600399971 0.805463433265686 -110.86564636230469 0.40310025215148926 0.9138637781143188 -0.04858310520648956 50.33281707763672 -0.7262318134307861 0.35173970460891724 0.5906504392623901 -401.8492736816406
* 0.5557336211204529 -0.20299723744392395 0.8061971068382263 -110.80038452148438 0.40222662687301636 0.9143292307853699 -0.04704246297478676 50.36759948730469 -0.727581262588501 0.3504199981689453 0.5897735357284546 -401.62408447265625
* 0.5563839673995972 -0.2013358622789383 0.8061652183532715 -110.71144104003906 0.403055340051651 0.9138097167015076 -0.04995476081967354 50.496307373046875 -0.7266250848770142 0.35272619128227234 0.5895776748657227 -401.7459716796875
* 0.556176483631134 -0.20246736705303192 0.8060250282287598 -110.47505950927734 0.4026198983192444 0.9140955805778503 -0.048204537481069565 50.57452392578125 -0.7270253300666809 0.3513348698616028 0.5899149775505066 -401.5792541503906
* 0.5564690232276917 -0.20038177073001862 0.8063442707061768 -110.41165924072266 0.4029351472854614 0.9138057827949524 -0.05098537355661392 50.523380279541016 -0.7266267538070679 0.35327911376953125 0.5892446041107178 -401.5228271484375
* 0.5572414398193359 -0.2004377692937851 0.80579674243927 -110.72653198242188 0.4032115936279297 0.9136509299278259 -0.05157246068120003 50.6867561340332 -0.725881040096283 0.3536478281021118 0.5899420380592346 -401.9609069824219
* 0.5551050901412964 -0.200203076004982 0.8073281645774841 -110.91304779052734 0.40432947874069214 0.9131572246551514 -0.051564328372478485 50.780601501464844 -0.7268953323364258 0.3550531268119812 0.5878453254699707 -401.5172424316406
* 0.5543853044509888 -0.20022068917751312 0.8078182339668274 -111.32476806640625 0.4048559069633484 0.9129234552383423 -0.05157211422920227 50.79987335205078 -0.7271515727043152 0.35564371943473816 0.5871709585189819 -401.5313720703125
* 0.5533612966537476 -0.1987801343202591 0.8088753819465637 -111.73583221435547 0.40509504079818726 0.9127457141876221 -0.052825260907411575 50.91006088256836 -0.7277982234954834 0.3569057583808899 0.5856020450592041 -401.7144775390625
* 0.5519211292266846 -0.2005457580089569 0.8094232678413391 -112.13394165039063 0.4051739275455475 0.9128642082214355 -0.05010216310620308 50.8884391784668 -0.7288471460342407 0.35561254620552063 0.5850840210914612 -401.4972229003906
* 0.5516976118087769 -0.19943608343601227 0.8098496794700623 -112.47865295410156 0.40521663427352905 0.91278076171875 -0.051264505833387375 50.7789421081543 -0.7289925217628479 0.35644999146461487 0.5843929052352905 -401.53900146484375
* 0.5500902533531189 -0.2011190950870514 0.8105265498161316 -112.66012573242188 0.40549641847610474 0.9127965569496155 -0.04870876297354698 50.616004943847656 -0.7300508618354797 0.35546278953552246 0.5836726427078247 -401.6422119140625
* 0.550148069858551 -0.20030100643634796 0.8106898069381714 -112.6737289428711 0.40441250801086426 0.9132725596427917 -0.04879586026072502 50.45702362060547 -0.730608344078064 0.3547010123729706 0.583438515663147 -401.7080078125
* 0.5495595335960388 -0.19976992905139923 0.8112198710441589 -112.6272964477539 0.4048536717891693 0.9130432605743408 -0.049423761665821075 50.2597541809082 -0.7308068871498108 0.3555895984172821 0.5826483964920044 -401.6893615722656
* 0.5492435693740845 -0.1985688954591751 0.8117285370826721 -112.62158966064453 0.40477290749549866 0.9130180478096008 -0.05053766444325447 50.14360046386719 -0.7310891151428223 0.3563261926174164 0.5818438529968262 -401.6431579589844
* 0.550001323223114 -0.20025509595870972 0.8108006715774536 -112.69668579101563 0.40327751636505127 0.9138235449790955 -0.04786162078380585 50.15990447998047 -0.7313458323478699 0.3533046245574951 0.583361804485321 -402.16650390625
* 0.5502710342407227 -0.20130807161331177 0.8103567957878113 -112.59072875976563 0.4043843150138855 0.9133424162864685 -0.047705747187137604 50.11096954345703 -0.7305312752723694 0.3539496064186096 0.5839910507202148 -402.1336975097656
* 0.5509236454963684 -0.20268073678016663 0.809570848941803 -112.35440826416016 0.4026780426502228 0.9142259359359741 -0.045147113502025604 50.00046920776367 -0.730981707572937 0.3508719801902771 0.5852831602096558 -402.1632385253906
* 0.549947202205658 -0.20149149000644684 0.8105310797691345 -112.22913360595703 0.4026561975479126 0.9141958355903625 -0.045942578464746475 49.865806579589844 -0.7317286133766174 0.35163432359695435 0.5838906764984131 -402.2460632324219
* 0.5496953129768372 -0.20248234272003174 0.8104549646377563 -111.95077514648438 0.40194380283355713 0.9145990610122681 -0.044120147824287415 49.7475700378418 -0.7323093414306641 0.35001295804977417 0.5841367244720459 -402.343017578125
* 0.5506368279457092 -0.20473189651966095 0.8092498183250427 -111.34516906738281 0.40287357568740845 0.9142510890960693 -0.04283175617456436 49.85193634033203 -0.7310900688171387 0.3496130704879761 0.5859008431434631 -402.6690368652344
* 0.5515263676643372 -0.20531411468982697 0.8084961771965027 -110.32096862792969 0.40155401825904846 0.9148884415626526 -0.04159457981586456 49.68791580200195 -0.7311455011367798 0.3475983738899231 0.5870293974876404 -402.2769470214844
* 0.5525882244110107 -0.2034328132867813 0.8082466721534729 -109.47425842285156 0.40174612402915955 0.9146698713302612 -0.04445084556937218 49.27347183227539 -0.7302376627922058 0.34927594661712646 0.5871636271476746 -402.28619384765625
* 0.5535379648208618 -0.20376881957054138 0.8075118660926819 -108.93678283691406 0.3998502194881439 0.9155668616294861 -0.04305725172162056 48.742401123046875 -0.7305589914321899 0.3467205762863159 0.5882774591445923 -402.3609313964844
* 0.5541532635688782 -0.20317645370960236 0.8072391152381897 -108.5941390991211 0.3997177183628082 0.9155821204185486 -0.043953608721494675 48.03350830078125 -0.7301649451255798 0.3470277190208435 0.5885854363441467 -402.3035888671875
* 0.5542811155319214 -0.20313268899917603 0.807162344455719 -108.43534088134766 0.3982158899307251 0.9162881374359131 -0.04286176338791847 47.394859313964844 -0.7308881282806396 0.34518522024154663 0.5887712240219116 -402.5296630859375
* 0.5551097393035889 -0.20462267100811005 0.8062161207199097 -108.1911849975586 0.3977693021297455 0.9165559411048889 -0.04125248268246651 46.62588882446289 -0.7305023670196533 0.34359049797058105 0.5901811122894287 -402.7076721191406
* 0.555630087852478 -0.2047949880361557 0.8058138489723206 -108.22015380859375 0.3955738842487335 0.9175800085067749 -0.03955986723303795 46.03840255737305 -0.7312984466552734 0.34074240922927856 0.590846061706543 -403.0789794921875
* 0.553494930267334 -0.2063131034374237 0.8068952560424805 -108.17919158935547 0.39663541316986084 0.917205810546875 -0.03755756467580795 45.55466842651367 -0.7323419451713562 0.34083399176597595 0.589499294757843 -403.2755432128906
* 0.5539958477020264 -0.20669764280319214 0.8064529895782471 -107.98389434814453 0.39528876543045044 0.9178376197814941 -0.036300163716077805 44.97731399536133 -0.73269122838974 0.3388947546482086 0.590182900428772 -403.4154357910156
* 0.5548896789550781 -0.2069753110408783 0.8057668805122375 -107.81401824951172 0.3951663672924042 0.9178881049156189 -0.03635605424642563 44.608367919921875 -0.7320806384086609 0.3385883867740631 0.5911158323287964 -403.88543701171875
* 0.5543399453163147 -0.2072809487581253 0.806066632270813 -107.54657745361328 0.39532315731048584 0.9178406596183777 -0.035844989120960236 44.39162826538086 -0.7324123978614807 0.33852988481521606 0.5907382965087891 -404.2148742675781
* 0.5556089282035828 -0.20957881212234497 0.8045974373817444 -107.4232406616211 0.39470767974853516 0.9181979298591614 -0.033394575119018555 44.36513900756836 -0.7317824959754944 0.33613789081573486 0.5928808450698853 -404.8133850097656
* 0.554180383682251 -0.20686690509319305 0.8062826991081238 -107.3023910522461 0.395247220993042 0.9178606271743774 -0.03617118299007416 44.27831268310547 -0.7325740456581116 0.3387291431427002 0.5904234051704407 -404.80499267578125
* 0.5542612671852112 -0.2075587809085846 0.8060492873191833 -107.48994445800781 0.39697566628456116 0.9170885682106018 -0.03682078793644905 44.216346740722656 -0.7315776348114014 0.3403930962085724 0.5907018780708313 -405.0998229980469
* 0.5542892217636108 -0.21207746863365173 0.8048529028892517 -107.61438751220703 0.39618977904319763 0.9176416397094727 -0.03105359897017479 44.29677200317383 -0.7319822907447815 0.33608999848365784 0.5926613211631775 -405.70166015625
* 0.5542846918106079 -0.2110925018787384 0.8051149845123291 -107.53680419921875 0.3973246216773987 0.9170796275138855 -0.03309254348278046 44.496097564697266 -0.7313703894615173 0.3382375240325928 0.5921948552131653 -405.9609375
* 0.5544458627700806 -0.21214084327220917 0.8047283887863159 -107.54933166503906 0.3979031443595886 0.9168516397476196 -0.03245203197002411 44.8076057434082 -0.7309334874153137 0.338199645280838 0.5927555561065674 -406.3345642089844
* 0.5543115139007568 -0.2140173763036728 0.8043239712715149 -107.46591186523438 0.3985481858253479 0.9166295528411865 -0.030766461044549942 45.08401870727539 -0.7306839227676392 0.3376188576221466 0.5933939814567566 -406.5248718261719
* 0.5525343418121338 -0.2108764350414276 0.8063737750053406 -107.26891326904297 0.3988189697265625 0.9164113998413086 -0.0336228609085083 45.12681579589844 -0.7318812608718872 0.3401777446269989 0.5904496908187866 -406.0537414550781
* 0.5532453656196594 -0.21104659140110016 0.8058415651321411 -107.32669067382813 0.3973585069179535 0.9170815944671631 -0.03262528404593468 45.091407775878906 -0.7321385145187378 0.33826062083244324 0.5912317037582397 -406.330322265625
* 0.5542169213294983 -0.2118615210056305 0.8049596548080444 -107.41548156738281 0.3979482054710388 0.9168236255645752 -0.03268609941005707 45.265865325927734 -0.7310826182365417 0.3384503126144409 0.5924285054206848 -406.98583984375
* 0.5537996292114258 -0.21033932268619537 0.8056457042694092 -107.04705047607422 0.3964773416519165 0.9174490571022034 -0.033010080456733704 45.407379150390625 -0.732197105884552 0.3377041220664978 0.5914772152900696 -406.5543212890625
* 0.5525171756744385 -0.21019327640533447 0.8065637946128845 -106.62325286865234 0.39588987827301025 0.9177374243736267 -0.03203063830733299 45.15622329711914 -0.7334827184677124 0.33701080083847046 0.5902785658836365 -406.3351745605469
* 0.5529155731201172 -0.20954672992229462 0.8064589500427246 -106.32325744628906 0.3960539996623993 0.9176284670829773 -0.03310694918036461 44.99296188354492 -0.733093798160553 0.33770951628685 0.5903623700141907 -406.68280029296875
* 0.5552430152893066 -0.2113022804260254 0.8043991923332214 -106.13764953613281 0.39516210556030273 0.9180659055709839 -0.03160447999835014 45.37068176269531 -0.7318148612976074 0.3354191780090332 0.5932477116584778 -407.8385925292969
* 0.5564948320388794 -0.21244265139102936 0.8032329678535461 -105.448486328125 0.3940867781639099 0.9185791015625 -0.030082007870078087 46.06855392456055 -0.7314437627792358 0.3332868218421936 0.5949047803878784 -408.2019348144531
* 0.5582053661346436 -0.21002936363220215 0.8026804327964783 -104.67908477783203 0.3938556909561157 0.9185581207275391 -0.03354905918240547 46.7745475769043 -0.7302638292312622 0.3348703682422638 0.5954647064208984 -408.0594482421875
* 0.5589311122894287 -0.20921652019023895 0.8023876547813416 -104.13831329345703 0.39515188336372375 0.9179115295410156 -0.03591958060860634 47.4183235168457 -0.729007363319397 0.3371444046497345 0.5957210063934326 -408.1234436035156
* 0.560335099697113 -0.20760029554367065 0.8018280267715454 -103.61184692382813 0.39611828327178955 0.9173559546470642 -0.0393059067428112 48.0161247253418 -0.7274032831192017 0.33964604139328003 0.5962604284286499 -407.97528076171875
* 0.5602842569351196 -0.20538339018821716 0.8024343252182007 -103.11201477050781 0.3958282768726349 0.9173811078071594 -0.04157659783959389 48.371131896972656 -0.7276002764701843 0.3409237265586853 0.5952901244163513 -407.5500183105469
* 0.5604450106620789 -0.20530247688293457 0.8023427724838257 -102.92393493652344 0.39690250158309937 0.9168683290481567 -0.04263472929596901 48.63302230834961 -0.7268909215927124 0.3423490822315216 0.595338761806488 -407.68731689453125
* 0.5625320076942444 -0.2086554616689682 0.8000138998031616 -102.69776153564453 0.39640289545059204 0.9172244668006897 -0.03950728476047516 49.2404899597168 -0.7255502343177795 0.3393547534942627 0.59867924451828 -408.3068542480469
* 0.5629002451896667 -0.20571841299533844 0.8005152940750122 -102.4178237915039 0.39768779277801514 0.9164571166038513 -0.044130854308605194 49.66499710083008 -0.7245607972145081 0.343199223279953 0.5976851582527161 -407.9150085449219
* 0.5635082125663757 -0.20715945959091187 0.799715518951416 -102.64383697509766 0.39894911646842957 0.9159221053123474 -0.04385330155491829 50.13197326660156 -0.7233939170837402 0.34376031160354614 0.5987752079963684 -408.2960205078125
* 0.563789963722229 -0.20794577896595 0.7993127703666687 -102.8448715209961 0.3991570472717285 0.915858805179596 -0.04327809438109398 50.779876708984375 -0.7230596542358398 0.34345394372940063 0.5993545651435852 -408.55828857421875
* 0.5638226866722107 -0.2062593400478363 0.7997265458106995 -102.86082458496094 0.4007985591888428 0.914979100227356 -0.046587567776441574 51.505516052246094 -0.7221254706382751 0.34679925441741943 0.5985540151596069 -408.5462341308594
* 0.5625181198120117 -0.20517152547836304 0.8009241819381714 -102.82150268554688 0.40157124400138855 0.9145801663398743 -0.04775266349315643 52.0767822265625 -0.7227133512496948 0.3484927713871002 0.5968584418296814 -407.822021484375
* 0.5618950128555298 -0.2036052644252777 0.8017608523368835 -102.69649505615234 0.4013788402080536 0.9145965576171875 -0.0490383580327034 52.51405334472656 -0.723304808139801 0.3493672013282776 0.5956295728683472 -407.2613830566406
* 0.5608197450637817 -0.20175212621688843 0.8029813170433044 -102.52393341064453 0.40185311436653137 0.9142838716506958 -0.05094686150550842 52.585243225097656 -0.7238757610321045 0.35125547647476196 0.5938225984573364 -406.6368713378906
* 0.5592877268791199 -0.20112431049346924 0.8042064309120178 -102.67601776123047 0.4012156128883362 0.9145998358726501 -0.050295133143663406 52.25157928466797 -0.7254130244255066 0.3507925570011139 0.5922182202339172 -406.37579345703125
* 0.5602402687072754 -0.20150373876094818 0.8034480810165405 -103.47943878173828 0.3992268443107605 0.9155527353286743 -0.04876059666275978 52.044864654541016 -0.7257751226425171 0.3480786383152008 0.5933746695518494 -407.1830139160156
* 0.5589620471000671 -0.2012965828180313 0.8043897151947021 -104.21272277832031 0.40072739124298096 0.9148561358451843 -0.04952195659279823 52.04241180419922 -0.7259336709976196 0.35002484917640686 0.5920343399047852 -407.233154296875
* 0.5561277866363525 -0.1996401995420456 0.8067635297775269 -104.92996215820313 0.4024032950401306 0.9140273332595825 -0.05120711401104927 51.97824478149414 -0.7271823287010193 0.3531249761581421 0.5886513590812683 -406.86236572265625
* 0.554949164390564 -0.20083290338516235 0.8072789311408997 -105.73611450195313 0.40208980441093445 0.9142886400222778 -0.048956044018268585 52.049224853515625 -0.7282553315162659 0.35176971554756165 0.5881360769271851 -406.8521728515625
* 0.5553768277168274 -0.20270830392837524 0.8065156936645508 -106.51978302001953 0.40364137291908264 0.9136384725570679 -0.04832141101360321 52.277523040771484 -0.7270700335502625 0.3523826599121094 0.5892345905303955 -407.10650634765625
* 0.5535368323326111 -0.20271044969558716 0.8077791333198547 -106.8384017944336 0.40480053424835205 0.913129448890686 -0.048245981335639954 52.589324951171875 -0.727828323841095 0.3536983132362366 0.5875076055526733 -406.69305419921875
* 0.554282009601593 -0.2041623592376709 0.8069020509719849 -107.2633056640625 0.40591827034950256 0.9126504063606262 -0.04791821911931038 53.073974609375 -0.7266376614570618 0.3540993928909302 0.5887384414672852 -407.0562744140625
* 0.5512791872024536 -0.20135433971881866 0.8096601366996765 -107.34648132324219 0.4069882333278656 0.9120457768440247 -0.05029357224702835 53.250789642333984 -0.7283215522766113 0.35725080966949463 0.584740161895752 -405.8306579589844
* 0.5512163043022156 -0.20310719311237335 0.8092650771141052 -107.7511978149414 0.406303733587265 0.9124884605407715 -0.04773368686437607 53.460906982421875 -0.7287512421607971 0.3551218807697296 0.5855011343955994 -405.8161315917969
* 0.5508813858032227 -0.2054954618215561 0.808890163898468 -107.80107879638672 0.4071451723575592 0.9122258424758911 -0.045533210039138794 53.857994079589844 -0.7285348176956177 0.354422003030777 0.5861940979957581 -406.0957946777344
* 0.5505046844482422 -0.20715707540512085 0.808722734451294 -106.99923706054688 0.4093436300754547 0.9112568497657776 -0.045223455876111984 54.29475021362305 -0.7275869846343994 0.3559441864490509 0.5864490270614624 -405.4749450683594
* 0.5513729453086853 -0.20612511038780212 0.8083948493003845 -106.09252166748047 0.4079744219779968 0.9118438959121704 -0.04576113447546959 54.27775192260742 -0.7276986241340637 0.3550388216972351 0.5868591666221619 -404.840576171875
* 0.5512753129005432 -0.20269599556922913 0.809328019618988 -105.74738311767578 0.40674886107444763 0.9122451543807983 -0.048587359488010406 53.844669342041016 -0.7284582853317261 0.35598117113113403 0.5853438973426819 -404.5255126953125
* 0.5530043840408325 -0.20188292860984802 0.8083510994911194 -106.59679412841797 0.40705034136772156 0.911995530128479 -0.05070222541689873 53.70802688598633 -0.7269779443740845 0.35708102583885193 0.586513340473175 -405.45281982421875
* 0.5523261427879333 -0.201920285820961 0.8088053464889526 -106.80908966064453 0.4069305658340454 0.9120774269104004 -0.05018806830048561 54.021217346191406 -0.7275603413581848 0.35685068368911743 0.5859310626983643 -405.1673889160156
* 0.5519123673439026 -0.20344868302345276 0.8087047934532166 -107.00823211669922 0.40876713395118713 0.9112816452980042 -0.04971591755747795 54.393672943115234 -0.7268444299697876 0.3580136299133301 0.5861101150512695 -405.1651916503906
* 0.5509417057037354 -0.203385129570961 0.8093823790550232 -106.82292175292969 0.4090591073036194 0.9111632108688354 -0.04948411136865616 54.72228240966797 -0.7274163961410522 0.358350932598114 0.5851937532424927 -404.8376159667969
* 0.5503941178321838 -0.20421363413333893 0.8095462918281555 -106.47604370117188 0.4100903868675232 0.910721480846405 -0.04907747730612755 55.070709228515625 -0.7272502779960632 0.35900193452835083 0.5850012898445129 -404.33673095703125
* 0.5508517622947693 -0.20375056564807892 0.8093516230583191 -106.07389068603516 0.4093415439128876 0.911048948764801 -0.04925009608268738 55.246273040771484 -0.7273256182670593 0.3584336042404175 0.585256040096283 -404.014404296875
* 0.5509995818138123 -0.20379473268985748 0.80923992395401 -105.7325210571289 0.41101837158203125 0.9102178812026978 -0.050632964819669724 55.385311126708984 -0.7262672781944275 0.3605140447616577 0.5852925777435303 -403.9424743652344
* 0.5521721839904785 -0.20314866304397583 0.8086028099060059 -105.28128051757813 0.41030314564704895 0.9104953408241272 -0.05143802985548973 55.489688873291016 -0.7257809638977051 0.36017778515815735 0.5861022472381592 -403.6728210449219
* 0.5516518950462341 -0.2038308084011078 0.808786153793335 -104.67926025390625 0.40970852971076965 0.9108486175537109 -0.04989992827177048 55.53180694580078 -0.72651207447052 0.35889682173728943 0.5859821438789368 -403.5271911621094
* 0.5533362627029419 -0.20458267629146576 0.8074445724487305 -104.04193878173828 0.40935999155044556 0.9110157489776611 -0.049708157777786255 55.634056091308594 -0.7254268527030945 0.35804370045661926 0.5878455638885498 -403.6582336425781
