#
#
#
#
#
#
#
#
#
#
#
#
#
#
#
#
#
#
#
#
#
#
#
#
#
#
#
#
#
#
#
#
#
#
#
#
#
#
#
#
#
#
#
#
#
#
#
#
#
#
#
#
#
#
#
#
#
#
#
#
#
#
#
#
#
#
#
#
#
#
#
#
#
#
#
#
#
#
#
#
#
#
#
#
#
#
#
#
#
#
#
#
#
#
#
#
#
#
#
#
#
#
#
#
#
#
#
#
#
#
#
#
#
#
#
#
#
#
#
#
#
#
#
#
#
#
#
#
#
#
#
#
#
#
#
#
#
#
#
#
#
#
#
#
#
#
*1 0.8918604254722595 -0.0984874814748764 0.44145381450653076 -447.94287109375
*1 0.8918604254722595 -0.0984874814748764 0.44145381450653076 -447.94287109375
*2 -0.004785891622304916 0.9739047288894653 0.2269132435321808 520.4992065429688
*1 0.8918604254722595 -0.0984874814748764 0.44145381450653076 -447.94287109375
*2 -0.004785891622304916 0.9739047288894653 0.2269132435321808 520.4992065429688
*3 -0.4522845447063446 -0.20450051128864288 0.8681103587150574 -2571.341552734375
#
*1 0.9456503391265869 0.04753907024860382 0.3216913342475891 -451.05364990234375
*1 0.9456503391265869 0.04753907024860382 0.3216913342475891 -451.05364990234375
*2 0.1016484797000885 0.896467924118042 -0.4312919080257416 450.45458984375
*1 0.9456503391265869 0.04753907024860382 0.3216913342475891 -451.05364990234375
*2 0.1016484797000885 0.896467924118042 -0.4312919080257416 450.45458984375
*3 -0.3088911473751068 0.44055092334747314 0.8429124355316162 -2493.337646484375
*1 0.8684929013252258 0.04584112763404846 0.49357742071151733 -443.3651428222656
*1 0.8684929013252258 0.04584112763404846 0.49357742071151733 -443.3651428222656
*2 0.10122711956501007 0.9583299160003662 -0.2671267092227936 415.105224609375
*1 0.8684929013252258 0.04584112763404846 0.49357742071151733 -443.3651428222656
*2 0.10122711956501007 0.9583299160003662 -0.2671267092227936 415.105224609375
*3 -0.48525723814964294 0.2819611728191376 0.8276615142822266 -2378.01708984375
*1 0.9991538524627686 0.0030072061344981194 -0.0410197377204895 -464.9951171875
*1 0.9991538524627686 0.0030072061344981194 -0.0410197377204895 -464.9951171875
*2 -0.015099599957466125 0.9545164108276367 -0.297775536775589 420.90362548828125
*1 0.9991538524627686 0.0030072061344981194 -0.0410197377204895 -464.9951171875
*2 -0.015099599957466125 0.9545164108276367 -0.297775536775589 420.90362548828125
*3 0.038256481289863586 0.2981431484222412 0.9537544250488281 -2460.262939453125
*1 0.9998962879180908 0.0011226329952478409 0.014361761510372162 -456.3306884765625
*1 0.9998962879180908 0.0011226329952478409 0.014361761510372162 -456.3306884765625
*2 2.0075403153896332E-4 0.995764970779419 -0.0919342041015625 406.3860778808594
*1 0.9998962879180908 0.0011226329952478409 0.014361761510372162 -456.3306884765625
*2 2.0075403153896332E-4 0.995764970779419 -0.0919342041015625 406.3860778808594
*3 -0.014406219124794006 0.09192770719528198 0.9956616759300232 -2423.64697265625
#
*1 0.9793397784233093 0.015621166676282883 -0.20161674916744232 -404.3153076171875
*1 0.9793397784233093 0.015621166676282883 -0.20161674916744232 -404.3153076171875
*2 -0.03216717392206192 0.9963499903678894 -0.07906955480575562 403.03564453125
*1 0.9793397784233093 0.015621166676282883 -0.20161674916744232 -404.3153076171875
*2 -0.03216717392206192 0.9963499903678894 -0.07906955480575562 403.03564453125
*3 0.1996457427740097 0.08392147719860077 0.9762678146362305 -2382.66796875
*1 0.9795993566513062 0.015514375641942024 -0.20036044716835022 -391.4922180175781
*1 0.9795993566513062 0.015514375641942024 -0.20036044716835022 -391.4922180175781
*2 -0.03556247428059578 0.9946616291999817 -0.09686904400587082 396.84014892578125
*1 0.9795993566513062 0.015514375641942024 -0.20036044716835022 -391.4922180175781
*2 -0.03556247428059578 0.9946616291999817 -0.09686904400587082 396.84014892578125
*3 0.1977880299091339 0.10201823711395264 0.974921703338623 -2385.2490234375
*1 0.9969474673271179 0.0036541831213980913 -0.07798875868320465 -392.2362060546875
*1 0.9969474673271179 0.0036541831213980913 -0.07798875868320465 -392.2362060546875
*2 -0.010604381561279297 0.9959810972213745 -0.0889335349202156 399.1020812988281
*1 0.9969474673271179 0.0036541831213980913 -0.07798875868320465 -392.2362060546875
*2 -0.010604381561279297 0.9959810972213745 -0.0889335349202156 399.1020812988281
*3 0.07735037803649902 0.0894891545176506 0.9929797053337097 -2466.049072265625
*1 0.9975610971450806 -0.023886632174253464 0.06558100134134293 -379.5433349609375
*1 0.9975610971450806 -0.023886632174253464 0.06558100134134293 -379.5433349609375
*2 0.01264795009046793 0.985916018486023 0.16676180064678192 380.6839904785156
*1 0.9975610971450806 -0.023886632174253464 0.06558100134134293 -379.5433349609375
*2 0.01264795009046793 0.985916018486023 0.16676180064678192 380.6839904785156
*3 -0.06864072382450104 -0.16552560031414032 0.9838137626647949 -2446.219482421875
#
#
*1 0.9896219372749329 0.014405746012926102 -0.14292669296264648 -377.5108337402344
*1 0.9896219372749329 0.014405746012926102 -0.14292669296264648 -377.5108337402344
*2 -0.016000136733055115 0.99982088804245 -0.011213671416044235 304.664794921875
*1 0.9896219372749329 0.014405746012926102 -0.14292669296264648 -377.5108337402344
*2 -0.016000136733055115 0.99982088804245 -0.011213671416044235 304.664794921875
*3 0.1426333636045456 0.013370823115110397 0.9896880388259888 -2440.626708984375
*1 0.9870617389678955 0.01368233747780323 -0.15971556305885315 -375.07470703125
*1 0.9870617389678955 0.01368233747780323 -0.15971556305885315 -375.07470703125
*2 -0.02100195549428463 0.9987639784812927 -0.045309290289878845 295.485107421875
*1 0.9870617389678955 0.01368233747780323 -0.15971556305885315 -375.07470703125
*2 -0.02100195549428463 0.9987639784812927 -0.045309290289878845 295.485107421875
*3 0.15879231691360474 0.048064086586236954 0.9861441850662231 -2353.466064453125
*1 0.9914379715919495 0.012454486452043056 -0.12993361055850983 -397.8568420410156
*1 0.9914379715919495 0.012454486452043056 -0.12993361055850983 -397.8568420410156
*2 -0.020130593329668045 0.9980514049530029 -0.05925966054201126 308.47918701171875
*1 0.9914379715919495 0.012454486452043056 -0.12993361055850983 -397.8568420410156
*2 -0.020130593329668045 0.9980514049530029 -0.05925966054201126 308.47918701171875
*3 0.12883606553077698 0.06135471165180206 0.9897688031196594 -2444.912109375
*1 0.9670263528823853 0.03275824338197708 -0.2525354325771332 -396.5566711425781
*1 0.9670263528823853 0.03275824338197708 -0.2525354325771332 -396.5566711425781
*2 -0.044368043541908264 0.9981814026832581 -0.04109599441289902 303.3294372558594
*1 0.9670263528823853 0.03275824338197708 -0.2525354325771332 -396.5566711425781
*2 -0.044368043541908264 0.9981814026832581 -0.04109599441289902 303.3294372558594
*3 0.25062620639801025 0.050930045545101166 0.9667461514472961 -2362.474609375
*1 0.9743127226829529 0.0024124961346387863 -0.22515808045864105 -409.3635559082031
*1 0.9743127226829529 0.0024124961346387863 -0.22515808045864105 -409.3635559082031
*2 -0.025080200284719467 0.9948197603225708 -0.09863178431987762 306.3052673339844
*1 0.9743127226829529 0.0024124961346387863 -0.22515808045864105 -409.3635559082031
*2 -0.025080200284719467 0.9948197603225708 -0.09863178431987762 306.3052673339844
*3 0.22364908456802368 0.10173299163579941 0.9693487882614136 -2364.421630859375
*1 0.9786312580108643 0.024611927568912506 -0.20411346852779388 -420.30828857421875
*1 0.9786312580108643 0.024611927568912506 -0.20411346852779388 -420.30828857421875
*2 -0.028479624539613724 0.9994637370109558 -0.016873545944690704 305.6766052246094
*1 0.9786312580108643 0.024611927568912506 -0.20411346852779388 -420.30828857421875
*2 -0.028479624539613724 0.9994637370109558 -0.016873545944690704 305.6766052246094
*3 0.2034836709499359 0.02231159806251526 0.9788269400596619 -2358.77734375
*1 0.9770914316177368 0.010710039176046848 -0.2125202715396881 -433.072265625
*1 0.9770914316177368 0.010710039176046848 -0.2125202715396881 -433.072265625
*2 -0.025208331644535065 0.9974837899208069 -0.06643858551979065 308.9692687988281
*1 0.9770914316177368 0.010710039176046848 -0.2125202715396881 -433.072265625
*2 -0.025208331644535065 0.9974837899208069 -0.06643858551979065 308.9692687988281
*3 0.2111690491437912 0.07026078552007675 0.9749239087104797 -2360.38134765625
*1 0.9928200840950012 0.017529603093862534 -0.11827196925878525 -453.70318603515625
*1 0.9928200840950012 0.017529603093862534 -0.11827196925878525 -453.70318603515625
*2 -0.02782898209989071 0.9957901835441589 -0.08746913820505142 321.4302062988281
*1 0.9928200840950012 0.017529603093862534 -0.11827196925878525 -453.70318603515625
*2 -0.02782898209989071 0.9957901835441589 -0.08746913820505142 321.4302062988281
*3 0.11613443493843079 0.09011867642402649 0.9891394972801208 -2422.84619140625
*1 0.985678493976593 0.010540453717112541 -0.16826803982257843 -462.7648010253906
*1 0.985678493976593 0.010540453717112541 -0.16826803982257843 -462.7648010253906
*2 -0.015393632464110851 0.9994845390319824 -0.02858482301235199 326.6880187988281
*1 0.985678493976593 0.010540453717112541 -0.16826803982257843 -462.7648010253906
*2 -0.015393632464110851 0.9994845390319824 -0.02858482301235199 326.6880187988281
*3 0.16777415573596954 0.03075272962450981 0.9853485226631165 -2412.7900390625
*1 0.9933885931968689 8.136788383126259E-4 -0.11474218964576721 -469.97900390625
*1 0.9933885931968689 8.136788383126259E-4 -0.11474218964576721 -469.97900390625
*2 -0.009551859460771084 0.9969875812530518 -0.07712294161319733 327.5758056640625
*1 0.9933885931968689 8.136788383126259E-4 -0.11474218964576721 -469.97900390625
*2 -0.009551859460771084 0.9969875812530518 -0.07712294161319733 327.5758056640625
*3 0.11422719061374664 0.0776970237493515 0.9904145002365112 -2398.378662109375
*1 0.9997286200523376 -0.014690499752759933 -0.01772586815059185 -485.626953125
*1 0.9997286200523376 -0.014690499752759933 -0.01772586815059185 -485.626953125
*2 0.014724084176123142 0.9998719692230225 -0.007913733832538128 340.0565490722656
*1 0.9997286200523376 -0.014690499752759933 -0.01772586815059185 -485.626953125
*2 0.014724084176123142 0.9998719692230225 -0.007913733832538128 340.0565490722656
*3 0.017732542008161545 0.007640367839485407 0.9998164772987366 -2438.37548828125
*1 0.9945265054702759 -0.06089802086353302 0.08482696115970612 -487.6902770996094
*1 0.9945265054702759 -0.06089802086353302 0.08482696115970612 -487.6902770996094
*2 0.043000541627407074 0.9787542819976807 0.2005349099636078 351.86798095703125
*1 0.9945265054702759 -0.06089802086353302 0.08482696115970612 -487.6902770996094
*2 0.043000541627407074 0.9787542819976807 0.2005349099636078 351.86798095703125
*3 -0.09534376859664917 -0.1957942247390747 0.976002037525177 -2435.6806640625
*1 0.9980634450912476 -0.0341930091381073 0.051839910447597504 -488.6210632324219
*1 0.9980634450912476 -0.0341930091381073 0.051839910447597504 -488.6210632324219
*2 0.04210800305008888 0.9867903590202332 -0.15650871396064758 361.3960876464844
*1 0.9980634450912476 -0.0341930091381073 0.051839910447597504 -488.6210632324219
*2 0.04210800305008888 0.9867903590202332 -0.15650871396064758 361.3960876464844
*3 -0.04591095447540283 0.15838022530078888 0.9863131642341614 -2426.414306640625
*1 0.998651921749115 -0.03396176919341087 0.039090678095817566 -493.0442810058594
*1 0.998651921749115 -0.03396176919341087 0.039090678095817566 -493.0442810058594
*2 0.026700714603066444 0.9838542938232422 0.17703470587730408 353.6807861328125
*1 0.998651921749115 -0.03396176919341087 0.039090678095817566 -493.0442810058594
*2 0.026700714603066444 0.9838542938232422 0.17703470587730408 353.6807861328125
*3 -0.044579166918992996 -0.17575974762439728 0.9834260940551758 -2440.68310546875
#
*1 0.9954112768173218 -0.0435965321958065 -0.08518470823764801 -475.4991760253906
*1 0.9954112768173218 -0.0435965321958065 -0.08518470823764801 -475.4991760253906
*2 0.05939766764640808 0.9794067144393921 0.19296027719974518 286.0413513183594
*1 0.9954112768173218 -0.0435965321958065 -0.08518470823764801 -475.4991760253906
*2 0.05939766764640808 0.9794067144393921 0.19296027719974518 286.0413513183594
*3 0.07501818239688873 -0.19713497161865234 0.9775019884109497 -2385.061279296875
*1 0.990763783454895 -0.018008757382631302 0.13440009951591492 -488.06842041015625
*1 0.990763783454895 -0.018008757382631302 0.13440009951591492 -488.06842041015625
*2 0.02879234403371811 0.9964733719825745 -0.07880999147891998 293.5221862792969
*1 0.990763783454895 -0.018008757382631302 0.13440009951591492 -488.06842041015625
*2 0.02879234403371811 0.9964733719825745 -0.07880999147891998 293.5221862792969
*3 -0.13250675797462463 0.08195144683122635 0.9877884984016418 -2462.384521484375
*1 0.9912047386169434 -0.05005045607686043 0.1225094422698021 -493.23126220703125
*1 0.9912047386169434 -0.05005045607686043 0.1225094422698021 -493.23126220703125
*2 0.03925197571516037 0.9952629804611206 0.08893783390522003 306.9637145996094
*1 0.9912047386169434 -0.05005045607686043 0.1225094422698021 -493.23126220703125
*2 0.03925197571516037 0.9952629804611206 0.08893783390522003 306.9637145996094
*3 -0.1263803243637085 -0.08334723114967346 0.9884743094444275 -2477.865966796875
*1 0.9977928996086121 -0.06531024724245071 -0.012015290558338165 -482.81842041015625
*1 0.9977928996086121 -0.06531024724245071 -0.012015290558338165 -482.81842041015625
*2 0.06539406627416611 0.9978296160697937 0.007667824625968933 311.5980224609375
*1 0.9977928996086121 -0.06531024724245071 -0.012015290558338165 -482.81842041015625
*2 0.06539406627416611 0.9978296160697937 0.007667824625968933 311.5980224609375
*3 0.01148863136768341 -0.00843697041273117 0.9998984932899475 -2432.425048828125
*1 0.9990411996841431 -0.043781742453575134 -6.45853579044342E-4 -478.9641418457031
*1 0.9990411996841431 -0.043781742453575134 -6.45853579044342E-4 -478.9641418457031
*2 0.04286191985011101 0.975091278553009 0.21762129664421082 324.7215270996094
*1 0.9990411996841431 -0.043781742453575134 -6.45853579044342E-4 -478.9641418457031
*2 0.04286191985011101 0.975091278553009 0.21762129664421082 324.7215270996094
*3 -0.008897863328456879 -0.217440664768219 0.9760330319404602 -2436.436767578125
*1 0.9895336627960205 -0.0715518593788147 0.125315323472023 -486.95697021484375
*1 0.9895336627960205 -0.0715518593788147 0.125315323472023 -486.95697021484375
*2 0.05188380181789398 0.9867637753486633 0.1536370813846588 352.2677307128906
*1 0.9895336627960205 -0.0715518593788147 0.125315323472023 -486.95697021484375
*2 0.05188380181789398 0.9867637753486633 0.1536370813846588 352.2677307128906
*3 -0.13464948534965515 -0.14552754163742065 0.9801486134529114 -2510.3974609375
*1 0.9938398599624634 -0.03900236636400223 0.10373800247907639 -501.51995849609375
*1 0.9938398599624634 -0.03900236636400223 0.10373800247907639 -501.51995849609375
*2 0.04915042594075203 0.9940451979637146 -0.09724944829940796 393.6076965332031
*1 0.9938398599624634 -0.03900236636400223 0.10373800247907639 -501.51995849609375
*2 0.04915042594075203 0.9940451979637146 -0.09724944829940796 393.6076965332031
*3 -0.09932712465524673 0.10174889862537384 0.9898390769958496 -2656.937744140625
#
#
*1 -0.9823247194290161 0.16596132516860962 0.08658122271299362 -493.0963439941406
*1 -0.9823247194290161 0.16596132516860962 0.08658122271299362 -493.0963439941406
*2 0.01726393774151802 -0.38024672865867615 0.9247245192527771 483.0834655761719
*1 -0.9823247194290161 0.16596132516860962 0.08658122271299362 -493.0963439941406
*2 0.01726393774151802 -0.38024672865867615 0.9247245192527771 483.0834655761719
*3 0.1863926202058792 0.9098734855651855 0.37066221237182617 -3348.415283203125
*1 -0.9606912732124329 0.26199010014533997 0.09184149652719498 -404.87152099609375
*1 -0.9606912732124329 0.26199010014533997 0.09184149652719498 -404.87152099609375
*2 -0.016548534855246544 -0.3842725157737732 0.9230719804763794 443.7475891113281
*1 -0.9606912732124329 0.26199010014533997 0.09184149652719498 -404.87152099609375
*2 -0.016548534855246544 -0.3842725157737732 0.9230719804763794 443.7475891113281
*3 0.27712973952293396 0.8852661848068237 0.3735043406486511 -3118.2607421875
#
#
#
#
*1 -0.9983519911766052 0.059403304010629654 0.026600614190101624 -54.31814193725586
*1 -0.9983519911766052 0.059403304010629654 0.026600614190101624 -54.31814193725586
*2 -6.127804517745972E-4 -0.41315555572509766 0.9106976389884949 510.5390319824219
*1 -0.9983519911766052 0.059403304010629654 0.026600614190101624 -54.31814193725586
*2 -6.127804517745972E-4 -0.41315555572509766 0.9106976389884949 510.5390319824219
*3 0.06576693058013916 0.908719539642334 0.41218301653862 -3729.08935546875
#
#
#
#
*1 0.9026007652282715 0.006145581603050232 -0.4304370880126953 149.82164001464844
*1 0.9026007652282715 0.006145581603050232 -0.4304370880126953 149.82164001464844
*2 -0.09344128519296646 0.9788544774055481 -0.18197067081928253 414.0316467285156
*1 0.9026007652282715 0.006145581603050232 -0.4304370880126953 149.82164001464844
*2 -0.09344128519296646 0.9788544774055481 -0.18197067081928253 414.0316467285156
*3 0.42021650075912476 0.20446914434432983 0.8840867280960083 -2480.779052734375
*1 0.9009425044059753 0.035834867507219315 -0.43245869874954224 165.2302703857422
*1 0.9009425044059753 0.035834867507219315 -0.43245869874954224 165.2302703857422
*2 -0.07641174644231796 0.9941130876541138 -0.07681904733181 405.3771667480469
*1 0.9009425044059753 0.035834867507219315 -0.43245869874954224 165.2302703857422
*2 -0.07641174644231796 0.9941130876541138 -0.07681904733181 405.3771667480469
*3 0.4271595776081085 0.1022563949227333 0.8983747959136963 -2379.00634765625
*1 0.9002787470817566 0.04414448142051697 -0.4330720007419586 181.93508911132813
*1 0.9002787470817566 0.04414448142051697 -0.4330720007419586 181.93508911132813
*2 -0.10874848067760468 0.9861085414886475 -0.12555678188800812 400.99835205078125
*1 0.9002787470817566 0.04414448142051697 -0.4330720007419586 181.93508911132813
*2 -0.10874848067760468 0.9861085414886475 -0.12555678188800812 400.99835205078125
*3 0.42151278257369995 0.16013383865356445 0.8925711512565613 -2339.402099609375
*1 0.8825345635414124 0.036767903715372086 -0.4688098728656769 194.83349609375
*1 0.8825345635414124 0.036767903715372086 -0.4688098728656769 194.83349609375
*2 -0.08702835440635681 0.9924874305725098 -0.08599713444709778 393.2209777832031
*1 0.8825345635414124 0.036767903715372086 -0.4688098728656769 194.83349609375
*2 -0.08702835440635681 0.9924874305725098 -0.08599713444709778 393.2209777832031
*3 0.46212539076805115 0.11669710278511047 0.8791024088859558 -2300.436767578125
*1 0.902515709400177 0.028196169063448906 -0.4297350347042084 213.68276977539063
*1 0.902515709400177 0.028196169063448906 -0.4297350347042084 213.68276977539063
*2 -0.10351183265447617 0.9828039407730103 -0.15291333198547363 402.49114990234375
*1 0.902515709400177 0.028196169063448906 -0.4297350347042084 213.68276977539063
*2 -0.10351183265447617 0.9828039407730103 -0.15291333198547363 402.49114990234375
*3 0.4180331826210022 0.18249109387397766 0.8899125456809998 -2336.462890625
*1 0.9386557936668396 0.04262872412800789 -0.34221339225769043 230.2987060546875
*1 0.9386557936668396 0.04262872412800789 -0.34221339225769043 230.2987060546875
*2 -0.09091217815876007 0.987815260887146 -0.1263200342655182 407.23834228515625
*1 0.9386557936668396 0.04262872412800789 -0.34221339225769043 230.2987060546875
*2 -0.09091217815876007 0.987815260887146 -0.1263200342655182 407.23834228515625
*3 0.33265841007232666 0.14968420565128326 0.9310919046401978 -2357.050537109375
*1 0.9300328493118286 0.044420238584280014 -0.3647843599319458 240.6290283203125
*1 0.9300328493118286 0.044420238584280014 -0.3647843599319458 240.6290283203125
*2 -0.08991532772779465 0.9900004863739014 -0.10869596898555756 398.4412536621094
*1 0.9300328493118286 0.044420238584280014 -0.3647843599319458 240.6290283203125
*2 -0.08991532772779465 0.9900004863739014 -0.10869596898555756 398.4412536621094
*3 0.3563080430030823 0.13389235734939575 0.9247251749038696 -2335.392822265625
*1 0.9244551062583923 0.01361275278031826 -0.3810501992702484 250.46371459960938
*1 0.9244551062583923 0.01361275278031826 -0.3810501992702484 250.46371459960938
*2 -0.08144675195217133 0.9833461046218872 -0.16247273981571198 388.5360412597656
*1 0.9244551062583923 0.01361275278031826 -0.3810501992702484 250.46371459960938
*2 -0.08144675195217133 0.9833461046218872 -0.16247273981571198 388.5360412597656
*3 0.37249213457107544 0.18123577535152435 0.9101661443710327 -2312.469970703125
*1 0.9260299801826477 0.02176884561777115 -0.37682396173477173 265.5863952636719
*1 0.9260299801826477 0.02176884561777115 -0.37682396173477173 265.5863952636719
*2 -0.10030192881822586 0.9766327142715454 -0.19007515907287598 386.6527099609375
*1 0.9260299801826477 0.02176884561777115 -0.37682396173477173 265.5863952636719
*2 -0.10030192881822586 0.9766327142715454 -0.19007515907287598 386.6527099609375
*3 0.3638804852962494 0.21381314098834991 0.9065727591514587 -2341.4208984375
*1 0.8942216634750366 0.06719053536653519 -0.4425547420978546 273.5685119628906
*1 0.8942216634750366 0.06719053536653519 -0.4425547420978546 273.5685119628906
*2 -0.09708771854639053 0.9942479133605957 -0.04522908478975296 374.2178039550781
*1 0.8942216634750366 0.06719053536653519 -0.4425547420978546 273.5685119628906
*2 -0.09708771854639053 0.9942479133605957 -0.04522908478975296 374.2178039550781
*3 0.4369696378707886 0.08341339230537415 0.8955997824668884 -2298.317626953125
*1 0.9534239768981934 0.06383185088634491 -0.2948046028614044 288.5811462402344
*1 0.9534239768981934 0.06383185088634491 -0.2948046028614044 288.5811462402344
*2 -0.0914035215973854 0.9925382137298584 -0.08070839941501617 374.0057678222656
*1 0.9534239768981934 0.06383185088634491 -0.2948046028614044 288.5811462402344
*2 -0.0914035215973854 0.9925382137298584 -0.08070839941501617 374.0057678222656
*3 0.2874528765678406 0.10389740020036697 0.9521424174308777 -2324.390380859375
*1 0.9925111532211304 0.045950859785079956 -0.11318887770175934 303.9578857421875
*1 0.9925111532211304 0.045950859785079956 -0.11318887770175934 303.9578857421875
*2 -0.06383289396762848 0.9850770831108093 -0.15984046459197998 374.65069580078125
*1 0.9925111532211304 0.045950859785079956 -0.11318887770175934 303.9578857421875
*2 -0.06383289396762848 0.9850770831108093 -0.15984046459197998 374.65069580078125
*3 0.10415513813495636 0.16587039828300476 0.9806313514709473 -2379.309326171875
*1 0.9737306237220764 0.04946327954530716 0.22226989269256592 322.67413330078125
*1 0.9737306237220764 0.04946327954530716 0.22226989269256592 322.67413330078125
*2 0.022581569850444794 0.9503377079963684 -0.3104007840156555 374.17938232421875
*1 0.9737306237220764 0.04946327954530716 0.22226989269256592 322.67413330078125
*2 0.022581569850444794 0.9503377079963684 -0.3104007840156555 374.17938232421875
*3 -0.2265840470790863 0.3072673976421356 0.9242540597915649 -2484.476318359375
*1 0.9993953704833984 0.02231478877365589 0.02669811062514782 294.4240417480469
*1 0.9993953704833984 0.02231478877365589 0.02669811062514782 294.4240417480469
*2 -0.007604047656059265 0.8888330459594727 -0.4581685960292816 325.6369323730469
*1 0.9993953704833984 0.02231478877365589 0.02669811062514782 294.4240417480469
*2 -0.007604047656059265 0.8888330459594727 -0.4581685960292816 325.6369323730469
*3 -0.033953581005334854 0.45768964290618896 0.8884629607200623 -2260.404296875
*1 0.9933199882507324 0.03953130170702934 0.10841792076826096 299.4684753417969
*1 0.9933199882507324 0.03953130170702934 0.10841792076826096 299.4684753417969
*2 -0.04558102786540985 0.9975043535232544 0.05392421782016754 330.9588317871094
*1 0.9933199882507324 0.03953130170702934 0.10841792076826096 299.4684753417969
*2 -0.04558102786540985 0.9975043535232544 0.05392421782016754 330.9588317871094
*3 -0.10601510852575302 -0.058503657579422 0.9926415681838989 -2349.57470703125
#
#
#
#
#
*1 0.9997802376747131 0.012800970114767551 0.016873788088560104 137.03506469726563
*1 0.9997802376747131 0.012800970114767551 0.016873788088560104 137.03506469726563
*2 0.015811705961823463 0.07910533994436264 -0.9967409372329712 478.9972229003906
*1 0.9997802376747131 0.012800970114767551 0.016873788088560104 137.03506469726563
*2 0.015811705961823463 0.07910533994436264 -0.9967409372329712 478.9972229003906
*3 -0.014089275151491165 0.9967842698097229 0.07888393104076385 -2972.760986328125
#
#
*1 0.8887364268302917 0.02098974585533142 -0.45793628692626953 25.70318603515625
*1 0.8887364268302917 0.02098974585533142 -0.45793628692626953 25.70318603515625
*2 -0.04986662045121193 0.9974496960639954 -0.05105692893266678 351.4496765136719
*1 0.8887364268302917 0.02098974585533142 -0.45793628692626953 25.70318603515625
*2 -0.04986662045121193 0.9974496960639954 -0.05105692893266678 351.4496765136719
*3 0.4556969404220581 0.0682109072804451 0.8875178098678589 -2386.071533203125
*1 0.8831261396408081 0.016004495322704315 -0.4688612222671509 4.501918792724609
*1 0.8831261396408081 0.016004495322704315 -0.4688612222671509 4.501918792724609
*2 -0.04758398234844208 0.9973194003105164 -0.055581096559762955 344.7169494628906
*1 0.8831261396408081 0.016004495322704315 -0.4688612222671509 4.501918792724609
*2 -0.04758398234844208 0.9973194003105164 -0.055581096559762955 344.7169494628906
*3 0.466715008020401 0.0713944360613823 0.8815215826034546 -2335.5419921875
*1 0.8923524618148804 0.02738269418478012 -0.45050644874572754 -16.567691802978516
*1 0.8923524618148804 0.02738269418478012 -0.45050644874572754 -16.567691802978516
*2 -0.0672919973731041 0.9950731992721558 -0.07280510663986206 351.98370361328125
*1 0.8923524618148804 0.02738269418478012 -0.45050644874572754 -16.567691802978516
*2 -0.0672919973731041 0.9950731992721558 -0.07280510663986206 351.98370361328125
*3 0.4462934136390686 0.09528234601020813 0.8897998332977295 -2365.721435546875
#
#
#
#
#
#
*1 -0.9870853424072266 -0.13793796300888062 0.08146057277917862 -308.6947326660156
*1 -0.9870853424072266 -0.13793796300888062 0.08146057277917862 -308.6947326660156
*2 -0.06726106256246567 -0.10465230792760849 -0.9922342300415039 389.0043029785156
*1 -0.9870853424072266 -0.13793796300888062 0.08146057277917862 -308.6947326660156
*2 -0.06726106256246567 -0.10465230792760849 -0.9922342300415039 389.0043029785156
*3 0.14539170265197754 -0.9848963022232056 0.09402059763669968 -3075.071044921875
#
#
#
#
#
#
#
#
#
*1 0.9840359687805176 -0.044698454439640045 -0.17226529121398926 -722.952392578125
*1 0.9840359687805176 -0.044698454439640045 -0.17226529121398926 -722.952392578125
*2 0.03394389897584915 0.9973151087760925 -0.06488467752933502 319.2522277832031
*1 0.9840359687805176 -0.044698454439640045 -0.17226529121398926 -722.952392578125
*2 0.03394389897584915 0.9973151087760925 -0.06488467752933502 319.2522277832031
*3 0.17470461130142212 0.05800073966383934 0.982910692691803 -2408.10986328125
*1 0.9967794418334961 -0.03383728116750717 0.0727030485868454 -730.0468139648438
*1 0.9967794418334961 -0.03383728116750717 0.0727030485868454 -730.0468139648438
*2 0.04478703811764717 0.9869475960731506 -0.1546870917081833 317.65533447265625
*1 0.9967794418334961 -0.03383728116750717 0.0727030485868454 -730.0468139648438
*2 0.04478703811764717 0.9869475960731506 -0.1546870917081833 317.65533447265625
*3 -0.06651821732521057 0.1574443280696869 0.9852846264839172 -2386.262939453125
*1 0.9982016682624817 -0.059366125613451004 -0.008313469588756561 -723.9327392578125
*1 0.9982016682624817 -0.059366125613451004 -0.008313469588756561 -723.9327392578125
*2 0.0594465397298336 0.9981843829154968 0.00966661423444748 318.8753662109375
*1 0.9982016682624817 -0.059366125613451004 -0.008313469588756561 -723.9327392578125
*2 0.0594465397298336 0.9981843829154968 0.00966661423444748 318.8753662109375
*3 0.0077261850237846375 -0.010144196450710297 0.9999182224273682 -2363.146728515625
*1 0.9967430830001831 -0.05716231092810631 0.056883618235588074 -749.6416015625
*1 0.9967430830001831 -0.05716231092810631 0.056883618235588074 -749.6416015625
*2 0.06063230335712433 0.9962786436080933 -0.06125326454639435 343.76666259765625
*1 0.9967430830001831 -0.05716231092810631 0.056883618235588074 -749.6416015625
*2 0.06063230335712433 0.9962786436080933 -0.06125326454639435 343.76666259765625
*3 -0.05316887050867081 0.06450197845697403 0.9964996576309204 -2472.444091796875
*1 0.9945880174636841 -0.037667255848646164 -0.09683060646057129 -720.4605712890625
*1 0.9945880174636841 -0.037667255848646164 -0.09683060646057129 -720.4605712890625
*2 0.021941009908914566 0.9870945811271667 -0.15862604975700378 347.8904724121094
*1 0.9945880174636841 -0.037667255848646164 -0.09683060646057129 -720.4605712890625
*2 0.021941009908914566 0.9870945811271667 -0.15862604975700378 347.8904724121094
*3 0.1015576422214508 0.15564221143722534 0.982578456401825 -2419.51025390625
*1 0.9873507618904114 -0.05726175010204315 -0.14785067737102509 -693.119384765625
*1 0.9873507618904114 -0.05726175010204315 -0.14785067737102509 -693.119384765625
*2 0.047522228211164474 0.996511697769165 -0.06859549880027771 348.9744873046875
*1 0.9873507618904114 -0.05726175010204315 -0.14785067737102509 -693.119384765625
*2 0.047522228211164474 0.996511697769165 -0.06859549880027771 348.9744873046875
*3 0.15126444399356842 0.06070082634687424 0.9866272211074829 -2385.365478515625
*1 0.983763575553894 -0.05055994912981987 -0.1722010374069214 -666.0743408203125
*1 0.983763575553894 -0.05055994912981987 -0.1722010374069214 -666.0743408203125
*2 0.03772757202386856 0.9963165521621704 -0.07700127363204956 344.7336120605469
*1 0.983763575553894 -0.05055994912981987 -0.1722010374069214 -666.0743408203125
*2 0.03772757202386856 0.9963165521621704 -0.07700127363204956 344.7336120605469
*3 0.1754615306854248 0.06925354152917862 0.9820468425750732 -2353.204345703125
*1 0.9808752536773682 -0.031491395086050034 -0.19207365810871124 -657.4326782226563
*1 0.9808752536773682 -0.031491395086050034 -0.19207365810871124 -657.4326782226563
*2 0.014632915146648884 0.9959619641304016 -0.0885709747672081 346.96136474609375
*1 0.9808752536773682 -0.031491395086050034 -0.19207365810871124 -657.4326782226563
*2 0.014632915146648884 0.9959619641304016 -0.0885709747672081 346.96136474609375
*3 0.1940888911485672 0.08406573534011841 0.9773746728897095 -2385.966796875
*1 0.9844359755516052 -0.018202971667051315 -0.17479872703552246 -637.1339111328125
*1 0.9844359755516052 -0.018202971667051315 -0.17479872703552246 -637.1339111328125
*2 -0.009798847138881683 0.9873877763748169 -0.15801438689231873 342.9314880371094
*1 0.9844359755516052 -0.018202971667051315 -0.17479872703552246 -637.1339111328125
*2 -0.009798847138881683 0.9873877763748169 -0.15801438689231873 342.9314880371094
*3 0.17547209560871124 0.15726713836193085 0.9718412756919861 -2377.363037109375
*1 0.987415075302124 -0.007009214721620083 -0.15799549221992493 -619.787353515625
*1 0.987415075302124 -0.007009214721620083 -0.15799549221992493 -619.787353515625
*2 -0.018673688173294067 0.9868603348731995 -0.160490483045578 338.8417663574219
*1 0.987415075302124 -0.007009214721620083 -0.15799549221992493 -619.787353515625
*2 -0.018673688173294067 0.9868603348731995 -0.160490483045578 338.8417663574219
*3 0.15704604983329773 0.16142037510871887 0.9743094444274902 -2371.0654296875
*1 0.994916558265686 -0.044484954327344894 -0.09034593403339386 -614.1067504882813
*1 0.994916558265686 -0.044484954327344894 -0.09034593403339386 -614.1067504882813
*2 0.03916877135634422 0.9974413514137268 -0.059797585010528564 341.4916076660156
*1 0.994916558265686 -0.044484954327344894 -0.09034593403339386 -614.1067504882813
*2 0.03916877135634422 0.9974413514137268 -0.059797585010528564 341.4916076660156
*3 0.09277649968862534 0.05595410615205765 0.9941129684448242 -2396.732177734375
*1 0.995116114616394 -0.0075908321887254715 -0.09842005372047424 -599.5020751953125
*1 0.995116114616394 -0.0075908321887254715 -0.09842005372047424 -599.5020751953125
*2 -0.004821973852813244 0.9921090006828308 -0.1252829134464264 340.2879638671875
*1 0.995116114616394 -0.0075908321887254715 -0.09842005372047424 -599.5020751953125
*2 -0.004821973852813244 0.9921090006828308 -0.1252829134464264 340.2879638671875
*3 0.09859608113765717 0.12514492869377136 0.987226665019989 -2380.7470703125
*1 0.9923277497291565 -0.02050475962460041 -0.12192340195178986 -589.13525390625
*1 0.9923277497291565 -0.02050475962460041 -0.12192340195178986 -589.13525390625
*2 0.005134958773851395 0.9921343326568604 -0.12506957352161407 343.60113525390625
*1 0.9923277497291565 -0.02050475962460041 -0.12192340195178986 -589.13525390625
*2 0.005134958773851395 0.9921343326568604 -0.12506957352161407 343.60113525390625
*3 0.1235305517911911 0.12348321825265884 0.984627366065979 -2382.22705078125
*1 0.9929671883583069 -0.037517670542001724 -0.11228782683610916 -586.720458984375
*1 0.9929671883583069 -0.037517670542001724 -0.11228782683610916 -586.720458984375
*2 0.0259932279586792 0.9944033026695251 -0.10239998996257782 354.42852783203125
*1 0.9929671883583069 -0.037517670542001724 -0.11228782683610916 -586.720458984375
*2 0.0259932279586792 0.9944033026695251 -0.10239998996257782 354.42852783203125
*3 0.11550281941890717 0.09876035898923874 0.9883847832679749 -2424.23095703125
*1 0.9926251173019409 -0.014645125716924667 -0.12033606320619583 -576.4915771484375
*1 0.9926251173019409 -0.014645125716924667 -0.12033606320619583 -576.4915771484375
*2 0.002160675823688507 0.99465411901474 -0.10323666036128998 365.4405212402344
*1 0.9926251173019409 -0.014645125716924667 -0.12033606320619583 -576.4915771484375
*2 0.002160675823688507 0.99465411901474 -0.10323666036128998 365.4405212402344
*3 0.12120631337165833 0.10221458971500397 0.9873500466346741 -2448.419189453125
*1 0.9977220892906189 -0.053449228405952454 -0.041153520345687866 -565.84765625
*1 0.9977220892906189 -0.053449228405952454 -0.041153520345687866 -565.84765625
*2 0.05345788225531578 0.9985693097114563 -9.141117334365845E-4 378.64410400390625
*1 0.9977220892906189 -0.053449228405952454 -0.041153520345687866 -565.84765625
*2 0.05345788225531578 0.9985693097114563 -9.141117334365845E-4 378.64410400390625
*3 0.04114510864019394 -0.0012887045741081238 0.9991517663002014 -2457.795166015625
*1 0.98199462890625 -0.0999181792140007 0.16032107174396515 -558.0132446289063
*1 0.98199462890625 -0.0999181792140007 0.16032107174396515 -558.0132446289063
*2 0.06963788717985153 0.9803684949874878 0.18446478247642517 393.4285583496094
*1 0.98199462890625 -0.0999181792140007 0.16032107174396515 -558.0132446289063
*2 0.06963788717985153 0.9803684949874878 0.18446478247642517 393.4285583496094
*3 -0.17560355365276337 -0.1699797809123993 0.9696747660636902 -2454.765625
*1 0.9768776893615723 -0.12719343602657318 0.17184802889823914 -556.2398681640625
*1 0.9768776893615723 -0.12719343602657318 0.17184802889823914 -556.2398681640625
*2 0.060473088175058365 0.935341477394104 0.34853750467300415 414.10162353515625
*1 0.9768776893615723 -0.12719343602657318 0.17184802889823914 -556.2398681640625
*2 0.060473088175058365 0.935341477394104 0.34853750467300415 414.10162353515625
*3 -0.2050667256116867 -0.3300870954990387 0.9214060306549072 -2447.11181640625
*1 0.9899511337280273 -0.0994093269109726 0.10057061165571213 -575.7677612304688
*1 0.9899511337280273 -0.0994093269109726 0.10057061165571213 -575.7677612304688
*2 0.0730690136551857 0.9684933423995972 0.23807679116725922 447.9163818359375
*1 0.9899511337280273 -0.0994093269109726 0.10057061165571213 -575.7677612304688
*2 0.0730690136551857 0.9684933423995972 0.23807679116725922 447.9163818359375
*3 -0.12106747180223465 -0.22833654284477234 0.9660248756408691 -2500.143310546875
*1 0.9907369017601013 -0.07212504744529724 0.11505699157714844 -602.55517578125
*1 0.9907369017601013 -0.07212504744529724 0.11505699157714844 -602.55517578125
*2 0.0673108696937561 0.996707022190094 0.04520507901906967 480.78338623046875
*1 0.9907369017601013 -0.07212504744529724 0.11505699157714844 -602.55517578125
*2 0.0673108696937561 0.996707022190094 0.04520507901906967 480.78338623046875
*3 -0.11793697625398636 -0.037042465060949326 0.9923294186592102 -2552.520263671875
*1 0.9963230490684509 -0.017728950828313828 -0.08382013440132141 -605.5166625976563
*1 0.9963230490684509 -0.017728950828313828 -0.08382013440132141 -605.5166625976563
*2 0.004004521295428276 0.9869200587272644 -0.16115766763687134 483.3843688964844
*1 0.9963230490684509 -0.017728950828313828 -0.08382013440132141 -605.5166625976563
*2 0.004004521295428276 0.9869200587272644 -0.16115766763687134 483.3843688964844
*3 0.08558253943920135 0.16022878885269165 0.9833622574806213 -2489.087890625
*1 0.9860037565231323 -0.01255251094698906 -0.16624963283538818 -600.7830200195313
*1 0.9860037565231323 -0.01255251094698906 -0.16624963283538818 -600.7830200195313
*2 -0.01711212284862995 0.9842744469642639 -0.175812229514122 468.5951843261719
*1 0.9860037565231323 -0.01255251094698906 -0.16624963283538818 -600.7830200195313
*2 -0.01711212284862995 0.9842744469642639 -0.175812229514122 468.5951843261719
*3 0.16584376990795135 0.17619574069976807 0.9702834486961365 -2391.136962890625
*1 0.9931972622871399 -0.023785961791872978 -0.11398808658123016 -614.923583984375
*1 0.9931972622871399 -0.023785961791872978 -0.11398808658123016 -614.923583984375
*2 0.007928239181637764 0.9904546141624451 -0.137607142329216 465.1044616699219
*1 0.9931972622871399 -0.023785961791872978 -0.11398808658123016 -614.923583984375
*2 0.007928239181637764 0.9904546141624451 -0.137607142329216 465.1044616699219
*3 0.11617475748062134 0.1357666403055191 0.9839053750038147 -2390.997802734375
*1 0.9975676536560059 -0.06962712854146957 0.003277107607573271 -624.361083984375
*1 0.9975676536560059 -0.06962712854146957 0.003277107607573271 -624.361083984375
*2 0.06970500946044922 0.9963671565055847 -0.04891485720872879 457.3427734375
*1 0.9975676536560059 -0.06962712854146957 0.003277107607573271 -624.361083984375
*2 0.06970500946044922 0.9963671565055847 -0.04891485720872879 457.3427734375
*3 1.4217811985872686E-4 0.04902356117963791 0.9987970590591431 -2391.162109375
*1 0.9978076815605164 -0.0623529851436615 0.022177815437316895 -626.6159057617188
*1 0.9978076815605164 -0.0623529851436615 0.022177815437316895 -626.6159057617188
*2 0.0629223883152008 0.9976810216903687 -0.025929579511284828 446.59332275390625
*1 0.9978076815605164 -0.0623529851436615 0.022177815437316895 -626.6159057617188
*2 0.0629223883152008 0.9976810216903687 -0.025929579511284828 446.59332275390625
*3 -0.020508019253611565 0.02726748026907444 0.999417245388031 -2387.15966796875
*1 0.9952234029769897 -0.06150200590491295 0.07581353932619095 -634.4456787109375
*1 0.9952234029769897 -0.06150200590491295 0.07581353932619095 -634.4456787109375
*2 0.06598787754774094 0.9961244463920593 -0.05814278870820999 442.14813232421875
*1 0.9952234029769897 -0.06150200590491295 0.07581353932619095 -634.4456787109375
*2 0.06598787754774094 0.9961244463920593 -0.05814278870820999 442.14813232421875
*3 -0.07194225490093231 0.06286711245775223 0.9954249858856201 -2421.1591796875
*1 0.9956383109092712 -0.038243990391492844 -0.08509701490402222 -620.9716796875
*1 0.9956383109092712 -0.038243990391492844 -0.08509701490402222 -620.9716796875
*2 0.03222177177667618 0.9969508051872253 -0.07106194645166397 426.595703125
*1 0.9956383109092712 -0.038243990391492844 -0.08509701490402222 -620.9716796875
*2 0.03222177177667618 0.9969508051872253 -0.07106194645166397 426.595703125
*3 0.08755684643983841 0.06800933927297592 0.9938346743583679 -2388.139404296875
*1 0.9964935183525085 -0.06330081075429916 -0.054711878299713135 -608.6741943359375
*1 0.9964935183525085 -0.06330081075429916 -0.054711878299713135 -608.6741943359375
*2 0.05990254878997803 0.9962959885597229 -0.0616840198636055 417.5657043457031
*1 0.9964935183525085 -0.06330081075429916 -0.054711878299713135 -608.6741943359375
*2 0.05990254878997803 0.9962959885597229 -0.0616840198636055 417.5657043457031
*3 0.05841546878218651 0.05818965658545494 0.9965944290161133 -2368.06884765625
