#
#
#
#
#
#
#
#
#
#
#
#
#
#
#
#
#
#
#
#
#
#
#
#
#
#
#
#
#
#
#
#
#
#
#
#
#
#
#
#
#
#
#
#
#
#
#
#
#
#
#
#
#
#
#
#
#
#
#
#
#
#
#
#
#
#
#
#
#
#
#
#
#
#
#
#
#
#
#
#
#
#
#
#
#
#
#
#
#
#
#
#
#
#
#
#
#
#
#
#
#
#
#
#
#
#
#
#
#
#
#
#
#
#
#
#
#
#
#
#
#
#
#
#
#
#
#
#
#
#
#
#
#
#
#
#
#
#
#
#
#
#
#
#
#
#
#
#
#
#
#
#
#
#
#
#
#
#
#
#
#
#
#
#
#
#
#
#
#
#
#
#
#
#
#
#
#
#
#
#
#
#
#
#
#
#
#
#
#
#
#
#
#
#
#
#
#
#
#
#
#
#
#
#
#
#
#
#
#
#
#
#
#
#
#
#
#
#
#
#
#
#
#
#
#
#
#
#
#
#
#
#
#
#
#
#
#
#
#
#
#
#
#
#
#
#
#
#
#
#
#
#
#
#
#
#
#
#
#
#
#
#
#
#
#
#
#
#
#
#
#
#
#
#
#
#
#
#
#
#
#
#
#
#
#
#
#
#
#
#
#
#
#
#
#
#
#
#
#
#
#
#
#
#
#
#
#
#
#
#
#
#
#
#
#
#
#
#
#
#
#
#
#
#
#
#
#
#
#
#
#
#
#
#
#
#
#
#
#
#
#
#
#
#
#
#
#
#
#
#
#
#
#
#
#
#
#
#
#
#
#
#
#
#
#
#
#
#
#
#
#
#
#
#
#
#
#
#
#
#
#
#
#
#
#
#
#
#
#
#
#
#
#
#
#
#
#
#
#
#
#
#
#
#
#
#
#
#
#
#
#
#
#
#
#
#
#
#
#
#
#
#
#
#
#
#
#
#
#
#
#
#
#
#
#
#
#
#
#
#
#
#
#
#
#
#
#
#
#
#
#
#
#
#
#
#
#
#
#
#
#
#
#
#
#
#
#
#
#
#
#
#
#
#
#
#
#
#
#
#
#
#
#
* 0.9947152733802795 -0.007427321746945381 -0.10240137577056885 -57.385833740234375 4.2046449379995465E-4 0.9976676106452942 -0.0682583674788475 79.51744842529297 0.10266958177089691 0.06785447895526886 0.9923984408378601 -575.2452392578125
* 0.9935176968574524 -0.007269395049661398 -0.11344383656978607 -56.96078109741211 0.0028567754197865725 0.9992354512214661 -0.03899361193180084 78.05085754394531 0.11364061385393143 0.03841664642095566 0.9927789568901062 -569.1743774414063
* 0.9678508043289185 -3.518862067721784E-4 -0.2515246272087097 -68.32807159423828 -0.012652222998440266 0.998665452003479 -0.05007415637373924 80.48507690429688 0.2512066662311554 0.05164654180407524 0.9665546417236328 -566.2805786132813
* 0.9858071804046631 -0.002195686101913452 -0.16786760091781616 -82.85338592529297 -0.0017834346508607268 0.9997214674949646 -0.023537566885352135 76.83255767822266 0.1678726077079773 0.023502767086029053 0.9855284690856934 -565.1489868164063
* 0.9957441091537476 -0.011740852147340775 -0.09141048789024353 -92.4862289428711 0.013555796816945076 0.9997223019599915 0.019281059503555298 66.92073059082031 0.09115881472826004 -0.020438257604837418 0.9956266283988953 -571.1836547851563
* 0.9907645583152771 -0.006281617563217878 -0.13544867932796478 -98.94981384277344 0.003028490347787738 0.9997028112411499 -0.024195585399866104 55.9666633605957 0.1355605274438858 0.023561803624033928 0.9904889464378357 -563.7326049804688
* 0.9736960530281067 0.0015221789944916964 -0.227846160531044 -112.75164031982422 -0.006637426558881998 0.9997431039810181 -0.021677162498235703 53.519798278808594 0.22775471210479736 0.022619159892201424 0.9734558463096619 -563.53125
* 0.9929181933403015 0.003279333235695958 -0.11875520646572113 -138.9348602294922 -0.0037518059834837914 0.9999860525131226 -0.003738508792594075 65.76402282714844 0.11874140053987503 0.004157458432018757 0.9929165244102478 -593.73291015625
* 0.9987183809280396 -0.01911841332912445 -0.04686138033866882 -158.12570190429688 0.020305678248405457 0.9994803667068481 0.025034703314304352 82.41522979736328 0.046358536928892136 -0.025954291224479675 0.9985876083374023 -596.708251953125
* 0.9935215711593628 -0.010004200041294098 -0.11320237815380096 -167.051025390625 0.008756323717534542 0.9998955130577087 -0.011498100124299526 91.20301055908203 0.1133057251572609 0.01043225172907114 0.9935054183006287 -573.6130981445313
* 0.9925605058670044 -0.008723951876163483 -0.1214391440153122 -179.08441162109375 0.00553169334307313 0.9996312856674194 -0.026583431288599968 95.97339630126953 0.12162642180919647 0.025713779032230377 0.9922428727149963 -570.7438354492188
* 0.9923322796821594 -0.0058182720094919205 -0.12346106022596359 -193.04647827148438 0.002731748390942812 0.99968022108078 -0.02513900026679039 102.55488586425781 0.12356797605752945 0.02460884302854538 0.9920309782028198 -571.934326171875
* 0.995029628276825 -0.016473645344376564 -0.09820611029863358 -204.43228149414063 0.014158305712044239 0.9996066093444824 -0.024207323789596558 103.72802734375 0.09856640547513962 0.022696413099765778 0.9948716759681702 -567.7054443359375
* 0.9976423978805542 -0.01937909610569477 -0.06583231687545776 -211.82167053222656 0.018423203378915787 0.999716579914093 -0.015067283995449543 103.06242370605469 0.06610579788684845 0.013818756677210331 0.9977169632911682 -567.2017211914063
* 0.9960002303123474 -0.00732166925445199 -0.08904967457056046 -209.69570922851563 0.0038104599807411432 0.9992114901542664 -0.039514120668172836 100.92550659179688 0.08926892280578613 0.03901660814881325 0.9952430725097656 -570.12890625
* 0.9850746989250183 -0.0014008807484060526 -0.17212139070034027 -194.54849243164063 -0.01281754206866026 0.9965941905975342 -0.0814562663435936 99.65838623046875 0.1716495007276535 0.08244655281305313 0.9817020893096924 -571.2396850585938
* 0.9798088073730469 -6.294333725236356E-4 -0.19993548095226288 -173.7132568359375 -0.018111832439899445 0.9956046938896179 -0.09188380092382431 104.16744232177734 0.19911478459835052 0.09364963322877884 0.9754911661148071 -574.9427490234375
* 0.9722467064857483 0.007005592808127403 -0.23385298252105713 -150.85964965820313 -0.02832384780049324 0.9957244992256165 -0.08791925758123398 106.64957427978516 0.23223748803138733 0.09210269898176193 0.9682886004447937 -571.465576171875
* 0.969445526599884 -0.0026131640188395977 -0.24529241025447845 -127.72569274902344 -0.020663632079958916 0.9955196976661682 -0.09226451814174652 108.10637664794922 0.24443483352661133 0.0945138931274414 0.9650484919548035 -573.9642333984375
* 0.970385730266571 -0.0013324064202606678 -0.2415567934513092 -104.35061645507813 -0.027342259883880615 0.992952823638916 -0.11530884355306625 111.32717895507813 0.24000847339630127 0.11849859356880188 0.9635112285614014 -576.6945190429688
* 0.9856401681900024 1.1396919580874965E-4 -0.16885900497436523 -84.85688018798828 -0.020766090601682663 0.9924917817115784 -0.12053170800209045 117.14510345458984 0.16757771372795105 0.12230727076530457 0.9782425761222839 -578.1300048828125
* 0.9982066750526428 -0.005583500023931265 -0.0595998540520668 -71.04936218261719 7.927592378109694E-4 0.9967882633209229 -0.08007277548313141 121.94097900390625 0.05985577404499054 0.07988175004720688 0.9950054883956909 -576.2955932617188
* 0.9983513951301575 -0.006697199773043394 -0.05700385943055153 -63.07572937011719 0.005167837720364332 0.9996243119239807 -0.026900973170995712 125.03445434570313 0.057162851095199585 0.026561833918094635 0.9980112910270691 -570.6883544921875
* 0.9990677237510681 -0.002539054723456502 -0.04309237748384476 -59.99075698852539 0.0018314633052796125 0.9998632669448853 -0.016407037153840065 130.57211303710938 0.04312839359045029 0.016312606632709503 0.9989361763000488 -571.49267578125
* 0.9986028671264648 -1.8385254952590913E-4 -0.05283961445093155 -59.71642303466797 -4.952760646119714E-4 0.9999175071716309 -0.012802356854081154 135.20361328125 0.052837856113910675 0.012810414656996727 0.9985207915306091 -569.5856323242188
* 0.9986526966094971 -7.560611702501774E-4 -0.051884088665246964 -62.64665603637695 -0.0027522773016244173 0.9977166652679443 -0.06747642904520035 139.0701904296875 0.05181688442826271 0.06752811372280121 0.9963707327842712 -570.6535034179688
* 0.9977192282676697 0.001523406128399074 -0.06748151779174805 -67.39449310302734 -0.005773968528956175 0.9980083703994751 -0.06280926614999771 140.5298309326172 0.06725171208381653 0.06305544823408127 0.9957414269447327 -573.14306640625
* 0.9958295226097107 0.006104740779846907 -0.09102804213762283 -73.83409118652344 -0.01112157478928566 0.9984411597251892 -0.054686374962329865 143.13058471679688 0.09055258333683014 0.05547046661376953 0.9943455457687378 -572.2906494140625
* 0.9947483539581299 0.004799199290573597 -0.10223802924156189 -81.17620086669922 -0.0102005610242486 0.9985759854316711 -0.05235477536916733 143.9287872314453 0.10184146463871002 0.053122494369745255 0.9933812022209167 -570.7538452148438
* 0.9951901435852051 0.01074555329978466 -0.09737034142017365 -90.07555389404297 -0.01738903298974037 0.9975591897964478 -0.06761892884969711 140.9961700439453 0.09640637040138245 0.06898665428161621 0.9929484128952026 -573.076171875
* 0.9932973384857178 0.008886757306754589 -0.11524452269077301 -98.3766098022461 -0.013886934146285057 0.9989935159683228 -0.042640067636966705 135.71812438964844 0.11474990844726563 0.04395443946123123 0.9924215078353882 -569.6802368164063
* 0.9964600801467896 0.0020683114416897297 -0.08404188603162766 -106.85679626464844 -0.006622320972383022 0.9985228180885315 -0.053920574486255646 129.89247131347656 0.08380651473999023 0.054286036640405655 0.995002269744873 -572.3363037109375
* 0.9956901669502258 -4.720548167824745E-5 -0.09274278581142426 -114.00215911865234 -2.1898141130805016E-4 0.9999954700469971 -0.002838030457496643 121.06462860107422 0.09274280071258545 0.002845875918865204 0.9956861138343811 -568.8760986328125
* 0.993930995464325 0.0032381974160671234 -0.1099584773182869 -120.31473541259766 -0.00637153722345829 0.9995832443237305 -0.02813805639743805 114.6379623413086 0.1098218560218811 0.028667667880654335 0.9935378432273865 -566.51025390625
* 0.9950931668281555 5.873863701708615E-4 -0.09894144535064697 -126.88134002685547 -5.697160959243774E-4 0.9999993443489075 2.2695405641570687E-4 110.0347900390625 0.09894182533025742 -1.6971287550404668E-4 0.9950932264328003 -565.7822265625
* 0.995141327381134 -0.004757873248308897 -0.09834262728691101 -133.02244567871094 0.005560585763305426 0.9999527931213379 0.007910220883786678 104.02720642089844 0.09830063581466675 -0.008418875746428967 0.9951211810112 -565.3723754882813
* 0.9984988570213318 -0.013679610565304756 -0.05303734168410301 -141.0936279296875 0.014035098254680634 0.9998806715011597 0.006373454350978136 96.22064208984375 0.052944086492061615 -0.007108523976057768 0.9985721707344055 -574.2789306640625
* 0.9987520575523376 -0.01594293676316738 -0.04732825607061386 -149.39254760742188 0.017871452495455742 0.9990129470825195 0.040650878101587296 82.08100128173828 0.046633705496788025 -0.0414462573826313 0.9980518221855164 -578.7315673828125
* 0.9961506128311157 -0.006165670230984688 -0.08743971586227417 -157.3876953125 0.005949598737061024 0.9999780058860779 -0.002708174753934145 66.35498046875 0.08745475858449936 0.0021772761829197407 0.9961659908294678 -573.4269409179688
* 0.9928303956985474 -0.013548294082283974 -0.11876068264245987 -163.68858337402344 0.014641107060015202 0.9998572468757629 0.0083514004945755 58.323211669921875 0.11863087117671967 -0.010030560195446014 0.9928877353668213 -561.9094848632813
* 0.9978022575378418 -0.019157135859131813 -0.06343257427215576 -172.7919158935547 0.019618157297372818 0.999784529209137 0.00668545113876462 61.76935958862305 0.06329107284545898 -0.007915436290204525 0.9979636073112488 -568.8556518554688
* 0.9968116879463196 -0.011268571019172668 -0.07899093627929688 -172.27212524414063 0.007641580421477556 0.9989096522331238 -0.04604372754693031 66.09396362304688 0.0794239193201065 0.045293089002370834 0.995811402797699 -564.9740600585938
* 0.9974139332771301 -0.011517629958689213 -0.07094328850507736 -169.5264892578125 0.008453910239040852 0.9990254640579224 -0.04330696538090706 62.421390533447266 0.07137320190668106 0.042594995349645615 0.996539831161499 -568.5570068359375
* 0.9997805953025818 -0.020948361605405807 -4.6072062104940414E-4 -169.46763610839844 0.02094816043972969 0.9997702836990356 0.0044149067252874374 52.32438659667969 3.683543764054775E-4 -0.004423844628036022 0.9999901652336121 -579.60791015625
* 0.998710572719574 -0.014869533479213715 -0.04854406788945198 -166.7209014892578 0.01523449458181858 0.9998575448989868 0.007198454812169075 38.729793548583984 0.048430368304252625 -0.007928980514407158 0.9987950921058655 -571.6655883789063
* 0.9990195631980896 -0.016053449362516403 -0.04126277193427086 -167.69129943847656 0.015243408270180225 0.9996868371963501 -0.01982298120856285 26.952678680419922 0.0415683276951313 0.019174301996827126 0.9989516735076904 -572.7508544921875
* 0.9968938231468201 -0.019250988960266113 -0.07637153565883636 -165.0001220703125 0.01836289092898369 0.9997554421424866 -0.012287348508834839 17.936033248901367 0.07658965140581131 0.010846525430679321 0.9970036745071411 -563.37158203125
* 0.9956004619598389 -0.015559972263872623 -0.09240242093801498 -163.45472717285156 0.014947598800063133 0.9998612403869629 -0.00729351257905364 17.378816604614258 0.09250333905220032 0.005879964679479599 0.9956949949264526 -562.9689331054688
* 0.9971122145652771 -0.020503897219896317 -0.07312645763158798 -162.55093383789063 0.020938243716955185 0.9997668266296387 0.005205810535699129 23.489992141723633 0.07300292700529099 -0.006722193211317062 0.9973090887069702 -567.1069946289063
* 0.9949791431427002 -0.01606619916856289 -0.0987875759601593 -160.5270233154297 0.016922863200306892 0.9998254179954529 0.007860353216528893 28.237668991088867 0.09864432364702225 -0.009492933750152588 0.9950774908065796 -563.257080078125
* 0.9962262511253357 -0.009112551808357239 -0.08631860464811325 -160.8872528076172 0.008022397756576538 0.9998835921287537 -0.012944266200065613 33.10762405395508 0.08642680943012238 0.01220267079770565 0.996183454990387 -565.4262084960938
* 0.9959457516670227 -0.01807974837720394 -0.08812440186738968 -160.24307250976563 0.01879255287349224 0.9997963309288025 0.007289255037903786 38.24553680419922 0.08797496557235718 -0.00891604833304882 0.9960826635360718 -563.607421875
* 0.9949244856834412 -0.014995792880654335 -0.09950508922338486 -158.84381103515625 0.013617384247481823 0.9998016953468323 -0.014496678486466408 39.489601135253906 0.09970305860042572 0.013067837804555893 0.9949313402175903 -560.6748657226563
* 0.9964793920516968 -0.01348186656832695 -0.0827522799372673 -159.18572998046875 0.01135493628680706 0.9995944499969482 -0.02609482780098915 39.49750900268555 0.08307082951068878 0.02506304532289505 0.9962283372879028 -562.1637573242188
* 0.9940611720085144 -0.01166956964880228 -0.108199343085289 -159.82069396972656 0.011563170701265335 0.999931275844574 -0.0015917401760816574 40.34685134887695 0.10821078717708588 3.3089518547058105E-4 0.9941278696060181 -560.6223754882813
* 0.9966611266136169 -0.013432127423584461 -0.08054203540086746 -161.25698852539063 0.011790933087468147 0.9997137188911438 -0.020792173221707344 41.12776184082031 0.08079855144023895 0.01977282389998436 0.9965342879295349 -562.6134033203125
* 0.994862973690033 -0.011273459531366825 -0.10060524940490723 -160.8561553955078 0.009628086350858212 0.9998119473457336 -0.016804467886686325 43.01359176635742 0.1007760614156723 0.01574924774467945 0.9947844743728638 -562.2012329101563
* 0.9944783449172974 -0.015879947692155838 -0.10373780131340027 -159.84835815429688 0.018984561786055565 0.9993977546691895 0.029029369354248047 46.18096160888672 0.10321462154388428 -0.03083876520395279 0.9941808581352234 -561.6781005859375
* 0.9970299601554871 -0.014347286894917488 -0.07567357271909714 -159.49685668945313 0.012646544724702835 0.9996577501296997 -0.022878497838974 48.33949279785156 0.07597620040178299 0.021853266283869743 0.9968700408935547 -565.3843383789063
* 0.9956849217414856 -0.011981742456555367 -0.09202726930379868 -158.00347900390625 0.010300748981535435 0.9997715950012207 -0.018696777522563934 49.7666015625 0.09223054349422455 0.017667880281805992 0.9955808520317078 -564.2288818359375
* 0.9962242841720581 -0.011491170153021812 -0.08605970442295074 -157.11434936523438 0.012243789620697498 0.9998905062675476 0.008247438818216324 52.44898986816406 0.08595578372478485 -0.009270262904465199 0.9962557554244995 -563.6343994140625
* 0.9963082671165466 -0.011817540042102337 -0.08503704518079758 -156.04200744628906 0.010239900089800358 0.9997676610946655 -0.018939662724733353 53.02427673339844 0.08524138480424881 0.017998700961470604 0.9961977005004883 -561.6622314453125
* 0.9957863688468933 -0.012348620221018791 -0.09087442606687546 -156.1577911376953 0.009992517530918121 0.999603271484375 -0.02631300501525402 52.56058120727539 0.09116358309984207 0.02529379352927208 0.9955146312713623 -562.6273803710938
* 0.9953787326812744 -0.010602938942611217 -0.09544539451599121 -156.55776977539063 0.010625742375850677 0.9999428987503052 -2.4671730352565646E-4 54.09444046020508 0.09544284641742706 -7.688719779253006E-4 0.9954345226287842 -561.708984375
* 0.9960854053497314 -0.007325169630348682 -0.08809833228588104 -158.27548217773438 0.007164030335843563 0.9999714493751526 -0.002120496705174446 54.7994270324707 0.08811163157224655 0.0014807882253080606 0.9961094260215759 -563.1829833984375
* 0.9971386194229126 -0.010606914758682251 -0.0748545229434967 -160.3097686767578 0.010066361166536808 0.9999200701713562 -0.007565951906144619 55.24257278442383 0.07492906600236893 0.006790520623326302 0.9971656799316406 -565.0986938476563
* 0.9971839785575867 -0.010778996162116528 -0.07422257214784622 -162.40586853027344 0.009621964767575264 0.9998266696929932 -0.015899373218417168 58.429840087890625 0.07438135892152786 0.015140162780880928 0.997114896774292 -568.9241333007813
* 0.9977280497550964 -0.012266641482710838 -0.06625182926654816 -164.19686889648438 0.0123264379799366 0.9999232292175293 5.271892878226936E-4 62.770599365234375 0.06624054908752441 -0.0013429131358861923 0.9978027939796448 -566.437255859375
* 0.9958442449569702 -0.009749590419232845 -0.09055469930171967 -166.32066345214844 0.008140956051647663 0.9998025298118591 -0.018092423677444458 66.97457122802734 0.0907134935259819 0.017279762774705887 0.9957271218299866 -563.307373046875
* 0.9982218146324158 -0.0049939532764256 -0.05940752103924751 -170.57449340820313 0.004229866899549961 0.9999066591262817 -0.012943705543875694 71.52896881103516 0.0594668984413147 0.012669132091104984 0.9981498718261719 -568.6212158203125
* 0.9957897663116455 -0.012415182776749134 -0.09082852303981781 -170.38238525390625 0.011970306746661663 0.9999130964279175 -0.0054170554503798485 74.23163604736328 0.09088818728923798 0.004306727554649115 0.9958518147468567 -563.9215087890625
* 0.9970495700836182 -0.012289198115468025 -0.07577739655971527 -170.70083618164063 0.01154347788542509 0.9998803734779358 -0.010242447257041931 77.37996673583984 0.07589451223611832 0.009337224997580051 0.9970720410346985 -566.2931518554688
* 0.9975510835647583 -0.010565715841948986 -0.06914688646793365 -169.26210021972656 0.009027323685586452 0.9997057318687439 -0.02249143272638321 80.3707046508789 0.0693645030260086 0.021811876446008682 0.9973528385162354 -565.6693725585938
* 0.9967746734619141 -0.01020580343902111 -0.07960639148950577 -167.91098022460938 0.008088378235697746 0.999606192111969 -0.026848575100302696 82.96284484863281 0.07984938472509384 0.026117827743291855 0.9964646697044373 -566.2078857421875
* 0.9961043000221252 -0.0062900325283408165 -0.08796427398920059 -166.54022216796875 0.004436634946614504 0.9997643232345581 -0.02122480794787407 85.61273193359375 0.08807738125324249 0.020751597359776497 0.9958974123001099 -564.5919189453125
* 0.9973987340927124 -0.010622283443808556 -0.07130201160907745 -166.09738159179688 0.00869241263717413 0.9995891451835632 -0.027291595935821533 88.38418579101563 0.07156293839216232 0.026600554585456848 0.9970812797546387 -565.2249755859375
* 0.9964239597320557 -0.011476033367216587 -0.0837179496884346 -164.44863891601563 0.011883827857673168 0.999919056892395 0.004400553181767464 90.10674285888672 0.08366098254919052 -0.005379971116781235 0.9964796900749207 -563.7478637695313
* 0.9971309304237366 -0.007720974739640951 -0.07530935853719711 -163.45989990234375 0.00718526728451252 0.9999465346336365 -0.007352157961577177 91.42362976074219 0.07536241412162781 0.006789687555283308 0.9971330761909485 -564.8152465820313
* 0.9960031509399414 -0.006105797830969095 -0.08911599963903427 -161.15965270996094 0.003272307338193059 0.9994856715202332 -0.03188209980726242 92.54353332519531 0.0892651379108429 0.03146280348300934 0.9955108165740967 -565.3341674804688
* 0.9970002174377441 -0.009833673015236855 -0.07678063958883286 -158.88014221191406 0.008724996820092201 0.9998527765274048 -0.014733215793967247 93.797607421875 0.07691454142332077 0.014018850401043892 0.9969391226768494 -565.8431396484375
* 0.9962640404701233 -0.006331289187073708 -0.08613535761833191 -156.5159912109375 0.005267930682748556 0.9999068379402161 -0.012541616335511208 94.5767822265625 0.0862070694565773 0.012040752917528152 0.9962044358253479 -563.2659301757813
* 0.9985064268112183 -0.015263651497662067 -0.05247201770544052 -156.65638732910156 0.015234245918691158 0.9998828768730164 -9.187980322167277E-4 97.51943969726563 0.05248023942112923 1.178026432171464E-4 0.998621940612793 -567.951416015625
* 0.9973230361938477 -0.015425283461809158 -0.07148613035678864 -156.15406799316406 0.015323499217629433 0.9998800158500671 -0.0019415841670706868 100.23229217529297 0.07150784879922867 8.407176937907934E-4 0.9974396824836731 -565.4698486328125
* 0.9968546032905579 -0.0038081547245383263 -0.0791701003909111 -156.87612915039063 0.0017054207855835557 0.9996445178985596 -0.026583047583699226 101.15251159667969 0.07924354821443558 0.0263641569763422 0.9965066313743591 -564.0252685546875
* 0.996528685092926 -0.003768965834751725 -0.08317341655492783 -158.5835418701172 0.0024120265152305365 0.9998621940612793 -0.01638338528573513 99.8182144165039 0.08322405815124512 0.016125641763210297 0.9964004158973694 -564.7653198242188
* 0.9957416653633118 -0.005643409676849842 -0.09202167391777039 -160.06100463867188 0.004435109905898571 0.9999009370803833 -0.013306694105267525 98.49017333984375 0.0920880064368248 0.01284163910895586 0.9956681132316589 -563.3054809570313
* 0.9960703253746033 -0.008314377628266811 -0.08818283677101135 -161.1833953857422 0.0061669317074120045 0.999678373336792 -0.02457253448665142 95.83126068115234 0.08835911750793457 0.02393188513815403 0.9958012104034424 -565.1905517578125
* 0.9960893392562866 -0.005376447457820177 -0.08819639682769775 -161.92555236816406 0.0034969118423759937 0.9997636675834656 -0.021427301689982414 95.15857696533203 0.08829108625650406 0.02103482186794281 0.9958726167678833 -566.5374145507813
* 0.9964732527732849 -0.0065217455849051476 -0.08366596698760986 -164.63131713867188 0.004866491537541151 0.9997885227203369 -0.019947152584791183 97.95084381103516 0.08377869427204132 0.019469380378723145 0.9962942004203796 -566.30908203125
* 0.9954339265823364 -0.00794591847807169 -0.09513048082590103 -169.9721221923828 0.008464397862553596 0.999950647354126 0.005070691462606192 97.29214477539063 0.09508582949638367 -0.00585302384570241 0.9954518675804138 -564.5413818359375
* 0.9952609539031982 -0.012200220488011837 -0.09648026525974274 -178.6564178466797 0.010902992449700832 0.9998427629470825 -0.013938866555690765 97.85002899169922 0.09663547575473785 0.012820618227124214 0.9952372908592224 -568.0576171875
* 0.9962058663368225 -0.0073287393897771835 -0.08672931790351868 -185.7729949951172 0.003703236347064376 0.9991157650947571 -0.04186507314443588 98.60245513916016 0.08695976436138153 0.04138476774096489 0.9953519105911255 -566.9616088867188
* 0.9964842200279236 -0.00740974023938179 -0.08346345275640488 -192.3921661376953 0.007314988877624273 0.9999715685844421 -0.001415163278579712 101.22515869140625 0.08347189426422119 7.993727922439575E-4 0.996509850025177 -566.9642333984375
* 0.9969567060470581 -0.009009767323732376 -0.07744705677032471 -197.4772491455078 0.007765255868434906 0.9998359084129333 -0.016327280551195145 103.77041625976563 0.07758177816867828 0.015675904229283333 0.9968628287315369 -567.0731201171875
* 0.9973394274711609 -0.010521914809942245 -0.0721476674079895 -201.86216735839844 0.011414844542741776 0.9998621344566345 0.012005509808659554 103.79603576660156 0.07201172411441803 -0.012797410599887371 0.9973217844963074 -565.8132934570313
* 0.9986689686775208 -0.011549822986125946 -0.05028749257326126 -204.42160034179688 0.010125916451215744 0.9995436668395996 -0.028435854241251945 102.61518096923828 0.0505932979285717 0.027888501062989235 0.9983299970626831 -567.7632446289063
* 0.9981792569160461 -0.013661961071193218 -0.058766476809978485 -203.78775024414063 0.011964774690568447 0.9995042681694031 -0.02909908816218376 101.72624969482422 0.05913521721959114 0.028342675417661667 0.9978476762771606 -566.3876342773438
* 0.9983804225921631 -0.01704247295856476 -0.05429556593298912 -202.08795166015625 0.015317839570343494 0.9993703365325928 -0.031983163207769394 103.07686614990234 0.05480676516890526 0.031099356710910797 0.9980127215385437 -569.3161010742188
* 0.9986894130706787 -0.01329062320291996 -0.049444980919361115 -199.09214782714844 0.011381546035408974 0.9991872906684875 -0.03864985704421997 108.4806137084961 0.04991878569126129 0.03803611546754837 0.9980289340019226 -571.7898559570313
* 0.9958446025848389 -0.0026687358040362597 -0.0910399928689003 -192.2593994140625 3.040557785425335E-4 0.9996623396873474 -0.02595450170338154 108.79736328125 0.09107882529497147 0.025818651542067528 0.9955090880393982 -564.9443969726563
* 0.996609628200531 -0.008075101301074028 -0.08188869059085846 -187.40744018554688 0.004196390509605408 0.9988662600517273 -0.04740162938833237 105.05424499511719 0.08217895030975342 0.04689697176218033 0.9955136775970459 -571.8516845703125
* 0.9942908883094788 -0.007109910249710083 -0.1064743623137474 -176.66506958007813 0.0012969060335308313 0.9985095858573914 -0.05454543977975845 99.47669982910156 0.10670381784439087 0.054095637053251266 0.992818295955658 -567.5835571289063
* 0.9946695566177368 -0.011782301589846611 -0.10244695842266083 -167.29823303222656 0.009213877841830254 0.9996317625045776 -0.025487342849373817 96.64331817626953 0.10270988196134567 0.024407239630818367 0.9944118857383728 -565.463134765625
* 0.9965428113937378 -0.013403031043708324 -0.08200366795063019 -162.01409912109375 0.012257613241672516 0.9998197555541992 -0.01443010289222002 95.75502014160156 0.08218265324831009 0.013374729081988335 0.9965275526046753 -564.1707153320313
* 0.9966583251953125 -0.007540571037679911 -0.08134531229734421 -163.3640594482422 0.0055504716001451015 0.9996799826622009 -0.024637918919324875 94.00358581542969 0.0815054178237915 0.024103768169879913 0.996381402015686 -565.2877197265625
* 0.995147705078125 -0.011528168804943562 -0.09772348403930664 -169.0613250732422 0.009192118421196938 0.999661386013031 -0.02430037222802639 92.0885238647461 0.09797091037034988 0.02328384667634964 0.9949168562889099 -566.3855590820313
* 0.9962575435638428 -0.006739954464137554 -0.08618166297674179 -174.8332061767578 0.005851885303854942 0.9999263882637024 -0.0105292908847332 88.88800048828125 0.08624667674303055 0.009985222481191158 0.9962237477302551 -566.6818237304688
* 0.9982523918151855 -0.006183721125125885 -0.058786459267139435 -180.40695190429688 0.0041399612091481686 0.9993850588798523 -0.03478964790701866 82.36398315429688 0.05896581709384918 0.034485138952732086 0.9976641535758972 -570.4396362304688
* 0.9976142644882202 -0.013376339338719845 -0.06774025410413742 -179.74635314941406 0.012651054188609123 0.9998573660850525 -0.011094118468463421 74.42237091064453 0.06787937134504318 0.010210329666733742 0.9976413249969482 -566.9461059570313
* 0.9971601366996765 -0.00951874628663063 -0.07471927255392075 -177.76246643066406 0.007371366489678621 0.9995530843734741 -0.02893536537885666 69.11971282958984 0.07496169954538345 0.02830207720398903 0.9967846870422363 -565.523681640625
* 0.9964023232460022 -0.012925333343446255 -0.08376869559288025 -174.55142211914063 0.012188898399472237 0.9998817443847656 -0.009272304363548756 71.16022491455078 0.08387903869152069 0.00821756012737751 0.9964420795440674 -567.9820556640625
* 0.9960517287254333 -0.00877239741384983 -0.08835047483444214 -168.73365783691406 0.006079335231333971 0.9995097517967224 -0.030681684613227844 68.62130737304688 0.08857673406600952 0.03002309799194336 0.9956167936325073 -568.2527465820313
* 0.9899349808692932 -0.007689375430345535 -0.1413196325302124 -158.25634765625 0.0027783154509961605 0.9993858337402344 -0.03490160405635834 63.03483200073242 0.14150166511535645 0.03415735438466072 0.9893485307693481 -562.7474975585938
* 0.992927610874176 -0.01049322634935379 -0.11826380342245102 -149.41722106933594 0.007285049185156822 0.99959397315979 -0.027509937062859535 63.88516616821289 0.11850491911172867 0.026453478261828423 0.9926009774208069 -566.3451538085938
* 0.9945411682128906 -0.01259599532932043 -0.10358978807926178 -141.9400634765625 0.01022467389702797 0.9996735453605652 -0.023371025919914246 66.37716674804688 0.10385081171989441 0.022183936089277267 0.9943453669548035 -564.7607421875
* 0.9951356053352356 -0.01509591843932867 -0.097358837723732 -138.39866638183594 0.01677965186536312 0.9997216463088989 0.016519758850336075 67.92526245117188 0.09708280861377716 -0.018073389306664467 0.9951121807098389 -562.6608276367188
* 0.9969562292098999 -0.01402776874601841 -0.07669997960329056 -140.08755493164063 0.014257148839533329 0.9998942017555237 0.0024705929681658745 72.30998229980469 0.07665766775608063 -0.0035569341853260994 0.9970511198043823 -568.1098022460938
* 0.9955742955207825 -0.010838549584150314 -0.09335793554782867 -142.5848388671875 0.00960049219429493 0.9998592138290405 -0.013678302988409996 76.98094177246094 0.0934935212135315 0.012721157632768154 0.995538592338562 -566.7205200195313
* 0.9946003556251526 -0.014166980050504208 -0.10281441360712051 -146.9823455810547 0.01225688774138689 0.9997400641441345 -0.01916608400642872 78.11774444580078 0.10305969417095184 0.017802083864808083 0.9945158362388611 -565.1309814453125
* 0.9949132204055786 -0.008369171060621738 -0.100394606590271 -154.5865478515625 0.006051270291209221 0.9997079372406006 -0.023349817842245102 79.39766693115234 0.10056117922067642 0.0226232148706913 0.9946736693382263 -567.0061645507813
* 0.9958915710449219 -0.011941065080463886 -0.0897713378071785 -163.58546447753906 0.011053862981498241 0.9998841881752014 -0.010350612923502922 84.13320922851563 0.08988501131534576 0.009315455332398415 0.9959086179733276 -570.734619140625
* 0.9921618700027466 3.788445974350907E-5 -0.12496577948331833 -176.45794677734375 -0.0047819302417337894 0.9992785453796387 -0.03764671832323074 91.25090789794922 0.12487468123435974 0.03794890642166138 0.9914465546607971 -574.65185546875
* 0.9949114918708801 -0.0076216114684939384 -0.10047144442796707 -191.0558319091797 0.006506832782179117 0.9999127388000488 -0.011398202739655972 98.41130828857422 0.10055003315210342 0.010686125606298447 0.9948746562004089 -575.900146484375
* 0.9990179538726807 -0.01224126573652029 -0.042598906904459 -203.3768310546875 0.011986884288489819 0.9999080896377563 -0.006174076348543167 107.14620971679688 0.042671043425798416 0.00565704982727766 0.9990732073783875 -580.167724609375
* 0.9997021555900574 -0.005750495940446854 -0.023747002705931664 -207.7748260498047 0.005217373371124268 0.9997352361679077 -0.02236715704202652 115.06086730957031 0.023869803175330162 0.02223626710474491 0.9994677901268005 -575.888427734375
* 0.9995259046554565 0.00300786760635674 -0.03066370077431202 -209.01846313476563 -0.004275694955140352 0.9991366863250732 -0.04129990190267563 120.48023986816406 0.030513489618897438 0.041411109268665314 0.9986762404441833 -576.6029052734375
* 0.993998110294342 -0.033990584313869476 0.10398928821086884 -218.84861755371094 0.02550039254128933 0.996313750743866 0.0818929597735405 139.13455200195313 -0.10638916492462158 -0.07875005900859833 0.9912012815475464 -605.5989990234375
#
#
#
#
#
#
#
#
#
#
#
#
#
#
#
#
#
#
#
#
#
#
#
#
#
#
#
#
#
#
#
#
#
#
#
#
#
#
#
#
#
#
#
#
#
#
#
#
#
#
#
#
#
#
#
#
#
#
#
#
#
#
#
#
#
#
#
#
#
#
#
#
#
#
#
#
#
#
#
#
#
#
#
#
#
#
#
#
#
#
#
#
#
#
#
#
#
#
#
#
#
#
#
#
#
#
#
#
#
#
#
#
#
#
#
* 0.9964314103126526 -0.00560810137540102 -0.084232397377491 -283.1531982421875 -0.0015109062660485506 0.9963394999504089 -0.08542448282241821 152.00836181640625 0.08442351222038269 0.08524344861507416 0.9927763938903809 -622.2639770507813
* 0.9935651421546936 0.0022865370847284794 -0.11324804276227951 -263.3484191894531 -0.013618196360766888 0.9948605298995972 -0.10029473155736923 143.77391052246094 0.11245708912611008 0.10118835419416428 0.9884902238845825 -630.0657348632813
* 0.9967811107635498 -0.0034691374748945236 -0.08010919392108917 -242.77145385742188 -0.005744708701968193 0.9932552576065063 -0.11577127128839493 133.23887634277344 0.07999088615179062 0.11585550755262375 0.9900391101837158 -643.9217529296875
* 0.9941397905349731 -0.0040354966185987 -0.10803638398647308 -219.81484985351563 -0.007058381102979183 0.9946469664573669 -0.10305152088403702 114.03973388671875 0.10789433121681213 0.1032068282365799 0.9887899160385132 -657.3805541992188
#
#
#
#
#
#
#
#
#
#
#
#
#
#
#
#
* 0.9851900935173035 0.048540182411670685 0.16486753523349762 -271.4205017089844 -0.021095342934131622 0.9901710748672485 -0.13821934163570404 -127.6839370727539 -0.16992072761058807 0.1320885568857193 0.9765622615814209 -628.8261108398438
* 0.9826717376708984 0.05085812881588936 0.1786239892244339 -267.81500244140625 -0.018518643453717232 0.9878543615341187 -0.15423673391342163 -102.87110900878906 -0.18426395952701569 0.14765094220638275 0.9717202186584473 -631.549560546875
* 0.9877704381942749 0.02458447404205799 0.15440842509269714 -262.9746398925781 -0.006995493546128273 0.9963679909706116 -0.08479439467191696 -78.4150619506836 -0.15590597689151764 0.08207008242607117 0.9843535423278809 -633.1416015625
* 0.99986732006073 -0.0011062405537813902 -0.02001996710896492 -241.43882751464844 0.004993993788957596 0.9995254278182983 -0.030202558264136314 -57.26300811767578 0.020053235813975334 0.029492083936929703 0.9993607997894287 -595.233642578125
* 0.9948527216911316 -0.008151190355420113 -0.10167622566223145 -225.01284790039063 0.012387970462441444 0.9999125599861145 -0.0031327842734754086 -49.30488204956055 0.10169312357902527 0.0012518588919192553 0.9948119521141052 -575.074462890625
* 1.0000048875808716 0.011183816008269787 -0.0012575743021443486 -224.50384521484375 -0.006741383112967014 0.9986235499382019 -0.05190334469079971 -59.12412643432617 6.928738439455628E-4 0.05130508542060852 0.9986797571182251 -601.385498046875
* 0.9952861070632935 -0.006104449741542339 -0.0974920243024826 -208.1885528564453 0.008395794779062271 0.9996953010559082 -0.022962601855397224 -73.16130065917969 0.0976053923368454 0.021429620683193207 0.9949914216995239 -587.2202758789063
* 0.9959080219268799 -0.006322040222585201 -0.09090472012758255 -197.09547424316406 0.009582947939634323 0.9998507499694824 -0.013966959901154041 -85.64856719970703 0.09098201245069504 0.012432861141860485 0.9957718253135681 -592.150146484375
* 0.9983013272285461 0.03546185418963432 0.047680921852588654 -190.42413330078125 -0.024251222610473633 0.9905759692192078 -0.13475720584392548 -111.83180236816406 -0.05197930708527565 0.13276571035385132 0.9897804856300354 -610.8558959960938
* 0.9982619285583496 0.04474318027496338 0.04009599983692169 -178.47642517089844 -0.03312363848090172 0.9859746098518372 -0.16353951394557953 -138.80941772460938 -0.04681483283638954 0.16132217645645142 0.9857877492904663 -607.8462524414063
#
#
#
#
#
#
#
#
#
#
#
#
* 0.9870188236236572 0.002679916564375162 0.16058212518692017 -199.9833526611328 -0.0077887047082185745 0.9994795918464661 0.031303513795137405 2.0614185333251953 -0.160415381193161 -0.03214668855071068 0.9865260124206543 -619.8283081054688
* 0.9989422559738159 0.0041457233019173145 0.04579365998506546 -189.10739135742188 -0.0037300782278180122 0.9999545812606812 -0.008771363645792007 20.11825180053711 -0.04582865908741951 0.008592464029788971 0.9989123940467834 -600.8466186523438
* 0.9951544404029846 0.015438620932400227 -0.09710420668125153 -175.03350830078125 -0.018620163202285767 0.9993102550506592 -0.03212727606296539 28.141908645629883 0.09654053300619125 0.03378087654709816 0.9947556853294373 -569.8434448242188
* 0.9939047694206238 0.00685067567974329 -0.110028475522995 -169.47080993652344 -0.007078920025378466 0.9999731779098511 -0.0018452219665050507 27.745792388916016 0.11001218855381012 0.0026140324771404266 0.9939268231391907 -563.4309692382813
* 0.9958122372627258 0.010715765878558159 -0.09079144150018692 -166.0386962890625 -0.012374799698591232 0.9997627139091492 -0.01792575977742672 26.44169807434082 0.09057710319757462 0.0189753919839859 0.995708703994751 -570.9146728515625
* 0.9939203262329102 0.010183789767324924 -0.10962909460067749 -158.2198944091797 -0.013237996026873589 0.9995387196540833 -0.027329914271831512 28.129940032958984 0.10929949581623077 0.028616202995181084 0.9935969114303589 -565.7921752929688
* 0.9916582107543945 0.003681186819449067 -0.12884201109409332 -151.1734161376953 -0.008866456337273121 0.9991670250892639 -0.03983272239565849 31.600547790527344 0.12858735024929047 0.04064400866627693 0.9908649921417236 -569.242919921875
* 0.9897013306617737 0.004247918259352446 -0.14308375120162964 -141.98037719726563 -0.0075563592836260796 0.9997134804725647 -0.022711127996444702 36.19952392578125 0.14294558763504028 0.023559624329209328 0.9894500374794006 -569.3269653320313
* 0.9907888174057007 0.00655080983415246 -0.1352563053369522 -131.97848510742188 -0.01081568282097578 0.9994623064994812 -0.030952690169215202 41.835205078125 0.13498008251190186 0.03213166445493698 0.9903271198272705 -570.4479370117188
* 0.9876295328140259 0.007020417135208845 -0.15664659440517426 -122.14904022216797 -0.01156603079289198 0.9995341897010803 -0.028239361941814423 42.36167526245117 0.15637464821338654 0.02970299869775772 0.9872510433197021 -567.5259399414063
* 0.9903742074966431 0.00883445329964161 -0.13813231885433197 -112.35314178466797 -0.014004922471940517 0.9992305636405945 -0.03663334622979164 35.09926986694336 0.13770167529582977 0.03821643814444542 0.9897361993789673 -572.96435546875
* 0.9890379905700684 0.0072714840061962605 -0.14748193323612213 -101.45819854736328 -0.009595988318324089 0.999838650226593 -0.015176702290773392 25.09913444519043 0.14734704792499542 0.016426747664809227 0.9889484643936157 -566.9391479492188
* 0.9933255910873413 0.008961484767496586 -0.11499519646167755 -94.85025024414063 -0.011877479963004589 0.9996204972267151 -0.02485254406929016 20.01954460144043 0.11472810059785843 0.026053698733448982 0.9930552840232849 -564.1060180664063
* 0.9926398396492004 0.006716362666338682 -0.12091752886772156 -92.05667114257813 -0.008828273043036461 0.9998149275779724 -0.017085706815123558 14.246888160705566 0.12077967077493668 0.018028631806373596 0.9925156831741333 -567.8624267578125
* 0.9878851175308228 0.00616295263171196 -0.15506508946418762 -86.11725616455078 -0.00750919571146369 0.999937891960144 -0.008212244138121605 8.398433685302734 0.1550041288137436 0.009278349578380585 0.9878703355789185 -563.677490234375
* 0.9860507249832153 0.005383156705647707 -0.1663583666086197 -78.59423828125 -0.009925861842930317 0.9995967745780945 -0.026594186201691628 6.549965858459473 0.16614742577075958 0.02787565253674984 0.9857069253921509 -564.7925415039063
* 0.9875813722610474 0.0048569198697805405 -0.15703365206718445 -72.31392669677734 -0.010500128380954266 0.9993234276771545 -0.0352398082613945 4.86413049697876 0.15675553679466248 0.03645223751664162 0.9869645833969116 -561.4105834960938
* 0.9936556220054626 0.008672615513205528 -0.11213047057390213 -71.91585540771484 -0.009088650345802307 0.9999527931213379 -0.003357736859470606 5.254571437835693 0.11209531128406525 0.004356725141406059 0.9936879873275757 -565.1220703125
* 0.9920352697372437 0.005143902264535427 -0.12585541605949402 -74.29281616210938 -0.002257636282593012 0.9997343420982361 0.022923961281776428 8.748821258544922 0.12593919038772583 -0.022456077858805656 0.9917837977409363 -563.4512329101563
