#
#
#
#
#
#
#
#
#
#
#
#
#
#
#
#
#
#
#
#
#
#
#
#
#
#
#
#
#
#
#
#
#
#
#
#
#
#
#
#
#
#
#
#
#
#
#
#
#
#
#
#
#
#
#
#
#
#
#
#
#
#
#
#
#
#
#
#
#
#
#
#
#
#
#
#
#
#
#
#
#
#
#
#
#
#
#
#
#
#
#
#
#
#
#
#
#
#
#
#
#
#
#
#
#
#
#
#
#
#
#
#
#
#
#
#
#
#
#
#
#
#
#
#
#
#
#
#
#
#
#
#
#
#
#
#
#
#
#
#
#
#
#
#
#
#
#
#
#
#
#
#
#
#
#
#
#
#
#
#
#
#
#
#
#
#
#
#
#
#
#
#
#
#
#
#
#
#
#
#
#
#
#
#
#
#
#
#
#
#
#
#
#
#
#
#
#
#
#
#
#
#
#
#
#
#
#
#
#
#
#
#
#
#
#
#
#
#
#
#
#
#
#
#
#
#
#
#
#
#
#
* 0.9878905415534973 0.061471305787563324 -0.1424551010131836 -392.4820556640625 -0.0654657706618309 0.9975787997245789 -0.02351032942533493 683.4657592773438 0.1406644880771637 0.032549940049648285 0.9895215630531311 -2341.411376953125
* 0.9937560558319092 0.042370740324258804 -0.1032152995467186 -418.12548828125 -0.04728952422738075 0.9978377223014832 -0.045669153332710266 671.9747314453125 0.10105662047863007 0.05026334896683693 0.9936096668243408 -2383.69775390625
#
#
#
#
#
* 0.8909386396408081 0.061790212988853455 0.44990119338035583 -542.9286499023438 0.07864989340305328 0.9547368884086609 -0.2868693172931671 520.3604125976563 -0.44726210832595825 0.2909632921218872 0.8457509279251099 -2561.304443359375
* 0.9349650144577026 0.02272905223071575 0.3540121614933014 -539.8745727539063 0.06534537672996521 0.9698361754417419 -0.23484033346176147 507.39166259765625 -0.3486708700656891 0.24269630014896393 0.9052761197090149 -2586.786376953125
* 0.8983049392700195 0.07221557199954987 0.43339812755584717 -514.2094116210938 0.0741501897573471 0.9473379254341125 -0.31153637170791626 483.4580078125 -0.43307143449783325 0.31198689341545105 0.8456424474716187 -2507.497802734375
* 0.914402425289154 0.07903464138507843 0.3970170021057129 -518.49609375 0.0647909864783287 0.939541220664978 -0.3362540900707245 484.0228576660156 -0.39958876371383667 0.33319035172462463 0.8539969325065613 -2555.357177734375
* 0.9365930557250977 0.12921546399593353 0.32572615146636963 -508.626220703125 0.031054291874170303 0.895271897315979 -0.44443920254707336 468.77264404296875 -0.3490411341190338 0.42636948823928833 0.8344920873641968 -2534.271240234375
* 0.9280982613563538 0.09156162291765213 0.3609027564525604 -511.67535400390625 0.029595203697681427 0.9480882287025452 -0.316631019115448 458.8656921386719 -0.37115806341171265 0.3045414686203003 0.8772079944610596 -2546.194580078125
* 0.9601284861564636 0.04603492468595505 0.2757439911365509 -524.0316162109375 0.0027700625360012054 0.9847366809844971 -0.17403516173362732 459.88818359375 -0.27954623103141785 0.16785594820976257 0.9453443884849548 -2587.762451171875
* 0.9437234401702881 0.009724767878651619 0.33059367537498474 -533.0977783203125 0.0019158096984028816 0.9993915557861328 -0.03485873341560364 465.140869140625 -0.3307306170463562 0.033526644110679626 0.9431281685829163 -2597.161376953125
* 0.9761662483215332 -0.02598373405635357 0.21546415984630585 -543.1428833007813 -1.4254450798034668E-4 0.9927294850349426 0.12037608027458191 481.2869567871094 -0.21702483296394348 -0.11754105985164642 0.969062328338623 -2611.010009765625
* 0.9992208480834961 0.03323634713888168 0.02129538543522358 -544.3807983398438 -0.03568805009126663 0.9911665320396423 0.12774021923542023 500.1064147949219 -0.016861407086253166 -0.1284039318561554 0.9915774464607239 -2589.1015625
* 0.9816311001777649 -0.03251243755221367 0.18799927830696106 -541.8202514648438 -0.01581786572933197 0.9681097865104675 0.25003111362457275 523.0370483398438 -0.19013245403766632 -0.24841494858264923 0.9498091340065002 -2604.3212890625
#
#
#
#
* 0.9095073938369751 0.08956184983253479 0.4059210419654846 -457.42340087890625 0.08915390819311142 0.911749005317688 -0.40096116065979004 651.702392578125 -0.40603357553482056 0.4008704423904419 0.821246325969696 -2600.862060546875
#
#
* 0.9135947227478027 0.09574078023433685 0.3951946794986725 -458.46173095703125 0.0696558803319931 0.9206728339195251 -0.38407066464424133 544.0166625976563 -0.40061551332473755 0.37841248512268066 0.8344523906707764 -2668.00439453125
* 0.7832998633384705 0.08164488524198532 0.6162596940994263 -463.0375671386719 0.12628409266471863 0.9497687816619873 -0.28634288907051086 518.2271728515625 -0.6086817979812622 0.3021160662174225 0.7336428761482239 -2586.10400390625
* 0.778425395488739 0.05880153924226761 0.6249775290489197 -499.2521057128906 0.1101614236831665 0.9673569202423096 -0.22822274267673492 522.2050170898438 -0.6179952621459961 0.24650275707244873 0.7465371489524841 -2622.598388671875
* 0.9546100497245789 0.05392376333475113 0.2929377555847168 -567.1878662109375 0.026545599102973938 0.9641614556312561 -0.26398608088493347 544.2256469726563 -0.29667365550994873 0.2597799003124237 0.9189661145210266 -2839.7158203125
* 0.9205302000045776 0.09410606324672699 0.3791685402393341 -574.6138305664063 0.0556408166885376 0.9290801882743835 -0.36567041277885437 507.576416015625 -0.3866889178752899 0.35770779848098755 0.8500096797943115 -2763.540771484375
* 0.8634301424026489 0.08680710196495056 0.49694424867630005 -602.5809936523438 0.07805202901363373 0.9502342343330383 -0.30160149931907654 491.5191650390625 -0.4983936548233032 0.29919928312301636 0.8136849999427795 -2795.9345703125
* 0.940060019493103 0.11041034013032913 0.3226410746574402 -628.6444091796875 0.06158638745546341 0.8756087422370911 -0.47907960414886475 469.97711181640625 -0.3354018032550812 0.4702337384223938 0.8163244128227234 -2816.68603515625
#
#
#
* 0.9917731881141663 0.052188850939273834 0.11688302457332611 -622.2666015625 -0.0031465040519833565 0.9227648377418518 -0.38535234332084656 330.8478698730469 -0.12797726690769196 0.3818163573741913 0.9153367877006531 -2877.618896484375
* 0.9766401648521423 0.013303717598319054 -0.21446791291236877 -613.197265625 -0.09362084418535233 0.9247228503227234 -0.36894989013671875 315.55615234375 0.19340477883815765 0.38041234016418457 0.9043696522712708 -2940.20654296875
#
* 0.9505599737167358 0.03245922923088074 -0.30883997678756714 -518.54296875 -0.05651741102337837 0.995995819568634 -0.06927122920751572 260.5687561035156 0.3053545653820038 0.08330119401216507 0.9485881328582764 -2709.254150390625
* 0.9652979373931885 0.009944913908839226 -0.26096177101135254 -491.08282470703125 -0.022975916042923927 0.9986340403556824 -0.046930424869060516 252.28501892089844 0.2601383328437805 0.05129760131239891 0.9642077088356018 -2666.08056640625
* 0.9876776337623596 0.016089946031570435 -0.15567289292812347 -496.1151123046875 -0.025432119145989418 0.9979807734489441 -0.058205727487802505 264.26239013671875 0.15442177653312683 0.06144750118255615 0.9860922694206238 -2769.390625
* 0.9914423823356628 0.06607898324728012 0.11258627474308014 -495.486083984375 -0.02212417498230934 0.9350041747093201 -0.353946328163147 281.15142822265625 -0.1286572515964508 0.3484261929988861 0.9284644722938538 -2827.102783203125
#
#
#
* 0.992044985294342 -0.06058698892593384 0.11032874137163162 -515.66748046875 0.027727557346224785 0.9601711630821228 0.2780332565307617 390.1852722167969 -0.12278013676404953 -0.2727685272693634 0.9542138576507568 -2832.323486328125
* 0.9888433814048767 -0.016253415495157242 0.1480576992034912 -548.2044677734375 0.008293017745018005 0.9984914064407349 0.05427992716431618 426.7239990234375 -0.1487169861793518 -0.05245228111743927 0.9874886274337769 -2935.083740234375
* 0.9994877576828003 -0.02407483384013176 -0.02100348472595215 -570.1690063476563 0.024931378662586212 0.9988435506820679 0.04111001640558243 453.97882080078125 0.019989416003227234 -0.04161835461854935 0.9989345073699951 -2963.933837890625
#
* 0.8180248737335205 0.041533537209033966 0.5736808180809021 -581.1192626953125 0.14057041704654694 0.9527075886726379 -0.2694198787212372 456.733642578125 -0.5577408075332642 0.3010367155075073 0.7735008001327515 -2804.9140625
* 0.8148674964904785 0.029983753338456154 0.5788706541061401 -607.7880859375 0.12695573270320892 0.9651802778244019 -0.22870983183383942 471.19854736328125 -0.56557297706604 0.25986114144325256 0.7826882004737854 -2832.349609375
#
* 0.9953344464302063 -0.027596276253461838 -0.0924292653799057 -634.2053833007813 0.01971554011106491 0.9961978793144226 -0.08484499156475067 468.178955078125 0.09441916644573212 0.08261246979236603 0.9920995235443115 -2788.8896484375
* 0.9959196448326111 -0.014069306664168835 -0.08911451697349548 -630.5491943359375 -0.005134629551321268 0.9773840308189392 -0.21140390634536743 455.51220703125 0.09007368981838226 0.21098531782627106 0.9733309745788574 -2730.498779296875
* 0.9954547882080078 -0.02173786051571369 -0.09269681572914124 -646.6956176757813 0.014240387827157974 0.9966500997543335 -0.08051764965057373 459.0171203613281 0.09413659572601318 0.07881726324558258 0.9924350380897522 -2766.7822265625
* 0.9933894276618958 -0.022307001054286957 -0.11258499324321747 -636.99609375 0.02707488089799881 0.9987814426422119 0.04122861474752426 443.46990966796875 0.11152801662683487 -0.04401922971010208 0.9927864670753479 -2701.701416015625
* 0.997227132320404 -0.06625930964946747 -0.0338132306933403 -661.8380126953125 0.06673406064510345 0.9976727962493896 0.013886908069252968 452.0068664550781 0.032813385128974915 -0.01611970365047455 0.999332070350647 -2799.356201171875
* 0.9998143911361694 0.006079370155930519 -0.01815805584192276 -667.6176147460938 -0.009038438089191914 0.9860621094703674 -0.16612385213375092 448.5242004394531 0.016895072534680367 0.16624324023723602 0.9859405755996704 -2837.676513671875
* 0.9993168711662292 -0.02579110488295555 -0.026383357122540474 -668.484130859375 0.026564432308077812 0.9991835951805115 0.030393436551094055 446.0308837890625 0.02557748556137085 -0.03108842670917511 0.9991899132728577 -2876.194091796875
#
* 0.9452098608016968 0.04258037358522415 0.32367417216300964 -680.3154907226563 0.048024341464042664 0.9625349044799805 -0.26687127351760864 458.3381042480469 -0.32291287183761597 0.2677939534187317 0.9077522158622742 -2964.37158203125
#
#
#
#
#
#
#
* 0.9896557331085205 0.004073517397046089 0.14340545237064362 -705.2304077148438 0.0316581204533577 0.9687701463699341 -0.2459246963262558 652.3146362304688 -0.1399228870868683 0.24792131781578064 0.958622932434082 -2886.111083984375
#
#
#
#
#
#
#
* 0.9942725300788879 0.002494797110557556 -0.10684385150671005 -648.5166625976563 -0.0016744080930948257 0.9999683499336243 0.007770061492919922 517.726318359375 0.10685987770557404 -0.007546722888946533 0.9942455291748047 -2705.892333984375
* 0.9980270266532898 -0.007090496830642223 0.062381550669670105 -665.0526123046875 0.012155767530202866 0.9966234564781189 -0.08120183646678925 536.5833129882813 -0.06159517914056778 0.08179989457130432 0.9947437047958374 -2767.41259765625
#
#
#
#
#
#
#
#
#
#
#
* 0.9039363265037537 0.043165095150470734 0.425483763217926 -523.2385864257813 0.023526206612586975 0.9883687496185303 -0.15024808049201965 169.9608612060547 -0.42701971530914307 0.1458236128091812 0.8924061059951782 -2700.68017578125
* 0.9409782290458679 0.04172798618674278 0.3358859717845917 -552.4842529296875 0.03644845262169838 0.9741091728210449 -0.22312241792678833 179.34161376953125 -0.33649951219558716 0.22219465672969818 0.9150937795639038 -2801.785400390625
#
#
#
#
#
#
#
#
#
#
#
#
#
#
#
#
#
#
#
#
#
#
#
#
#
#
#
#
#
#
#
#
#
#
#
#
#
#
#
#
#
#
#
#
#
#
#
#
#
#
#
#
#
#
#
#
#
#
#
#
#
#
#
#
#
#
#
#
#
#
#
#
#
#
#
#
#
#
#
#
#
#
#
#
#
#
#
#
#
#
#
#
#
#
#
#
#
#
#
#
#
#
#
#
#
#
#
#
#
#
#
#
#
#
#
#
#
#
#
#
#
#
#
#
#
#
#
#
#
#
#
#
#
#
#
#
#
#
#
#
#
#
#
#
#
#
#
#
#
#
#
#
#
#
#
#
#
#
#
#
#
#
#
#
#
#
#
#
#
#
#
#
#
#
#
#
#
#
#
#
#
#
#
#
#
#
#
#
#
#
#
#
#
#
#
#
#
#
#
#
#
#
#
#
#
#
#
#
#
#
#
#
#
#
#
#
#
#
#
#
#
#
#
#
#
#
#
#
#
#
#
#
#
#
#
#
#
#
#
#
#
#
#
#
#
#
#
#
#
#
#
#
#
#
#
#
#
#
#
#
#
#
#
#
#
#
#
#
* 0.9997308254241943 0.012865066528320313 -0.019435416907072067 -690.8419189453125 -0.015093863010406494 0.9913597106933594 -0.13025343418121338 400.6026611328125 0.0176176019012928 0.13051480054855347 0.991290271282196 -2604.42919921875
* 0.9997308254241943 0.012865066528320313 -0.019435416907072067 -690.8419189453125 -0.015093863010406494 0.9913597106933594 -0.13025343418121338 400.6026611328125 0.0176176019012928 0.13051480054855347 0.991290271282196 -2604.42919921875
#
#
#
#
#
#
#
#
#
#
#
#
#
#
#
#
#
#
#
#
#
#
#
#
#
#
#
#
#
#
#
#
#
#
#
#
#
#
#
#
#
#
#
#
#
#
#
#
#
#
#
#
#
#
#
#
#
#
#
#
#
#
#
#
#
#
#
#
#
#
#
#
#
#
#
#
#
#
#
#
#
#
#
#
#
#
#
#
#
#
#
#
#
#
#
#
#
#
#
#
#
#
#
#
#
#
#
#
#
* 0.9998137354850769 0.011330933310091496 -0.015626896172761917 -725.513916015625 -0.01191924512386322 0.9992049932479858 -0.03804829344153404 379.8720703125 0.015183024108409882 0.03822726011276245 0.9991535544395447 -2582.87841796875
* 0.9995654821395874 0.0011272975243628025 -0.029454819858074188 -733.2024536132813 -0.0032922609243541956 0.9972870945930481 -0.07353831082582474 383.8844299316406 0.029291685670614243 0.07360310852527618 0.9968571066856384 -2606.1162109375
* 0.9993844628334045 -0.024937909096479416 -0.024673862382769585 -722.053955078125 0.025108981877565384 0.9996625185012817 0.006669735070317984 380.80322265625 0.02449888177216053 -0.007285343017429113 0.999673068523407 -2568.040283203125
#
* 0.9979543089866638 8.453484624624252E-4 -0.06349920481443405 -727.0991821289063 -0.0015794145874679089 1.0000280141830444 0.008308559656143188 384.912109375 0.06328048557043076 -0.008193865418434143 0.9979597330093384 -2594.756591796875
* 0.9999169707298279 -0.009649683721363544 -0.004314221441745758 -720.7550659179688 0.008232960477471352 0.9993993043899536 -0.0355093851685524 382.7148132324219 0.00442853569984436 0.035469017922878265 0.999358594417572 -2577.772216796875
* 0.999648928642273 6.114593707025051E-4 -0.02544003166258335 -724.7894287109375 -0.004240262322127819 0.9957005977630615 -0.09322057664394379 385.4559326171875 0.025047216564416885 0.09328930079936981 0.9953215718269348 -2597.001953125
#
* 0.9909704327583313 -0.06475243717432022 0.11740447580814362 -741.2635498046875 0.0388505794107914 0.9767647385597229 0.210765540599823 395.4849853515625 -0.1283281147480011 -0.20430007576942444 0.9704608917236328 -2665.16748046875
* 0.9990065693855286 0.002039741724729538 -0.04450640454888344 -718.6356201171875 -0.007080645766109228 0.9935330152511597 -0.11332600563764572 383.4742431640625 0.04398350045084953 0.11352959275245667 0.9925611019134521 -2584.7958984375
* 0.9998533129692078 0.004353699740022421 0.016536209732294083 -727.5451049804688 -0.0022684482391923666 0.9922446608543396 -0.1242821142077446 389.1465759277344 -0.01695301942527294 0.12422740459442139 0.9921093583106995 -2619.40771484375
* 0.9997270703315735 0.014563887380063534 -0.018245406448841095 -721.1502075195313 -0.01640849933028221 0.9943150281906128 -0.1052100658416748 385.3934326171875 0.016605453565716743 0.10548171401023865 0.9942829608917236 -2596.1962890625
* 0.9976232647895813 -0.005946464836597443 -0.06864172965288162 -721.2371826171875 0.008770443499088287 0.9991226196289063 0.040961854159832 385.54266357421875 0.06833402812480927 -0.04146549850702286 0.9968008399009705 -2598.1875
* 0.9992105960845947 -0.0026163747534155846 -0.03963066637516022 -719.6868286132813 3.007806371897459E-4 0.9983029961585999 -0.058239247649908066 385.062744140625 0.03971186280250549 0.05818238854408264 0.9975162148475647 -2594.71826171875
* 0.9964739084243774 0.009582657366991043 -0.08335054665803909 -710.8712768554688 -0.008091196417808533 0.9998010396957397 0.018253538757562637 380.4449768066406 0.08350496739149094 -0.01751381903886795 0.9963538646697998 -2563.267578125
* 0.9993495941162109 -0.003157160710543394 -0.0359131321310997 -714.9509887695313 9.77872870862484E-4 0.998171329498291 -0.06044632941484451 382.71209716796875 0.036034371703863144 0.06037291884422302 0.9975256323814392 -2579.99267578125
#
* 0.9989585280418396 -0.00978442095220089 -0.04457714408636093 -726.8228149414063 0.007602594792842865 0.9987802505493164 -0.04877728968858719 388.3789367675781 0.04500321298837662 0.048388488590717316 0.9978137016296387 -2622.178955078125
#
* 0.8911457657814026 0.06112387031316757 0.4495810866355896 -734.9342041015625 0.09316787123680115 0.9451155066490173 -0.3131711483001709 391.8922119140625 -0.4440487027168274 0.32096797227859497 0.8365410566329956 -2658.01806640625
* 0.8960759043693542 0.07842384278774261 0.43691855669021606 -728.1824951171875 0.05743647366762161 0.9555119872093201 -0.2893053889274597 388.418212890625 -0.4401697814464569 0.2843349575996399 0.8517069220542908 -2634.624267578125
#
#
* 0.999039888381958 -0.01834181882441044 -0.03978411853313446 -713.2450561523438 0.01599777303636074 0.9981628656387329 -0.05843343585729599 379.9729919433594 0.04078450798988342 0.05774139240384102 0.9974980354309082 -2585.854248046875
#
#
* 0.9935733079910278 -0.014810146763920784 -0.1122509092092514 -721.1353149414063 0.001460275612771511 0.9930799007415771 -0.11740465462207794 384.4203796386719 0.11321008205413818 0.11649635434150696 0.9867181181907654 -2615.14990234375
#
* 0.99994295835495 0.002333960495889187 0.010419532656669617 -721.9151000976563 -1.3403035700321198E-4 0.9784978032112122 -0.20625528693199158 385.2400817871094 -0.010676421225070953 0.206242173910141 0.978442907333374 -2622.097412109375
#
#
* 0.9612337350845337 0.006242092698812485 -0.2756657004356384 -737.9736938476563 -0.09396716952323914 0.9473174214363098 -0.3062024414539337 397.0325622558594 0.2592318058013916 0.3202361464500427 0.9111789464950562 -2686.318359375
#
* 0.9973943829536438 -0.019118499010801315 -0.06954699754714966 -733.9255981445313 0.029873475432395935 0.9871678948402405 0.15686918795108795 394.3941345214844 0.06565448641777039 -0.15854206681251526 0.985167384147644 -2671.25927734375
#
#
* 0.9002863764762878 0.054768167436122894 0.4318501055240631 -740.0447998046875 0.06612640619277954 0.9633195996284485 -0.2600802481174469 400.16571044921875 -0.43025073409080505 0.26271840929985046 0.8636316657066345 -2704.6123046875
* 0.8101412653923035 0.07770098000764847 0.5810708403587341 -699.9970703125 0.11017163842916489 0.9533261656761169 -0.2811236083507538 377.5669250488281 -0.5757887959480286 0.2917819619178772 0.7637583613395691 -2562.91015625
#
#
* 0.8381074070930481 0.017267078161239624 0.5452313423156738 -706.942626953125 0.08434033393859863 0.9833623170852661 -0.1608632653951645 381.9613037109375 -0.5389469265937805 0.18083280324935913 0.8227064609527588 -2597.1923828125
#
#
#
#
#
#
#
#
* 0.9971029162406921 -0.013233799487352371 -0.07490237802267075 -705.9564819335938 0.010357820428907871 0.9991996884346008 -0.03863074630498886 381.6836853027344 0.07535409927368164 0.03774229437112808 0.9964425563812256 -2597.5908203125
#
* 0.8864945769309998 0.10864409804344177 0.4498045742511749 -717.9314575195313 0.09154105931520462 0.9116637706756592 -0.40061140060424805 390.3489074707031 -0.4535919427871704 0.39631474018096924 0.7982401847839355 -2649.72900390625
* 0.8343032598495483 0.04790801554918289 0.549220621585846 -707.2804565429688 0.08134756982326508 0.9746150970458984 -0.2085859477519989 384.4915466308594 -0.5452690124511719 0.21870101988315582 0.8092280626296997 -2614.45068359375
#
#
* 0.999765932559967 -0.009858640842139721 -0.01896945759654045 -707.9183959960938 0.007422767113894224 0.9921435117721558 -0.12488999217748642 387.5032653808594 0.02003302238881588 0.12471780180931091 0.9919953942298889 -2617.158447265625
#
* 0.9748533964157104 0.04902331531047821 0.21738871932029724 -750.2736206054688 0.02409881353378296 0.9465908408164978 -0.3215356469154358 408.2960205078125 -0.2215406596660614 0.31868892908096313 0.92160564661026 -2772.038818359375
#
* 0.8120661973953247 0.07951819151639938 0.5781216025352478 -694.3424072265625 0.12173651158809662 0.945791482925415 -0.3010913133621216 378.19403076171875 -0.5707254409790039 0.3148882985115051 0.7583664655685425 -2566.43505859375
* 0.8412749767303467 0.0860891044139862 0.5337080359458923 -709.364501953125 0.09378273785114288 0.9490275979042053 -0.300913006067276 387.049560546875 -0.5324097275733948 0.3032068908214569 0.7903210520744324 -2622.41259765625
* 0.8412749767303467 0.0860891044139862 0.5337080359458923 -709.364501953125 0.09378273785114288 0.9490275979042053 -0.300913006067276 387.049560546875 -0.5324097275733948 0.3032068908214569 0.7903210520744324 -2622.41259765625
#
* 0.8280088305473328 0.0761314406991005 0.5555222034454346 -699.8313598632813 0.09969225525856018 0.9549650549888611 -0.27946802973747253 380.695556640625 -0.5517813563346863 0.286785364151001 0.7831302881240845 -2586.273681640625
* 0.847036600112915 0.035232774913311005 0.5303651094436646 -703.0238647460938 0.08026451617479324 0.977879524230957 -0.19315402209758759 384.87847900390625 -0.5254392623901367 0.20618006587028503 0.8254725337028503 -2597.32470703125
#
* 0.9957268834114075 0.020870812237262726 -0.08994016796350479 -700.7172241210938 -0.026459895074367523 0.9977757334709167 -0.06120610237121582 384.4407043457031 0.08846054971218109 0.0633089616894722 0.9940646886825562 -2589.1162109375
#
* 0.9455103278160095 0.12627500295639038 0.30010658502578735 -723.9873657226563 0.05452917888760567 0.8472977876663208 -0.5283112525939941 398.3147277832031 -0.320992112159729 0.5158881545066833 0.794244110584259 -2683.219482421875
#
* 1.000000238418579 4.4885833631269634E-5 -7.092985324561596E-4 -704.5330810546875 -9.411151404492557E-5 0.996667742729187 -0.08159542083740234 391.4067687988281 6.920357700437307E-4 0.08159169554710388 0.996666669845581 -2610.556884765625
#
* 0.9957250952720642 0.009039878845214844 -0.09191745519638062 -730.9124145507813 -0.04764330014586449 0.902805507183075 -0.4273965358734131 404.1527099609375 0.0791308730840683 0.4299458861351013 0.8993792533874512 -2710.735595703125
#
#
* 0.856658399105072 -0.05578082054853439 0.5128622055053711 -695.7224731445313 0.040557317435741425 0.9983425736427307 0.040831051766872406 384.75439453125 -0.5142839550971985 -0.014177020639181137 0.8575011491775513 -2577.02001953125
* 0.8737083077430725 0.0021351799368858337 0.4864483177661896 -703.7823486328125 0.03365780785679817 0.997327983379364 -0.06483829021453857 388.9733581542969 -0.48528122901916504 0.07302351295948029 0.8713018298149109 -2611.691650390625
#
* 0.8388416171073914 0.03853264078497887 0.5430111289024353 -695.7549438476563 0.0839427188038826 0.9764061570167542 -0.19895844161510468 382.19293212890625 -0.5378620028495789 0.21247559785842896 0.8158168196678162 -2576.677734375
* 0.8194707632064819 0.052898108959198 0.5706755518913269 -695.5339965820313 0.09240967780351639 0.9705077409744263 -0.2226545810699463 381.56976318359375 -0.5656192898750305 0.23519404232501984 0.7904157638549805 -2572.129150390625
#
* 0.9997602701187134 -0.006172305904328823 0.02098490111529827 -701.369384765625 0.00950760766863823 0.9928687214851379 -0.11899130046367645 385.5144958496094 -0.020100867375731468 0.1191786527633667 0.9926692843437195 -2598.667236328125
#
* 0.998123049736023 -0.006429839879274368 -0.060926083475351334 -693.7916870117188 -0.0075044711120426655 0.974151074886322 -0.2257729470729828 381.85406494140625 0.06081419438123703 0.2258046418428421 0.9722696542739868 -2574.4248046875
#
* 0.9999403357505798 -0.010657064616680145 -0.002411879599094391 -710.3194580078125 0.010400081053376198 0.9960269331932068 -0.08844892680644989 390.72161865234375 0.0033439509570598602 0.08841836452484131 0.9960777759552002 -2634.6904296875
#
* 0.9995554685592651 -0.005987638607621193 -0.03043290227651596 -696.8836669921875 0.0028829965740442276 0.9958070516586304 -0.09274891763925552 380.05560302734375 0.030519843101501465 0.0927712544798851 0.9952120780944824 -2584.24560546875
* 0.9991070032119751 -0.016475597396492958 -0.039836619049310684 -695.03271484375 0.015461684204638004 0.9998164772987366 -0.019241034984588623 378.0232849121094 0.03980622440576553 0.018775643780827522 0.9990234971046448 -2572.950439453125
* 0.9998960494995117 0.003149222582578659 -0.016467968001961708 -696.236083984375 -0.00421126838773489 0.9989114999771118 -0.04899349808692932 378.9576416015625 0.01595609076321125 0.0492137148976326 0.9986533522605896 -2577.02783203125
* 0.9974706172943115 -0.0035022986121475697 -0.07150706648826599 -691.721435546875 0.0035428227856755257 1.0001065731048584 0.004046907648444176 376.452392578125 0.07115384191274643 -0.004122800659388304 0.9974493384361267 -2559.674072265625
* 0.9974706172943115 -0.0035022986121475697 -0.07150706648826599 -691.721435546875 0.0035428227856755257 1.0001065731048584 0.004046907648444176 376.452392578125 0.07115384191274643 -0.004122800659388304 0.9974493384361267 -2559.674072265625
* 0.9990874528884888 0.007262351457029581 0.04295211285352707 -717.203857421875 -0.004715838003903627 0.9979915022850037 -0.06505970656871796 389.1187438964844 -0.04366793856024742 0.06494960933923721 0.9969251751899719 -2652.25244140625
* 0.9967899322509766 0.0015585193177685142 -0.08050329238176346 -706.0791625976563 -0.004502336960285902 0.9995599985122681 -0.03318909555673599 380.7294921875 0.08006691187620163 0.03360418975353241 0.9962154030799866 -2609.513427734375
#
* 0.9973412752151489 3.7997588515281677E-4 -0.0728733018040657 -698.2291870117188 -0.0032627724576741457 0.9992161989212036 -0.0394563302397728 375.4901123046875 0.07280087471008301 0.03958968073129654 0.9965601563453674 -2580.201171875
#
* 0.9991191625595093 -0.010286856442689896 -0.040696948766708374 -698.5820922851563 0.009053952991962433 0.9994893670082092 -0.030640404671430588 367.6672058105469 0.04099187254905701 0.030251476913690567 0.9987014532089233 -2574.3115234375
#
* 0.8755884766578674 0.09467946738004684 0.47368815541267395 -724.003173828125 0.08765682578086853 0.9331769943237305 -0.34855934977531433 355.5393981933594 -0.47503721714019775 0.34673038125038147 0.8087777495384216 -2650.8544921875
#
#
#
#
#
#
#
#
#
#
#
#
#
#
#
#
#
#
#
#
#
#
#
#
#
#
#
#
#
#
#
#
#
#
#
#
#
#
#
#
#
#
#
#
#
#
#
#
#
#
#
#
#
#
#
#
#
#
#
#
#
#
#
#
#
#
#
#
#
#
#
#
#
#
#
#
#
#
#
#
#
#
#
#
#
#
#
#
#
#
#
#
#
#
#
#
#
#
#
#
#
#
#
#
#
#
#
#
#
#
#
#
#
#
#
#
#
#
#
#
#
#
#
#
#
#
#
#
#
#
#
#
#
#
#
#
#
#
#
#
#
#
#
#
#
#
#
#
#
#
#
#
#
#
#
#
#
#
#
#
#
#
#
#
#
#
#
#
#
#
#
#
#
#
#
#
#
#
#
#
#
#
#
#
#
#
#
#
#
#
#
#
#
#
#
#
#
#
#
#
#
#
#
#
#
#
#
#
#
#
#
#
#
* 0.999603807926178 -4.1996221989393234E-4 -0.028144877403974533 -751.3677368164063 2.9214750975370407E-4 0.9999892711639404 -0.004417702555656433 386.711181640625 0.028148256242275238 0.004407629370689392 0.9995943903923035 -2606.740234375
#
#
* 0.8459265828132629 0.027935314923524857 0.5325682163238525 -742.4579467773438 0.08980688452720642 0.9769041538238525 -0.1938895285129547 379.6798400878906 -0.525682806968689 0.21184414625167847 0.8238801956176758 -2584.0498046875
#
#
#
#
#
#
#
#
#
#
#
#
#
#
#
#
#
#
#
#
#
#
#
#
#
#
#
#
#
#
#
#
#
#
#
#
#
#
#
#
#
#
#
#
#
#
#
#
#
#
#
#
#
#
#
#
#
#
#
#
#
#
#
#
#
#
* 0.9977368116378784 0.030526161193847656 -0.05989781767129898 -692.5232543945313 -0.04139486327767372 0.9810026288032532 -0.1895226091146469 371.6142883300781 0.05297436937689781 0.19157148897647858 0.9800483584403992 -2538.02392578125
* 0.9990972280502319 -0.018351510167121887 -0.03829304501414299 -699.64892578125 0.017875660210847855 0.9997594356536865 -0.01265573501586914 375.07196044921875 0.038515783846378326 0.011957764625549316 0.9991868138313293 -2562.303955078125
* 0.9944378137588501 0.010873526334762573 -0.1047554463148117 -684.2857055664063 -0.019726721569895744 0.9962847232818604 -0.08382321894168854 365.6907958984375 0.10345469415187836 0.08542155474424362 0.990959644317627 -2496.7822265625
* 0.9982846975326538 4.260112182237208E-4 -0.0585322268307209 -704.590576171875 -0.00486381258815527 0.9971221685409546 -0.07564642280340195 373.8743591308594 0.05833134427666664 0.07579942792654037 0.9954158663749695 -2565.285400390625
* 0.9890205264091492 0.028356995433568954 -0.14502671360969543 -707.4808349609375 -0.045594699680805206 0.9920920133590698 -0.11693298816680908 370.18963623046875 0.1405639946460724 0.12225974351167679 0.9824943542480469 -2555.7138671875
#
#
#
#
#
#
#
#
#
#
#
#
#
#
#
#
#
#
#
#
#
#
#
#
#
#
#
#
#
#
#
#
#
* 0.934578537940979 0.006039376836270094 -0.3557036519050598 -662.399658203125 -0.042179837822914124 0.9946781992912292 -0.09395857155323029 372.71099853515625 0.35325300693511963 0.10281258821487427 0.9298621416091919 -2584.796630859375
* 0.9999098181724548 -0.0012045560870319605 -0.013327062129974365 -655.3558349609375 3.1465524807572365E-4 0.9977360963821411 -0.06719152629375458 374.57012939453125 0.013386107981204987 0.0671784058213234 0.997651994228363 -2570.96533203125
#
* 0.9972972869873047 0.0025141164660453796 -0.07339984178543091 -651.9578857421875 -9.085117490030825E-4 0.9997653961181641 0.02165638655424118 377.3099670410156 0.07343010604381561 -0.021534666419029236 0.997069239616394 -2555.234619140625
* 0.998100996017456 -0.013852688483893871 -0.05998413637280464 -642.8033447265625 0.01709563098847866 0.9984169602394104 0.05358948931097984 371.1593322753906 0.05913972854614258 -0.05451665073633194 0.9967613220214844 -2508.46826171875
#
* 0.9904883503913879 0.03304128721356392 -0.13357201218605042 -641.0532836914063 -0.04346663877367973 0.9961684942245483 -0.07589523494243622 369.5177001953125 0.13055242598056793 0.08097826689481735 0.9881284832954407 -2497.458740234375
* 0.9869855046272278 0.0114657673984766 -0.16040119528770447 -636.794921875 -0.014408963732421398 0.9997488856315613 -0.017191443592309952 366.6597595214844 0.16016362607479095 0.01927797868847847 0.9869018793106079 -2479.365966796875
#
* 0.8456500172615051 0.018768638372421265 0.5334044694900513 -666.0169677734375 0.09059225767850876 0.9798322916030884 -0.1781049370765686 379.5265197753906 -0.5259962677955627 0.19893765449523926 0.8268949389457703 -2577.0302734375
#
* 0.9921787977218628 -0.029194630682468414 0.12141561508178711 -676.205810546875 0.02533888630568981 0.9991376996040344 0.03249207139015198 379.18505859375 -0.122207410633564 -0.029150396585464478 0.9920735359191895 -2601.86279296875
#
#
* 0.8226801156997681 0.09020125865936279 0.561306893825531 -656.859375 0.10683247447013855 0.9452083110809326 -0.30849382281303406 357.7740783691406 -0.5583804249763489 0.3137820363044739 0.7679562568664551 -2486.327392578125
#
* 0.9949777126312256 -0.003998796921223402 -0.10005097091197968 -658.2887573242188 -0.006294505670666695 0.9944587349891663 -0.10442522913217545 355.78472900390625 0.10015834867954254 0.1044687032699585 0.989467203617096 -2478.202392578125
#
* 0.9997418522834778 -0.007530867587774992 -0.021431051194667816 -680.25439453125 0.008102575317025185 0.9996094107627869 0.02674560248851776 365.60333251953125 0.021221432834863663 -0.0269123837351799 0.9994125366210938 -2556.927001953125
* 0.9998460412025452 -0.01632031239569187 -0.006423398852348328 -683.0164184570313 0.016358397901058197 0.9998480081558228 0.006016493774950504 367.3278503417969 0.006324406713247299 -0.0061206757090985775 0.999961256980896 -2567.06884765625
#
#
* 0.9996873736381531 -0.0025672861374914646 -0.02476613223552704 -682.8049926757813 9.894617833197117E-4 0.9980575442314148 -0.06234932690858841 367.3050231933594 0.024853631854057312 0.06231112778186798 0.9977495670318604 -2569.8603515625
* 0.9949676990509033 0.0032363359350711107 -0.1001177653670311 -662.1126098632813 -0.016590647399425507 0.9910408854484558 -0.13255226612091064 359.9267578125 0.09876745939254761 0.1335519403219223 0.986110270023346 -2506.04296875
#
* 0.7864068746566772 0.08451820909976959 0.6118994951248169 -644.037353515625 0.1450881063938141 0.9376091957092285 -0.31597214937210083 363.86529541015625 -0.6004279851913452 0.33726105093955994 0.7250800728797913 -2482.17724609375
#
* 0.8136935830116272 -0.06997296959161758 0.5770666003227234 -676.35107421875 0.03790214657783508 0.9970033168792725 0.06744399666786194 395.525390625 -0.5800597667694092 -0.03300541639328003 0.8139057755470276 -2640.91748046875
* 0.837619960308075 0.09899703413248062 0.537207305431366 -653.0886840820313 0.10314524173736572 0.9370849132537842 -0.3335173726081848 383.3757629394531 -0.5364294052124023 0.3347719609737396 0.774708092212677 -2559.7373046875
* 0.8708692789077759 0.05247990041971207 0.4887043237686157 -663.2222900390625 0.07316244393587112 0.969365119934082 -0.2344769984483719 389.47576904296875 -0.48604169487953186 0.23995456099510193 0.8403491973876953 -2599.277099609375
* 0.7908117175102234 0.056733567267656326 0.6094238758087158 -646.5873413085938 0.10521788895130157 0.9682698845863342 -0.226679265499115 381.0540771484375 -0.6029503345489502 0.24338382482528687 0.7597477436065674 -2531.238037109375
#
#
* 0.8188741207122803 0.10530413687229156 0.5642316341400146 -647.0006713867188 0.08956937491893768 0.9475399851799011 -0.3068297207355499 379.59210205078125 -0.5669386386871338 0.30179184675216675 0.7664859890937805 -2535.296875
#
* 0.9933938980102539 0.004452865570783615 -0.1127920001745224 -655.3218383789063 -0.015923328697681427 0.9999984502792358 -0.02920672297477722 383.8795166015625 0.11050079762935638 0.030896704643964767 0.9933896064758301 -2562.802001953125
#
#
* 0.8838225603103638 0.10245157778263092 0.45646440982818604 -653.1376342773438 0.09164077043533325 0.9189026355743408 -0.38369059562683105 381.9884948730469 -0.45875898003578186 0.3809477686882019 0.8027588725090027 -2550.780517578125
* 0.8971856832504272 0.06182563304901123 0.43730300664901733 -658.4329223632813 0.06552640348672867 0.9605575799942017 -0.2702481746673584 384.8428955078125 -0.4367658793926239 0.27112019062042236 0.8577483892440796 -2570.82666015625
#
* 0.9973831176757813 -0.014236301183700562 0.07080898433923721 -668.02001953125 0.014170265756547451 0.9999058246612549 0.002407267689704895 390.37188720703125 -0.07087637484073639 -0.0014061033725738525 0.9974862933158875 -2606.0029296875
* 0.9958406090736389 0.009932848624885082 -0.09051239490509033 -658.0361938476563 -0.013104104436933994 0.9993010759353638 -0.03526994213461876 384.1595458984375 0.09005899727344513 0.03629978373646736 0.9952768683433533 -2564.753662109375
* 0.9992486238479614 -7.737088017165661E-4 -0.03861767798662186 -654.25 0.0018278249772265553 0.999682605266571 0.02548804134130478 382.20208740234375 0.03854573145508766 -0.025548476725816727 0.9989323616027832 -2550.973876953125
* 0.9999164342880249 -0.007018090225756168 0.010374121367931366 -657.7471313476563 0.007361141499131918 0.9996271729469299 -0.026636792346835136 384.3316650390625 -0.01022326573729515 0.026702091097831726 0.9995933175086975 -2565.856201171875
* 0.9999164342880249 -0.007018090225756168 0.010374121367931366 -657.7471313476563 0.007361141499131918 0.9996271729469299 -0.026636792346835136 384.3316650390625 -0.01022326573729515 0.026702091097831726 0.9995933175086975 -2565.856201171875
* 0.9999164342880249 -0.007018090225756168 0.010374121367931366 -657.7471313476563 0.007361141499131918 0.9996271729469299 -0.026636792346835136 384.3316650390625 -0.01022326573729515 0.026702091097831726 0.9995933175086975 -2565.856201171875
* 0.9922702312469482 0.003848245134577155 -0.12399515509605408 -655.1034545898438 0.0025222967378795147 0.998723566532135 0.05062621086835861 382.3187255859375 0.12399186193943024 -0.05055675283074379 0.9909965991973877 -2550.777099609375
* 0.9991837739944458 -0.010189245454967022 -0.03895990550518036 -663.9366455078125 0.00906104315072298 0.999494194984436 -0.03077966719865799 387.798828125 0.039213791489601135 0.030392810702323914 0.9987706542015076 -2587.431884765625
* 0.9991837739944458 -0.010189245454967022 -0.03895990550518036 -663.9366455078125 0.00906104315072298 0.999494194984436 -0.03077966719865799 387.798828125 0.039213791489601135 0.030392810702323914 0.9987706542015076 -2587.431884765625
* 0.9993350505828857 0.014751246199011803 -0.03319264203310013 -669.1303100585938 -0.017492366954684258 0.996149480342865 -0.08601376414299011 391.1059875488281 0.031756218522787094 0.08652739226818085 0.9957453608512878 -2605.81982421875
#
* 0.8196713328361511 -0.017295271158218384 0.5725727081298828 -677.13818359375 0.05470673739910126 0.9973390102386475 -0.0481887012720108 395.29779052734375 -0.5702160596847534 0.07082200050354004 0.8184363842010498 -2638.397216796875
* 0.8691318035125732 0.013444837182760239 0.4943974018096924 -666.3734741210938 0.0733228325843811 0.9850816130638123 -0.15568584203720093 388.42877197265625 -0.4891153573989868 0.17156167328357697 0.8551800847053528 -2593.84521484375
* 0.8691318035125732 0.013444837182760239 0.4943974018096924 -666.3734741210938 0.0733228325843811 0.9850816130638123 -0.15568584203720093 388.42877197265625 -0.4891153573989868 0.17156167328357697 0.8551800847053528 -2593.84521484375
* 0.7886551022529602 0.0708591416478157 0.6107386350631714 -643.4467163085938 0.10971935838460922 0.9611724615097046 -0.2531979978084564 373.5160827636719 -0.604966938495636 0.2666953206062317 0.7502591609954834 -2506.495849609375
* 0.8182218074798584 0.04079260304570198 0.5734531879425049 -658.4072265625 0.0706586018204689 0.9827816486358643 -0.17072680592536926 381.1031799316406 -0.5705440640449524 0.18021133542060852 0.801251232624054 -2562.87744140625
* 0.8289704918861389 0.07642669230699539 0.5540454983711243 -659.0882568359375 0.08442816138267517 0.9621680378913879 -0.25904548168182373 380.7071838378906 -0.5528832674026489 0.26151764392852783 0.7911566495895386 -2566.024658203125
* 0.8545948266983032 0.03995031863451004 0.5177558660507202 -659.7977294921875 0.09152984619140625 0.9698389768600464 -0.22590860724449158 380.7106628417969 -0.5111653208732605 0.24044997990131378 0.8251630663871765 -2566.224853515625
* 0.820633590221405 0.07162900269031525 0.566947340965271 -648.3063354492188 0.10968825966119766 0.9539217352867126 -0.2792879045009613 371.73016357421875 -0.5608289837837219 0.29138004779815674 0.7749637961387634 -2523.51416015625
* 0.8412410616874695 0.054944075644016266 0.5378607511520386 -659.7052612304688 0.08362254500389099 0.9696294665336609 -0.22983883321285248 377.6124572753906 -0.53415447473526 0.23832666873931885 0.8110979199409485 -2568.57958984375
#
* 0.9997055530548096 0.013134956359863281 -0.020878847688436508 -663.22900390625 -0.016493521630764008 0.9773044586181641 -0.2110767811536789 375.8680725097656 0.0177962277084589 0.21136994659900665 0.9772464632987976 -2580.634765625
#
* 0.9725764989852905 0.008732566609978676 -0.23241938650608063 -668.3638305664063 -0.03887806832790375 0.9913517832756042 -0.1253736913204193 375.4065246582031 0.22928756475448608 0.13097968697547913 0.9645085334777832 -2598.566650390625
#
* 0.9991022944450378 -0.0012115780264139175 -0.04219277203083038 -669.0325317382813 -7.102210074663162E-4 0.9993208050727844 -0.03726877272129059 372.1895446777344 0.042133480310440063 0.03726406395435333 0.9984159469604492 -2603.3701171875
* 0.9779983758926392 0.0017668047221377492 -0.20857420563697815 -636.7283935546875 -0.007054776884615421 0.9997276067733765 -0.02294325642287731 352.6859130859375 0.20840096473693848 0.023908603936433792 0.977750301361084 -2476.93701171875
#
* 0.995962917804718 0.010541063733398914 -0.08906719833612442 -646.8582153320313 -0.012939398176968098 0.9996029138565063 -0.025343872606754303 357.8340148925781 0.08874939382076263 0.026281660422682762 0.9956979751586914 -2513.039306640625
* 0.997959315776825 0.004169177729636431 -0.06360805779695511 -661.0026245117188 -0.005913157481700182 0.9996578097343445 -0.02578863315284252 364.7923889160156 0.06346292048692703 0.025999844074249268 0.9976363182067871 -2574.041259765625
* 0.9957215189933777 -0.0038401831407099962 -0.09225036203861237 -648.3450317382813 6.040915613994002E-4 0.9994269609451294 -0.03407583758234978 356.98590087890625 0.09231151640415192 0.03376211225986481 0.9951484799385071 -2526.194580078125
* 0.992749035358429 0.00618991581723094 -0.11998845636844635 -644.9064331054688 -0.016109928488731384 0.9965835213661194 -0.08110281825065613 354.5719909667969 0.11906132102012634 0.0823352113366127 0.9894580245018005 -2512.11572265625
