#
#
#
#
#
#
#
#
#
#
#
#
#
#
#
#
#
#
#
#
#
#
#
#
#
#
#
#
#
#
#
#
#
#
#
#
#
#
#
#
#
#
#
#
#
#
#
#
#
#
#
#
#
#
#
#
#
#
#
#
#
#
#
#
#
#
#
#
#
#
#
#
#
#
#
#
#
#
#
#
#
#
#
#
#
#
#
#
#
#
#
#
#
#
#
#
#
#
#
#
#
#
#
#
#
#
#
#
#
#
#
#
#
#
#
#
#
#
#
#
#
#
#
#
#
#
#
#
#
#
#
#
#
#
#
#
#
#
#
#
#
#
#
#
#
#
#
#
#
#
#
#
#
#
#
#
#
#
#
#
#
#
#
#
#
#
#
#
#
#
#
#
#
#
#
#
#
#
#
#
#
#
#
#
#
#
#
#
#
#
#
#
#
#
#
#
#
#
#
#
#
#
#
#
#
#
#
#
#
#
#
#
#
#
#
#
#
#
#
#
#
#
#
#
#
#
#
#
#
#
#
#
#
#
#
#
#
#
#
#
#
#
#
#
#
#
#
#
#
#
#
#
#
#
#
#
#
#
#
#
#
#
#
#
#
#
#
#
#
#
#
#
#
#
#
#
#
#
#
#
#
#
#
#
#
#
#
#
#
#
#
#
#
#
#
#
#
#
#
#
#
#
#
#
#
#
#
#
#
#
#
#
#
#
#
#
#
#
#
#
#
#
#
#
#
#
#
#
#
#
#
#
#
#
#
#
#
#
#
#
#
#
#
#
#
#
#
#
#
#
#
#
#
#
#
#
#
#
#
#
#
#
#
#
#
#
#
#
#
#
#
#
#
#
#
#
#
#
#
#
#
#
#
#
#
#
#
#
#
#
#
#
#
#
#
#
#
#
#
#
#
#
#
#
#
#
#
#
#
#
#
#
#
#
#
#
#
#
#
#
#
#
#
#
#
#
#
#
#
#
#
#
#
#
#
#
#
#
#
#
#
#
#
#
#
#
#
#
#
#
#
#
#
#
#
#
#
#
#
#
#
#
#
#
#
#
#
#
#
#
#
#
#
#
#
#
#
#
#
#
#
#
#
#
#
#
#
#
#
#
#
#
#
#
#
#
#
#
#
#
#
#
#
#
#
#
#
#
#
#
#
#
#
#
#
#
#
#
#
#
#
#
#
#
#
#
#
#
#
#
#
#
#
#
#
#
#
#
#
#
#
#
#
#
#
#
#
#
#
#
#
#
#
#
#
#
#
#
#
#
#
#
#
#
#
#
#
#
#
#
#
#
#
#
#
#
#
#
#
#
#
#
#
#
#
#
#
#
#
#
#
#
#
#
#
#
#
#
#
#
#
#
#
#
#
#
#
#
#
#
#
#
#
#
#
#
#
#
#
#
#
#
#
#
#
#
#
#
#
#
#
#
#
#
#
#
#
#
#
#
#
#
#
#
#
#
#
#
#
#
#
#
* 0.9983354806900024 0.03542210906744003 0.045485224574804306 -38.775333404541016 -0.04620711877942085 0.9636406898498535 0.2631809711456299 28.416000366210938 -0.034508123993873596 -0.264845073223114 0.9636732935905457 -447.697021484375
* 0.9988921880722046 0.042308252304792404 0.020536351948976517 -47.10205841064453 -0.04521162807941437 0.9844523072242737 0.16974207758903503 7.017429828643799 -0.013034705072641373 -0.17048296332359314 0.9852743744850159 -443.5960388183594
* 0.9953213334083557 0.0381498709321022 0.08875477313995361 -52.789276123046875 -0.0531780831515789 0.9834229946136475 0.17336097359657288 -10.168848991394043 -0.08066891878843307 -0.17727014422416687 0.9808505177497864 -443.0821228027344
* 0.9925740361213684 0.03617721423506737 0.11612619459629059 -56.6826057434082 -0.06143592298030853 0.9731739163398743 0.22172224521636963 -27.60391616821289 -0.10498881340026855 -0.22721053659915924 0.9681697487831116 -443.18768310546875
* 0.9975386261940002 0.05966578423976898 -0.036795347929000854 -58.533958435058594 -0.06171433627605438 0.9964920878410339 -0.05654899775981903 -42.1767692565918 0.033293142914772034 0.058680132031440735 0.9977215528488159 -433.38177490234375
* 0.9921729564666748 0.0539436899125576 -0.11260651797056198 -60.5178108215332 -0.0495157465338707 0.9978923201560974 0.04197808355093002 -48.526611328125 0.11463452875614166 -0.03607421740889549 0.9927524924278259 -425.38641357421875
* 0.9873374104499817 0.05457447096705437 -0.14894205331802368 -65.18815612792969 -0.04674847051501274 0.9973530769348145 0.05571779981255531 -49.52902603149414 0.15158948302268982 -0.04804994910955429 0.9872748851776123 -424.621337890625
* 0.9914093613624573 0.05710947886109352 -0.11765700578689575 -73.36126708984375 -0.04952859506011009 0.9965518712997437 0.06658919155597687 -46.09744644165039 0.12105510383844376 -0.060190245509147644 0.9908192157745361 -433.2514343261719
* 0.9970309138298035 0.05483754724264145 -0.05403168126940727 -82.83147430419922 -0.053491801023483276 0.9982178211212158 0.026504481211304665 -37.860618591308594 0.05538976937532425 -0.023536015301942825 0.9981873035430908 -441.3901062011719
* 0.9974076151847839 0.05200008302927017 0.04971182718873024 -91.94844055175781 -0.053408440202474594 0.9982115030288696 0.02690838649868965 -26.35249137878418 -0.04822273179888725 -0.029494144022464752 0.9984009265899658 -450.58331298828125
* 0.9986060261726379 0.05273544415831566 -0.001431492157280445 -99.27005767822266 -0.05270436033606529 0.9982592463493347 0.026523295789957047 -12.289013862609863 0.002828654833137989 -0.026411360129714012 0.9996469020843506 -448.99737548828125
* 0.9983196258544922 0.05696927383542061 -0.01046670600771904 -109.65631103515625 -0.05679428204894066 0.9982152581214905 0.01853429526090622 2.359299659729004 0.011504835449159145 -0.017909172922372818 0.9997730851173401 -453.6490478515625
* 0.9917324781417847 0.051439400762319565 -0.11754928529262543 -123.24678802490234 -0.0459541417658329 0.9977365136146545 0.049119994044303894 17.818288803100586 0.1198108047246933 -0.04331248253583908 0.9918511509895325 -453.6050109863281
* 0.9701208472251892 0.05460551753640175 -0.23639114201068878 -136.35023498535156 -0.053153522312641144 0.9985079169273376 0.01262298971414566 29.305322647094727 0.23672854900360107 3.187164547853172E-4 0.9715754389762878 -437.2904357910156
* 0.9695976376533508 0.05081266537308693 -0.23936490714550018 -152.8294219970703 -0.04952818155288696 0.9987080693244934 0.011488189920783043 36.627689361572266 0.2396402359008789 7.159169763326645E-4 0.9708611369132996 -429.3035888671875
* 0.9805039167404175 0.043214790523052216 -0.19168074429035187 -169.8648681640625 -0.04275231435894966 0.9990648031234741 0.006682106293737888 42.77315902709961 0.1917910873889923 0.0016424870118498802 0.9814341068267822 -428.294189453125
* 0.9915556907653809 0.04278413951396942 -0.12240789085626602 -181.5067138671875 -0.044539205729961395 0.9989437460899353 -0.01142811868339777 47.283897399902344 0.12179052829742432 0.016783086583018303 0.9924136400222778 -424.89312744140625
#
#
#
* 0.9954614043235779 0.038106683641672134 -0.0869428962469101 -177.5099334716797 -0.040663618594408035 0.9989665150642395 -0.021158501505851746 50.97486877441406 0.08605346828699112 0.02455960586667061 0.9959881901741028 -423.37310791015625
* 0.9966298937797546 0.039948470890522 -0.07132740318775177 -172.85073852539063 -0.04238083213567734 0.9988127946853638 -0.02474173903465271 50.71373748779297 0.07026101648807526 0.027643030509352684 0.9971460103988647 -424.3314514160156
* 0.9965949654579163 0.036768823862075806 -0.07349283248186111 -168.93080139160156 -0.03803407773375511 0.9992617964744568 -0.00803736038506031 50.64612579345703 0.07314956933259964 0.010766847059130669 0.9972633719444275 -423.4001770019531
* 0.9958046674728394 0.03965753689408302 -0.08218901604413986 -165.6083984375 -0.04257813096046448 0.9987457990646362 -0.027004677802324295 51.13850784301758 0.08102172613143921 0.030352609232068062 0.996250569820404 -423.1154479980469
* 0.9949560165405273 0.04234267398715019 -0.09068766981363297 -161.882568359375 -0.045040056109428406 0.9987714290618896 -0.021502461284399033 50.774383544921875 0.08967264741659164 0.025440335273742676 0.9956468343734741 -422.0715026855469
* 0.9945211410522461 0.037016645073890686 -0.0975307896733284 -158.20965576171875 -0.038074590265750885 0.9992877840995789 -0.0031117983162403107 49.87289047241211 0.0973527729511261 0.006769797299057245 0.9952274560928345 -422.3844909667969
* 0.9938428997993469 0.04227638989686966 -0.10219495743513107 -153.95501708984375 -0.045917630195617676 0.9985745549201965 -0.02785462513566017 49.85007095336914 0.10087865591049194 0.03233747184276581 0.9943736791610718 -423.5839538574219
* 0.9937318563461304 0.04137937352061272 -0.1036323830485344 -148.85523986816406 -0.045026589184999466 0.9986250996589661 -0.02749806083738804 50.59851837158203 0.10235897451639175 0.03195372223854065 0.9942348003387451 -423.6573791503906
* 0.9933574199676514 0.04613761231303215 -0.10520056635141373 -143.6042938232422 -0.04896719381213188 0.9986381530761719 -0.018963376060128212 51.048423767089844 0.10418946295976639 0.023950569331645966 0.9942696690559387 -423.80242919921875
* 0.9930797815322876 0.04504280537366867 -0.10825295746326447 -138.35494995117188 -0.04798310995101929 0.9986783266067505 -0.019358258694410324 51.34770584106445 0.10724500566720963 0.024380384013056755 0.9939342737197876 -422.783203125
* 0.9934350252151489 0.04731016978621483 -0.10394035279750824 -134.11578369140625 -0.051031459122896194 0.99832683801651 -0.02783517725765705 51.84141540527344 0.1024567261338234 0.032918501645326614 0.9941933155059814 -423.0030212402344
* 0.9938602447509766 0.04765769839286804 -0.09962723404169083 -130.35475158691406 -0.05098525062203407 0.998397171497345 -0.025280974805355072 52.464508056640625 0.09826985746622086 0.03016708977520466 0.9947031736373901 -423.6558837890625
* 0.9931040406227112 0.049122683703899384 -0.10623689740896225 -126.83895874023438 -0.05229569971561432 0.9984109401702881 -0.02182125858962536 53.590972900390625 0.10500340163707733 0.027188319712877274 0.9941008687019348 -423.9251708984375
* 0.9939955472946167 0.049532562494277954 -0.09733618050813675 -123.59095764160156 -0.05476704612374306 0.9974654912948608 -0.045809902250766754 53.946170806884766 0.09482766687870026 0.05082763358950615 0.9941959381103516 -423.76983642578125
* 0.9924163818359375 0.0499129481613636 -0.11213112622499466 -120.45472717285156 -0.05163208767771721 0.9986569881439209 -0.007334129884839058 54.329566955566406 0.11162170767784119 0.013029796071350574 0.9936660528182983 -421.4080810546875
* 0.9938136339187622 0.04615079611539841 -0.10079395025968552 -118.92493438720703 -0.04862105846405029 0.9986997246742249 -0.016442058607935905 54.64602279663086 0.09991113096475601 0.021202804520726204 0.9947711229324341 -422.8938903808594
* 0.9927557110786438 0.04858759045600891 -0.10968241840600967 -117.27828979492188 -0.05197233334183693 0.9984033703804016 -0.022916844114661217 54.6075325012207 0.10840105265378952 0.02841310016810894 0.9937018156051636 -422.2365417480469
* 0.9924903512001038 0.049806058406829834 -0.11152150481939316 -115.96920013427734 -0.05152340605854988 0.9986621737480164 -0.007396082393825054 54.343929290771484 0.11101116985082626 0.013048239052295685 0.9937341809272766 -422.191650390625
* 0.993025541305542 0.05087748169898987 -0.10614390671253204 -115.40800476074219 -0.0526522696018219 0.9985941052436829 -0.00854379590600729 54.33642578125 0.10556724667549133 0.014034672640264034 0.9943138360977173 -422.1535339355469
* 0.9918087720870972 0.05037539079785347 -0.11718576401472092 -115.09552764892578 -0.05283341929316521 0.9985361099243164 -0.013028685003519058 54.10856246948242 0.1163652092218399 0.0190750639885664 0.9930240511894226 -421.5528259277344
* 0.9925989508628845 0.05128492787480354 -0.10987260937690735 -115.27825164794922 -0.052799955010414124 0.9986067414283752 -0.005674725864082575 54.073524475097656 0.10943577438592911 0.011395729146897793 0.9939292669296265 -421.4007263183594
* 0.9927353262901306 0.04905670881271362 -0.10965663194656372 -115.73109436035156 -0.05031304433941841 0.9987452030181885 -0.0034669856540858746 54.081031799316406 0.1093561202287674 0.008920662105083466 0.9939633011817932 -420.8440246582031
* 0.9929870963096619 0.046868640929460526 -0.10832597315311432 -117.0074462890625 -0.047960855066776276 0.9988645315170288 -0.002186749130487442 54.52643966674805 0.10810752958059311 0.007328507490456104 0.9941129088401794 -422.17669677734375
* 0.9935003519058228 0.047945860773324966 -0.10301873087882996 -118.9979248046875 -0.050769198685884476 0.9985411167144775 -0.019327688962221146 55.30250549316406 0.10194886475801468 0.024394050240516663 0.9944911599159241 -423.51251220703125
* 0.9938087463378906 0.0459715910255909 -0.10092263668775558 -121.13351440429688 -0.04938485100865364 0.9984638094902039 -0.025820961222052574 56.35150146484375 0.09958760440349579 0.03060697577893734 0.994558572769165 -423.85369873046875
* 0.9931791424751282 0.04601912945508957 -0.10692024976015091 -122.9258804321289 -0.048176344484090805 0.9987812042236328 -0.012275359593331814 56.071144104003906 0.10623204708099365 0.017304399982094765 0.9941914081573486 -422.59381103515625
* 0.9933581352233887 0.04677704721689224 -0.10490863770246506 -124.69710540771484 -0.048528846353292465 0.9988017082214355 -0.008706127293407917 55.283878326416016 0.10438268631696701 0.013701126910746098 0.9944434762001038 -422.11395263671875
* 0.9933449029922485 0.043254267424345016 -0.10653208196163177 -126.27989959716797 -0.04390599951148033 0.9990522265434265 0.0016114249592646956 54.8656120300293 0.10650765150785446 0.0030383379198610783 0.994307816028595 -421.89892578125
* 0.9945588111877441 0.04471348598599434 -0.09384865313768387 -127.71588134765625 -0.0481829009950161 0.9984405636787415 -0.028820499777793884 55.38243865966797 0.09242057055234909 0.033147431910037994 0.9951688051223755 -423.6700134277344
* 0.9947435259819031 0.044310614466667175 -0.09206501394510269 -128.11434936523438 -0.04743592068552971 0.9985610842704773 -0.025715786963701248 56.17799377441406 0.0907999575138092 0.02990962751209736 0.9954205751419067 -424.20977783203125
* 0.9939579963684082 0.047143980860710144 -0.09888928383588791 -128.03512573242188 -0.049451399594545364 0.9986793994903564 -0.015155009925365448 55.94516372680664 0.09805123507976532 0.019915426149964333 0.9949827790260315 -422.81756591796875
* 0.9945662617683411 0.0411720797419548 -0.09537812322378159 -128.5534210205078 -0.04241214692592621 0.9991056323051453 -0.004971874412149191 55.20265197753906 0.09509485960006714 0.008951708674430847 0.9954286813735962 -422.53521728515625
* 0.9929987788200378 0.04559215530753136 -0.10876049101352692 -128.5177764892578 -0.046275876462459564 0.9989452958106995 0.001511524897068739 54.251686096191406 0.10872167348861694 0.003493709024041891 0.9940668344497681 -421.26751708984375
* 0.9935484528541565 0.043589573353528976 -0.10447752475738525 -128.3369140625 -0.044960010796785355 0.9989925026893616 -0.005284156184643507 54.16657638549805 0.10414884239435196 0.00990906823426485 0.9945130944252014 -421.3267822265625
* 0.9932547807693481 0.045031365007162094 -0.1066366657614708 -128.33786010742188 -0.04748709499835968 0.9987742900848389 -0.015176752582192421 53.747501373291016 0.10582954436540604 0.02010001614689827 0.9941818714141846 -422.10137939453125
* 0.993677020072937 0.045095715671777725 -0.1025991290807724 -128.18783569335938 -0.04784562066197395 0.998694658279419 -0.01885044388473034 53.528846740722656 0.10162213444709778 0.023601965978741646 0.9945438504219055 -421.89276123046875
* 0.9939929246902466 0.04606833681464195 -0.09904647618532181 -128.54661560058594 -0.04885932803153992 0.9986216425895691 -0.02007938362658024 53.87148666381836 0.0979919508099556 0.024759909138083458 0.994879961013794 -422.4158630371094
* 0.9934357404708862 0.048390720039606094 -0.10343185812234879 -129.16392517089844 -0.05130265653133392 0.99849933385849 -0.020067235454916954 53.46012878417969 0.10231271386146545 0.02520367130637169 0.9944337606430054 -422.5705261230469
* 0.9944273233413696 0.04800204187631607 -0.09361911565065384 -130.23886108398438 -0.05002782866358757 0.9986780285835266 -0.013226836919784546 53.5988883972168 0.09286749362945557 0.017798464745283127 0.9955202341079712 -423.4467468261719
* 0.9943899512290955 0.03934759646654129 -0.09795285761356354 -131.42178344726563 -0.04078097268939018 0.9991627931594849 -0.006792441010475159 54.54119110107422 0.09761030972003937 0.010710623115301132 0.9951678514480591 -423.48516845703125
* 0.9949331879615784 0.04390260949730873 -0.09019356220960617 -132.98802185058594 -0.04684469848871231 0.9986240267753601 -0.02431374043226242 55.63485336303711 0.08900894224643707 0.028377458453178406 0.995627224445343 -424.0243835449219
* 0.9945880174636841 0.04333079233765602 -0.09418834745883942 -134.834228515625 -0.044393863528966904 0.9990270137786865 -0.0031081887427717447 56.34908676147461 0.09396888315677643 0.007234429474920034 0.9955495595932007 -423.4954528808594
* 0.9949134588241577 0.03813813999295235 -0.09298916161060333 -137.0439910888672 -0.039110612124204636 0.9992495179176331 -0.0024727866984903812 57.00798797607422 0.09283173084259033 0.0060587078332901 0.995664119720459 -423.8215026855469
* 0.9949936270713806 0.044430606067180634 -0.08926299959421158 -139.1131591796875 -0.04660679027438164 0.9988036155700684 -0.015950851142406464 57.76593017578125 0.08845441788434982 0.019993025809526443 0.9958802461624146 -424.0254211425781
* 0.9949030876159668 0.043796271085739136 -0.09057625383138657 -141.00306701660156 -0.04587408900260925 0.9988582134246826 -0.014593411237001419 57.952728271484375 0.0898406133055687 0.018635891377925873 0.9957824945449829 -423.6695861816406
* 0.9951459169387817 0.04251024127006531 -0.0884963721036911 -142.04898071289063 -0.045100994408130646 0.9987808465957642 -0.020921263843774796 58.6372184753418 0.0875059962272644 0.024772778153419495 0.9958566427230835 -423.141357421875
* 0.9954535365104675 0.03395412862300873 -0.08873321115970612 -142.51365661621094 -0.034605227410793304 0.999418318271637 6.613678415305912E-4 59.66326141357422 0.08871053904294968 0.0023738606832921505 0.9960553050041199 -422.8095703125
* 0.9950339198112488 0.03703869879245758 -0.09214026480913162 -142.5039825439453 -0.03946886956691742 0.9990686774253845 -0.018411511555314064 59.9072380065918 0.09137919545173645 0.021918490529060364 0.9955756664276123 -422.8489685058594
* 0.9953488707542419 0.03705503046512604 -0.0886671170592308 -141.99734497070313 -0.03952144831418991 0.9990421533584595 -0.019690051674842834 59.21198654174805 0.08785924315452576 0.023064473643898964 0.9958665370941162 -423.029296875
* 0.9949874877929688 0.04329502210021019 -0.08988670259714127 -141.89544677734375 -0.04703621193766594 0.9983512163162231 -0.03342635557055473 58.14714813232422 0.08829828351736069 0.037448637187480927 0.9953905940055847 -423.9512023925781
* 0.9956628084182739 0.039033226668834686 -0.08417917788028717 -141.48785400390625 -0.04254285246133804 0.9985545873641968 -0.0333731584250927 57.57783508300781 0.08276161551475525 0.0367714948952198 0.9958914518356323 -424.272705078125
* 0.9944786429405212 0.0365058034658432 -0.09815160185098648 -139.6614227294922 -0.037020329385995865 0.9993290305137634 0.002420324832201004 56.844356536865234 0.09818076342344284 0.0011882230173796415 0.9951686263084412 -422.85540771484375
* 0.994332492351532 0.03891760855913162 -0.09870433807373047 -137.50405883789063 -0.04208435118198395 0.9988352656364441 -0.024329014122486115 55.379302978515625 0.09764941036701202 0.02830682136118412 0.9948190450668335 -423.52825927734375
* 0.9925980567932129 0.041922178119421005 -0.11377973854541779 -134.12770080566406 -0.045850012451410294 0.99860018491745 -0.027025321498513222 53.78848648071289 0.11249461024999619 0.03200392425060272 0.9931375980377197 -423.09246826171875
* 0.9926624894142151 0.041582122445106506 -0.11334133893251419 -130.59803771972656 -0.04420880228281021 0.9989171028137207 -0.01566190831363201 51.87405014038086 0.11257436126470566 0.020519429817795753 0.9934322237968445 -423.1773681640625
* 0.9923730492591858 0.04459046199917793 -0.11472400277853012 -126.56755065917969 -0.04700246453285217 0.998822808265686 -0.013369807042181492 49.931663513183594 0.11399994790554047 0.018621917814016342 0.9933069944381714 -423.3395690917969
* 0.992926836013794 0.046235132962465286 -0.10914555191993713 -122.47061157226563 -0.04969361796975136 0.998496949672699 -0.023860853165388107 47.999969482421875 0.10788553953170776 0.029077788814902306 0.9937387704849243 -422.8147277832031
* 0.9929583668708801 0.04170852527022362 -0.1106715053319931 -119.52647399902344 -0.04289644956588745 0.9990920424461365 -0.003176582744345069 46.36833572387695 0.1104455292224884 0.00786332506686449 0.9938518404960632 -422.3711242675781
* 0.9937748312950134 0.04478442296385765 -0.10178424417972565 -118.64832305908203 -0.046889688819646835 0.998836874961853 -0.012706019915640354 45.9784049987793 0.10110391676425934 0.01736133173108101 0.9947251081466675 -422.72979736328125
* 0.9932283759117126 0.04332336038351059 -0.10758483409881592 -119.09264373779297 -0.0444943793118 0.999022364616394 -0.003159151878207922 46.81586837768555 0.10734982788562775 0.007886389270424843 0.9941908121109009 -422.5981750488281
* 0.9928203225135803 0.04448457434773445 -0.1108282059431076 -120.56048583984375 -0.043896377086639404 0.9989705085754395 0.01290092058479786 47.51173782348633 0.11129503697156906 -0.007981722243130207 0.9937561750411987 -422.6794738769531
* 0.9937759041786194 0.04591789469122887 -0.10126657038927078 -122.67169952392578 -0.04773484915494919 0.9988287687301636 -0.009888945147395134 47.76847457885742 0.10070101171731949 0.014623109251260757 0.9948100447654724 -424.1779479980469
* 0.9936685562133789 0.04769083112478256 -0.10150095820426941 -123.81749725341797 -0.0502425916492939 0.998609721660614 -0.01702181063592434 48.41582489013672 0.10055528581142426 0.02197553776204586 0.9946895241737366 -423.4153747558594
* 0.9936847686767578 0.04302006587386131 -0.10341111570596695 -125.21978759765625 -0.04298938065767288 0.9990607500076294 0.00806485116481781 49.69388198852539 0.10366789996623993 -0.0036067068576812744 0.9946061968803406 -423.5971374511719
* 0.9945058226585388 0.043780311942100525 -0.09484473615884781 -126.29500579833984 -0.04524274542927742 0.9989675283432007 -0.007241693791002035 50.872310638427734 0.09443676471710205 0.011454672552645206 0.9954656958580017 -424.5457458496094
* 0.9936602711677551 0.043061599135398865 -0.10362935811281204 -125.99118041992188 -0.04374568164348602 0.9990597367286682 0.0012060713488608599 51.81251907348633 0.10359083116054535 0.0032965829595923424 0.9946151971817017 -423.3179931640625
* 0.9937815070152283 0.04622655361890793 -0.10107163339853287 -125.8395767211914 -0.047803815454244614 0.998846173286438 -0.007530421018600464 53.607845306396484 0.1006140187382698 0.012276953086256981 0.9948504567146301 -423.5033874511719
* 0.9946730136871338 0.0441923588514328 -0.09287979453802109 -126.43294525146484 -0.045416299253702164 0.9989739060401917 -0.004900447092950344 55.62519073486328 0.09257490932941437 0.00905431155115366 0.9956652522087097 -424.9789733886719
* 0.9942328333854675 0.03972269967198372 -0.09938476234674454 -126.56100463867188 -0.04072200879454613 0.9991856813430786 -0.0022598106879740953 56.95908737182617 0.09922092407941818 0.006255601532757282 0.9950465559959412 -424.2137756347656
* 0.9945233464241028 0.04810123145580292 -0.09254103153944016 -126.53201293945313 -0.05044795572757721 0.9986010789871216 -0.0169169083237648 59.0151252746582 0.0916050523519516 0.021454598754644394 0.9955650568008423 -425.25830078125
* 0.9936211109161377 0.04174268990755081 -0.10454146564006805 -124.86820983886719 -0.04348267242312431 0.999032199382782 -0.008903327398002148 60.260643005371094 0.10407567769289017 0.013354024849832058 0.9944804906845093 -423.9764099121094
* 0.9941438436508179 0.04206980764865875 -0.09930969029664993 -123.59518432617188 -0.0445873998105526 0.9988709688186646 -0.01743784174323082 60.49406051635742 0.0984710156917572 0.02172548696398735 0.9949035048484802 -424.348388671875
* 0.9941944479942322 0.04236556217074394 -0.0986756682395935 -123.11637115478516 -0.04548649489879608 0.9987012147903442 -0.023710569366812706 60.100006103515625 0.09755007177591324 0.02802317403256893 0.9948367476463318 -424.2947998046875
* 0.9937548637390137 0.03998750075697899 -0.10395508259534836 -123.35516357421875 -0.042948197573423386 0.9988779425621033 -0.020827390253543854 60.10667419433594 0.10301261395215988 0.025123827159404755 0.9943634867668152 -424.1504821777344
* 0.9936709403991699 0.04074357822537422 -0.1044621616601944 -123.69978332519531 -0.04209784045815468 0.9991173148155212 -0.005279934499412775 59.437217712402344 0.1041618138551712 0.009605873376131058 0.9945147633552551 -423.46539306640625
* 0.9944238066673279 0.045626234263181686 -0.09483642876148224 -124.31177520751953 -0.048361826688051224 0.9986347556114197 -0.020624719560146332 58.822418212890625 0.09377309679985046 0.02505803480744362 0.99527907371521 -424.451904296875
* 0.9937432408332825 0.04671960696578026 -0.10122249275445938 -125.22563171386719 -0.04979807510972023 0.9985268115997314 -0.022361356765031815 58.078208923339844 0.10003591328859329 0.027224017307162285 0.9946122169494629 -424.5458068847656
* 0.993761420249939 0.04282209277153015 -0.1027567908167839 -126.74703216552734 -0.044404517859220505 0.9990028738975525 -0.007550475653260946 56.476341247558594 0.10233806818723679 0.012027991004288197 0.9946779012680054 -423.6576232910156
* 0.9942712187767029 0.04079816862940788 -0.09856274724006653 -128.80860900878906 -0.042490847408771515 0.9990715384483337 -0.009282459504902363 54.4260139465332 0.0980994775891304 0.013379056937992573 0.9950876235961914 -424.361572265625
* 0.9929795265197754 0.0387914776802063 -0.11154051125049591 -130.20419311523438 -0.03986196592450142 0.9992204904556274 -0.0022293240763247013 51.746002197265625 0.11137401312589645 0.006621594075113535 0.993757426738739 -422.9935302734375
* 0.9937872886657715 0.03472580015659332 -0.10552463680505753 -131.85635375976563 -0.03510785847902298 0.9993945956230164 0.003669700352475047 49.96824645996094 0.10559489578008652 1.9464778233668767E-5 0.9944101572036743 -423.86517333984375
* 0.9949877262115479 0.034899432212114334 -0.09346554428339005 -133.2321319580078 -0.03722761571407318 0.999178409576416 -0.017097651958465576 49.577518463134766 0.09279876947402954 0.020453212782740593 0.995475709438324 -424.83197021484375
* 0.9951616525650024 0.035298869013786316 -0.09144258499145508 -134.01519775390625 -0.03566272184252739 0.9993740320205688 0.003923796582967043 50.524070739746094 0.09153050184249878 -6.820997805334628E-4 0.9958030581474304 -424.8760986328125
* 0.9949676990509033 0.03839869052171707 -0.0922996774315834 -134.53607177734375 -0.04021842032670975 0.9991404414176941 -0.01168067380785942 51.695655822753906 0.09177865087985992 0.015295778401196003 0.995663046836853 -424.584228515625
* 0.9951561093330383 0.03798047453165054 -0.09042269736528397 -135.53570556640625 -0.039254844188690186 0.9992290735244751 -0.005986171308904886 52.896820068359375 0.09013240784406662 0.009468399919569492 0.9958858489990234 -425.4750671386719
* 0.9939150214195251 0.04119148105382919 -0.10193442553281784 -135.6446075439453 -0.04244507476687431 0.9991063475608826 -0.004511762410402298 53.648433685302734 0.1016644537448883 0.008772622793912888 0.9947811961174011 -423.727783203125
* 0.9947921633720398 0.03712914511561394 -0.09468001872301102 -136.11297607421875 -0.03913496807217598 0.9991629123687744 -0.013317473232746124 54.322139739990234 0.09411311149597168 0.01691516302525997 0.995418906211853 -424.4784240722656
* 0.9950181841850281 0.03384019806981087 -0.09353076666593552 -135.91661071777344 -0.03351900726556778 0.9993939995765686 0.011118018999695778 55.04806137084961 0.09385690838098526 -0.007966011762619019 0.9955549240112305 -423.95977783203125
* 0.9952423572540283 0.036168597638607025 -0.09021586924791336 -135.68228149414063 -0.038539670407772064 0.9991077780723572 -0.018264655023813248 55.75327682495117 0.08948153257369995 0.021616417914628983 0.9957548975944519 -425.51947021484375
* 0.994124710559845 0.03494517132639885 -0.10222159326076508 -134.83583068847656 -0.036352258175611496 0.9993367791175842 -0.006304711569100618 56.171958923339844 0.10194022953510284 0.009945333003997803 0.9947417974472046 -424.0592956542969
* 0.9944338798522949 0.03537936508655548 -0.09901479631662369 -134.88265991210938 -0.03712405264377594 0.9992781281471252 -0.010012712329626083 56.75461959838867 0.09859583526849747 0.013594511896371841 0.9950356483459473 -424.7117004394531
* 0.994556725025177 0.03392915427684784 -0.09828619658946991 -134.8623809814453 -0.03482263907790184 0.9994098544120789 -0.0015443542506545782 57.11132049560547 0.09818245470523834 0.004920163657516241 0.9951572418212891 -424.31573486328125
* 0.9945401549339294 0.04111018776893616 -0.09567731618881226 -135.03134155273438 -0.04374001547694206 0.998870313167572 -0.019495408982038498 57.9713020324707 0.09477472305297852 0.023535706102848053 0.9952214360237122 -425.07281494140625
* 0.994554877281189 0.0378279872238636 -0.09687154740095139 -134.12710571289063 -0.03828755021095276 0.999279797077179 0.003033237298950553 59.372493743896484 0.09692326188087463 6.538809393532574E-4 0.995292603969574 -424.0841064453125
* 0.994931161403656 0.033771634101867676 -0.09447701275348663 -133.38568115234375 -0.036878254264593124 0.9990196228027344 -0.02519809454679489 60.333892822265625 0.09354006499052048 0.028516307473182678 0.9952080845832825 -424.5552978515625
* 0.995201587677002 0.03412434458732605 -0.09145303070545197 -132.57398986816406 -0.03700436279177666 0.9990528225898743 -0.02364741824567318 60.14973068237305 0.09056610614061356 0.026879891753196716 0.9955286383628845 -424.6576843261719
* 0.9945194125175476 0.03468981385231018 -0.09839756786823273 -131.98202514648438 -0.03584051877260208 0.9993665814399719 -0.004106782376766205 59.78488540649414 0.09819943457841873 0.0075725410133600235 0.9951390027999878 -424.0222473144531
* 0.9946847558021545 0.037757858633995056 -0.09555535018444061 -132.24237060546875 -0.039718758314847946 0.9991481304168701 -0.012660744599997997 59.51963806152344 0.0950026735663414 0.016350513324141502 0.995343804359436 -424.2411804199219
* 0.9953863024711609 0.03693659231066704 -0.08829492330551147 -132.67691040039063 -0.03895215317606926 0.9991508722305298 -0.014667634852230549 60.47840118408203 0.08768486231565475 0.018000971525907516 0.9959866404533386 -425.9898376464844
* 0.9954293966293335 0.03496026620268822 -0.08861283212900162 -131.64834594726563 -0.03574998676776886 0.9993778467178345 -8.569543715566397E-4 61.68635177612305 0.08853431046009064 0.003982566762715578 0.9960662126541138 -425.7559509277344
* 0.9942852854728699 0.036407049745321274 -0.10012660175561905 -129.73934936523438 -0.038248300552368164 0.9992276430130005 -0.010772881098091602 61.883453369140625 0.09966379404067993 0.014502696692943573 0.994916558265686 -424.2691345214844
* 0.9947936534881592 0.0351460725069046 -0.09541647881269455 -128.65505981445313 -0.03648791089653969 0.999331533908844 -0.006322144530713558 61.7703857421875 0.09513713419437408 0.00973244197666645 0.9954177141189575 -424.3251647949219
* 0.9948499202728271 0.037564873695373535 -0.09389539062976837 -128.49729919433594 -0.041530538350343704 0.9985610246658325 -0.034439485520124435 61.0052375793457 0.09247337281703949 0.03812354803085327 0.9949861764907837 -425.48846435546875
* 0.9943609237670898 0.03738079220056534 -0.09900917112827301 -127.89485931396484 -0.04016176238656044 0.9990024566650391 -0.020398862659931183 60.267051696777344 0.09815468639135361 0.024222003296017647 0.9948774576187134 -424.3204040527344
* 0.994231641292572 0.03634662553668022 -0.10067889839410782 -127.12889862060547 -0.037642572075128555 0.9992948174476624 -0.005287696607410908 60.0336799621582 0.1004224494099617 0.009008671157062054 0.9949052333831787 -424.5701599121094
* 0.9930977821350098 0.0405697301030159 -0.10983959585428238 -125.21173095703125 -0.042785320430994034 0.9990219473838806 -0.012635370716452599 59.16209411621094 0.10922654718160629 0.017209433019161224 0.9938690662384033 -423.4957580566406
* 0.995151937007904 0.03316890448331833 -0.09233791381120682 -124.15426635742188 -0.03600873425602913 0.9991045594215393 -0.022990360856056213 59.667598724365234 0.09149929136037827 0.026165656745433807 0.9954624772071838 -425.93646240234375
* 0.9945557117462158 0.03576374053955078 -0.09764096140861511 -123.27682495117188 -0.03897279500961304 0.9989395141601563 -0.025222357362508774 59.77506637573242 0.0966421514749527 0.0288521870970726 0.9949020743370056 -425.2337951660156
* 0.9935421943664551 0.037802137434482574 -0.10676480829715729 -122.90626525878906 -0.04076458886265755 0.9989804625511169 -0.020284503698349 59.206485748291016 0.10589606314897537 0.02446751669049263 0.9940773248672485 -423.3931579589844
* 0.9944568872451782 0.03840428590774536 -0.09764411300420761 -123.8677749633789 -0.04138009995222092 0.998903214931488 -0.022699739784002304 59.16352462768555 0.09667211771011353 0.026576239615678787 0.9949626326560974 -424.93359375
* 0.9945960640907288 0.04192296788096428 -0.09473620355129242 -124.47740173339844 -0.045478880405426025 0.9985459446907043 -0.029545551165938377 58.413352966308594 0.09336681663990021 0.03365626558661461 0.9950639605522156 -426.0231018066406
* 0.9946441650390625 0.04026865214109421 -0.09494845569133759 -124.4018783569336 -0.042251598089933395 0.9990416765213013 -0.012882486917078495 57.383975982666016 0.0943455919623375 0.016786953434348106 0.9953991770744324 -425.2364196777344
* 0.9946781396865845 0.035136960446834564 -0.09661536663770676 -124.16561889648438 -0.03688932955265045 0.9992824792861938 -0.010445406660437584 56.96242141723633 0.09618572890758514 0.013915589079260826 0.9952673316001892 -424.5912170410156
* 0.9941831827163696 0.03696879744529724 -0.10092946887016296 -124.66384887695313 -0.038536980748176575 0.9992434978485107 -0.007925487123429775 57.25872802734375 0.10056690871715546 0.011730587109923363 0.9948623776435852 -424.6012268066406
* 0.9935950040817261 0.037286870181560516 -0.10645421594381332 -125.72798919677734 -0.038270555436611176 0.9992835521697998 -0.001815035124309361 57.29816436767578 0.10631708800792694 0.005839116405695677 0.9943163394927979 -424.5650634765625
* 0.9945175051689148 0.03705795109272003 -0.09754730761051178 -126.84539794921875 -0.037836141884326935 0.9993017315864563 -2.5194682530127466E-4 57.56123733520508 0.09747660905122757 0.0039030062034726143 0.9952313899993896 -424.7835693359375
* 0.9945887327194214 0.037426818162202835 -0.09667598456144333 -127.17529296875 -0.03900253027677536 0.9992206692695618 -0.008500160649418831 57.79077911376953 0.09628931432962418 0.012186459265649319 0.9952800273895264 -424.5497131347656
* 0.9945949912071228 0.043497633188962936 -0.09403388947248459 -127.18986511230469 -0.046698763966560364 0.9985901713371277 -0.025926697999238968 58.43069839477539 0.09278062731027603 0.03013969212770462 0.995231568813324 -425.6265563964844
* 0.9946705102920532 0.03724664822220802 -0.09590039402246475 -126.30244445800781 -0.03845398873090744 0.9992666840553284 -0.0047720689326524734 60.200927734375 0.09565909206867218 0.008396044373512268 0.9953800439834595 -425.5364990234375
* 0.994504988193512 0.03940332680940628 -0.0967516079545021 -126.2542953491211 -0.04269237443804741 0.9987634420394897 -0.026160920038819313 61.20951843261719 0.09560807049274445 0.030109556391835213 0.9949648976325989 -425.7065124511719
* 0.9939250946044922 0.03856319561600685 -0.10285715758800507 -126.56367492675781 -0.0396406315267086 0.9992276430130005 -0.0028617060743272305 61.59760284423828 0.1026742234826088 0.0068832943215966225 0.9946925640106201 -424.0362548828125
* 0.9954973459243774 0.03795629367232323 -0.08659142255783081 -128.3940887451172 -0.04112355411052704 0.9987689256668091 -0.02837212011218071 62.65980529785156 0.08541474491357803 0.03176715597510338 0.995840311050415 -426.1697998046875
* 0.9951846599578857 0.04070735350251198 -0.08890458941459656 -128.8281707763672 -0.04368944838643074 0.9987421035766602 -0.02531800977885723 63.74633026123047 0.08776907622814178 0.029042134061455727 0.9957188367843628 -425.9239196777344
* 0.995220422744751 0.0350751057267189 -0.09088261425495148 -128.43365478515625 -0.03774145245552063 0.9990758299827576 -0.02141598053276539 64.58171081542969 0.09005419164896011 0.024705437943339348 0.9956318140029907 -425.74072265625
* 0.9946455955505371 0.03648936003446579 -0.09644868224859238 -127.77088928222656 -0.039127934724092484 0.9990595579147339 -0.019609779119491577 64.92604064941406 0.09564925730228424 0.023240379989147186 0.9951452016830444 -424.7390441894531
* 0.994903028011322 0.03738481551408768 -0.09340286999940872 -128.0750732421875 -0.040865909308195114 0.9987493753433228 -0.029415464028716087 64.64036560058594 0.09219324588775635 0.033044375479221344 0.9951941967010498 -424.7672119140625
* 0.9942331314086914 0.04366477206349373 -0.09771206974983215 -128.89283752441406 -0.04711809754371643 0.9985322952270508 -0.027362210676074028 63.60309982299805 0.0963810384273529 0.03177030012011528 0.9948388934135437 -425.2358703613281
* 0.9947994947433472 0.03690104931592941 -0.09468916058540344 -128.85177612304688 -0.038871631026268005 0.9991779923439026 -0.012955140322446823 62.160186767578125 0.09414009749889374 0.016530195251107216 0.9954233169555664 -424.315185546875
* 0.9943752884864807 0.03740532696247101 -0.09885545819997787 -128.3290557861328 -0.041197896003723145 0.9986962080001831 -0.030727270990610123 61.04377365112305 0.09758414328098297 0.03458893299102783 0.9946275949478149 -424.5997009277344
* 0.9938309192657471 0.03503062203526497 -0.10500763356685638 -127.40333557128906 -0.03764326870441437 0.9991557598114014 -0.017503144219517708 60.31119918823242 0.10431267321109772 0.021309735253453255 0.9943177700042725 -423.64434814453125
* 0.9939048290252686 0.03720514476299286 -0.10355005413293839 -126.81426239013672 -0.03836090490221977 0.9992751479148865 -0.0036397622898221016 59.422725677490234 0.10334643721580505 0.007551494520157576 0.99461829662323 -423.55072021484375
* 0.9942172169685364 0.037596870213747025 -0.1003614291548729 -126.6953125 -0.039515234529972076 0.999171257019043 -0.011448327451944351 59.19490432739258 0.09985470771789551 0.015309633687138557 0.9948858022689819 -423.8040771484375
* 0.9943372011184692 0.03771867975592613 -0.09911920875310898 -127.061279296875 -0.04027750715613365 0.9990423321723938 -0.018107591196894646 59.34098815917969 0.09834817796945572 0.021959081292152405 0.9949113130569458 -424.5318908691406
* 0.9939913749694824 0.0393650159239769 -0.10190865397453308 -126.80554962158203 -0.04174589738249779 0.9990233182907104 -0.01566515676677227 58.89951705932617 0.10119941085577011 0.019787032157182693 0.9946709871292114 -423.7268981933594
* 0.994547426700592 0.04142840579152107 -0.09546183794736862 -126.53484344482422 -0.04431603103876114 0.9987875819206238 -0.022251401096582413 58.4720344543457 0.09443125128746033 0.02632235549390316 0.9951849579811096 -424.9488830566406
* 0.9936880469322205 0.03996233269572258 -0.10459911078214645 -124.77694702148438 -0.04177861288189888 0.999097466468811 -0.009718870744109154 58.6370849609375 0.10412327200174332 0.013989219442009926 0.9944676160812378 -423.5968322753906
* 0.9944078326225281 0.035984642803668976 -0.09905564785003662 -123.65576171875 -0.03988415002822876 0.9987158179283142 -0.0318065881729126 59.4105339050293 0.09779073297977448 0.03554129973053932 0.9945737719535828 -424.9422302246094
* 0.9945938587188721 0.03428301587700844 -0.09778321534395218 -122.47687530517578 -0.035003650933504105 0.9994049668312073 2.0708737429231405E-4 59.68656921386719 0.09773879498243332 0.0031783687882125378 0.9952085614204407 -424.1596984863281
* 0.9932169318199158 0.03657437115907669 -0.11016470938920975 -122.07357025146484 -0.038191765546798706 0.9992609620094299 -0.007382757496088743 59.68716812133789 0.10982014238834381 0.011501705273985863 0.9938864707946777 -423.048583984375
* 0.994177520275116 0.03152674809098244 -0.10281439870595932 -122.8053970336914 -0.03342029079794884 0.9993970394134521 -0.011145451106131077 59.75956726074219 0.10240765661001205 0.014478269033133984 0.9946387410163879 -424.11822509765625
* 0.9947209358215332 0.03532767295837402 -0.09610365331172943 -123.37910461425781 -0.03778120502829552 0.999144971370697 -0.017816511914134026 60.054256439208984 0.09539881348609924 0.0213150754570961 0.9952125549316406 -424.3449401855469
* 0.9950882196426392 0.037215039134025574 -0.09147772192955017 -123.791748046875 -0.041336800903081894 0.9984700679779053 -0.03720695152878761 60.88819122314453 0.08995996415615082 0.04076747968792915 0.9951122999191284 -425.7516174316406
* 0.9940356016159058 0.034383174031972885 -0.10326987504959106 -122.89105224609375 -0.03694409504532814 0.9991836547851563 -0.0173971988260746 61.24436950683594 0.10259416699409485 0.021070346236228943 0.9945017695426941 -423.85546875
* 0.994728684425354 0.03656827658414841 -0.09555744379758835 -123.04570007324219 -0.04040365293622017 0.9986748099327087 -0.032428763806819916 61.233272552490234 0.09425178170204163 0.036080531775951385 0.9948959946632385 -424.766845703125
