* 0.9993253350257874 -0.032622329890728 0.01680201105773449 -139.39369201660156 0.03353235498070717 0.9977783560752869 -0.05754350125789642 96.77458953857422 -0.014888477511703968 0.05806957557797432 0.9981991648674011 -661.9750366210938
* 0.9993242621421814 -0.03472333773970604 0.011952189728617668 -139.40658569335938 0.03523579239845276 0.9982997179031372 -0.04640671983361244 96.68455505371094 -0.010321457870304585 0.046797994524240494 0.9988486766815186 -661.177978515625
* 0.9994176030158997 -0.030911743640899658 0.01437261514365673 -139.90003967285156 0.0316646546125412 0.9979245662689209 -0.05604951083660126 96.69953918457031 -0.012611179612576962 0.05647344887256622 0.9983221292495728 -661.5888061523438
* 0.999132513999939 -0.03275388106703758 0.02567373774945736 -140.68179321289063 0.034295469522476196 0.9974607825279236 -0.0623970627784729 96.75152587890625 -0.023565782234072685 0.0632248967885971 0.9977187514305115 -662.7659912109375
* 0.9991270303726196 -0.03314051032066345 0.0253892969340086 -141.07839965820313 0.03467649221420288 0.9974125027656555 -0.06295601278543472 96.6749038696289 -0.023238196969032288 0.0637829452753067 0.9976909160614014 -662.531005859375
* 0.9991928339004517 -0.032971881330013275 0.02289769798517227 -141.2855224609375 0.034457191824913025 0.9970776438713074 -0.06816442310810089 96.44189453125 -0.020584268495440483 0.06889987736940384 0.9974088668823242 -661.9013671875
* 0.9993208050727844 -0.03650865703821182 0.004780386574566364 -141.20675659179688 0.036691803485155106 0.9981323480606079 -0.04881411790847778 96.03020477294922 -0.0029903154354542494 0.04895785078406334 0.9987940788269043 -659.9592895507813
* 0.9993701577186584 -0.03465772792696953 0.007491677068173885 -141.747802734375 0.03500225767493248 0.9979568719863892 -0.05342485010623932 95.99913024902344 -0.0056257727555930614 0.05365491285920143 0.9985413551330566 -660.844482421875
* 0.9991512894630432 -0.03678057715296745 0.018493356183171272 -142.1789093017578 0.03771680220961571 0.9978516697883606 -0.05354170501232147 95.84808349609375 -0.016485316678881645 0.054195255041122437 0.9983919262886047 -661.140380859375
* 0.9991273880004883 -0.036364879459142685 0.02049984410405159 -142.3760986328125 0.03735819831490517 0.998012125492096 -0.050727661699056625 95.93502807617188 -0.018615368753671646 0.051450710743665695 0.9984997510910034 -661.30078125
* 0.999267578125 -0.03627735376358032 0.012101337313652039 -142.10520935058594 0.03694223240017891 0.9974590539932251 -0.06089261174201965 96.11003112792969 -0.009862542152404785 0.06129654124379158 0.9980686902999878 -661.3849487304688
* 0.99921715259552 -0.032902661710977554 0.02192413993179798 -141.87596130371094 0.03430067375302315 0.9971532225608826 -0.06712790578603745 96.40090942382813 -0.01965401880443096 0.06782884150743484 0.9975011944770813 -661.6209716796875
* 0.9991395473480225 -0.03534736484289169 0.021655449643731117 -141.9049072265625 0.036429792642593384 0.9979724287986755 -0.05216369032859802 96.62300872802734 -0.019768668338656425 0.05290918052196503 0.9984015226364136 -662.1817016601563
* 0.9990624785423279 -0.036543600261211395 0.023168670013546944 -141.7601318359375 0.03781414031982422 0.9976372718811035 -0.0573328360915184 96.73703002929688 -0.021019764244556427 0.05815666541457176 0.9980840086936951 -661.9935913085938
* 0.9991489052772522 -0.03638216108083725 0.01938937045633793 -141.48915100097656 0.037492793053388596 0.9974449276924133 -0.060785360634326935 96.91326141357422 -0.017129307612776756 0.06146206334233284 0.9979602694511414 -661.9047241210938
* 0.9992374181747437 -0.03743483126163483 0.011017689481377602 -141.0373992919922 0.03800537809729576 0.9975936412811279 -0.05796080455183983 96.89620208740234 -0.008822403848171234 0.05833681672811508 0.9982558488845825 -661.0670776367188
* 0.9992876052856445 -0.03425678610801697 0.015777941793203354 -140.81239318847656 0.03521326184272766 0.997230589389801 -0.06548331677913666 96.96488189697266 -0.013491998426616192 0.06599373370409012 0.9977266192436218 -661.7319946289063
* 0.9992801547050476 -0.03726239502429962 0.00698725925758481 -140.4229736328125 0.03755763918161392 0.9980533123016357 -0.04975726455450058 96.7345962524414 -0.005120583809912205 0.04998534917831421 0.9987345337867737 -660.2484741210938
* 0.9992812871932983 -0.03578915446996689 0.012414474040269852 -140.44139099121094 0.036422114819288254 0.9977726340293884 -0.05585862323641777 96.84072875976563 -0.010388686321675777 0.056272126734256744 0.9983591437339783 -661.2698974609375
* 0.999284029006958 -0.03662644326686859 0.009378185495734215 -140.2182159423828 0.037044230848550797 0.9980581402778625 -0.05004777014255524 96.76371002197266 -0.007527888752520084 0.05036083236336708 0.9987004995346069 -660.3732299804688
* 0.9992977976799011 -0.03733034059405327 0.002887510461732745 -140.07403564453125 0.037416063249111176 0.9982653260231018 -0.04542446509003639 96.65931701660156 -0.0011877769138664007 0.04550209268927574 0.9989613890647888 -659.841064453125
* 0.9991376996040344 -0.03649420291185379 0.019747840240597725 -140.48187255859375 0.03751266002655029 0.9978170394897461 -0.05432179570198059 96.8878173828125 -0.017723293974995613 0.05501723662018776 0.9983259439468384 -661.6719360351563
* 0.999070405960083 -0.03618321940302849 0.023387759923934937 -140.54147338867188 0.03752335533499718 0.9974921345710754 -0.059987153857946396 96.83110046386719 -0.021159570664167404 0.06081047281622887 0.9979228377342224 -661.96337890625
* 0.9986015558242798 -0.034101247787475586 0.04037216305732727 -140.83221435546875 0.03706255182623863 0.9964767694473267 -0.07521470636129379 96.83799743652344 -0.037666015326976776 0.07660732418298721 0.9963474273681641 -663.4007568359375
* 0.9990490078926086 -0.0357695072889328 0.02488817274570465 -140.6339111328125 0.037231408059597015 0.9974231123924255 -0.06130017340183258 96.66002655029297 -0.022632360458374023 0.06217000260949135 0.9978067278862 -662.083251953125
* 0.9993523955345154 -0.033206865191459656 0.013786369003355503 -140.73619079589844 0.03392326459288597 0.9978494048118591 -0.056058552116155624 96.60750579833984 -0.011896192096173763 0.056491415947675705 0.9983300566673279 -661.388671875
* 0.999259352684021 -0.03404780849814415 0.017872540280222893 -141.2859649658203 0.03504815697669983 0.997613787651062 -0.059456635266542435 96.70936584472656 -0.015806525945663452 0.060040488839149475 0.9980685710906982 -662.4049682617188
* 0.9991565942764282 -0.03315325081348419 0.024183601140975952 -141.67034912109375 0.03459334746003151 0.9974684715270996 -0.06210143491625786 96.75989532470703 -0.02206452004611492 0.06288713216781616 0.9977744817733765 -662.685791015625
* 0.9992386698722839 -0.03312765061855316 0.02055283822119236 -141.88990783691406 0.034265924245119095 0.9977189898490906 -0.05813115835189819 96.72132110595703 -0.018581213429570198 0.05879265069961548 0.9980950355529785 -662.3408203125
* 0.9991824626922607 -0.03448353335261345 0.021051807329058647 -141.95565795898438 0.03575558587908745 0.997323215007782 -0.06375234574079514 96.696533203125 -0.018798038363456726 0.06445442140102386 0.9977413415908813 -661.8480224609375
* 0.9991180896759033 -0.033742085099220276 0.024950306862592697 -142.10841369628906 0.035357214510440826 0.9970760345458984 -0.0677187442779541 96.82279205322266 -0.022593369707465172 0.06854267418384552 0.9973901510238647 -662.6056518554688
* 0.9992111325263977 -0.03553634136915207 0.01767156459391117 -141.81524658203125 0.036465734243392944 0.997771680355072 -0.0558430477976799 96.74678039550781 -0.01564871519804001 0.05644487962126732 0.9982808828353882 -661.78759765625
* 0.9988915324211121 -0.03487887233495712 0.03157760575413704 -141.93885803222656 0.03674236685037613 0.9974757432937622 -0.06073389947414398 96.86566162109375 -0.02938055992126465 0.06182829663157463 0.9976520538330078 -662.5657958984375
* 0.9992496371269226 -0.03439124673604965 0.017761539667844772 -141.68475341796875 0.03540433570742607 0.9975242614746094 -0.060731302946805954 96.74646759033203 -0.01562993787229061 0.061316050589084625 0.9979938268661499 -661.2882080078125
* 0.9990785717964172 -0.03645617887377739 0.022608261555433273 -141.75331115722656 0.037601567804813385 0.997893214225769 -0.052836548537015915 96.910400390625 -0.020635399967432022 0.05363944172859192 0.9983449578285217 -661.8238525390625
* 0.9992890954017639 -0.0374908447265625 -0.0037534814327955246 -141.2544403076172 0.03727921098470688 0.9983049631118774 -0.04465201497077942 96.731201171875 0.005420179571956396 0.04448181390762329 0.9989932179450989 -659.5958862304688
* 0.999308705329895 -0.03594553470611572 0.00940368790179491 -141.2551727294922 0.03645464777946472 0.9973992705345154 -0.062144845724105835 96.91876983642578 -0.0071463920176029205 0.06244616582989693 0.9980204701423645 -660.912109375
* 0.9994282722473145 -0.03375976160168648 0.0012809603940695524 -140.9774932861328 0.03376471623778343 0.9973198175430298 -0.06487934291362762 96.88591003417969 9.117905865423381E-4 0.06488697230815887 0.9978898763656616 -661.2319946289063
* 0.9988669157028198 -0.03449021652340889 0.032766908407211304 -140.78848266601563 0.036505430936813354 0.9973269104957581 -0.06326553970575333 96.86465454101563 -0.030498281121253967 0.06439148634672165 0.9974562525749207 -662.6322021484375
* 0.9992271661758423 -0.036437761038541794 0.014690659008920193 -140.35513305664063 0.03715222328901291 0.9979400038719177 -0.052263736724853516 96.99203491210938 -0.012757019139826298 0.05277059227228165 0.998522937297821 -661.5462646484375
* 0.9988415837287903 -0.035646531730890274 0.03230038657784462 -140.5933074951172 0.03746408969163895 0.9976251721382141 -0.05776365101337433 97.86668395996094 -0.030165603384375572 0.05890829861164093 0.9978052377700806 -663.1145629882813
* 0.9993022084236145 -0.034855227917432785 0.013365843333303928 -140.343017578125 0.03561681509017944 0.9974145293235779 -0.062385376542806625 98.04631042480469 -0.011157826520502567 0.06281935423612595 0.9979602098464966 -661.259765625
* 0.9992834329605103 -0.035044725984334946 0.014246691018342972 -141.0189666748047 0.03585389629006386 0.9974443912506104 -0.06176982447504997 98.4145736694336 -0.012046570889651775 0.06223781779408455 0.9979863166809082 -661.708984375
* 0.9993091225624084 -0.03486108407378197 0.012824425473809242 -141.6825714111328 0.035452716052532196 0.9981247782707214 -0.049864329397678375 98.32715606689453 -0.011063048616051674 0.05028599500656128 0.9986712336540222 -661.0291137695313
* 0.9992401003837585 -0.0340600349009037 0.018912173807621002 -142.604248046875 0.035126205533742905 0.9975989460945129 -0.059656400233507156 98.44779968261719 -0.016835862770676613 0.060276828706264496 0.9980373382568359 -661.977294921875
* 0.9992963671684265 -0.03520530089735985 0.012887421995401382 -143.21157836914063 0.03579775243997574 0.9981210231781006 -0.049690503627061844 98.44108581542969 -0.011114831082522869 0.05011832341551781 0.9986791014671326 -660.8560180664063
* 0.998996913433075 -0.033833492547273636 0.02931348979473114 -144.20872497558594 0.03591928631067276 0.9966029524803162 -0.07408341020345688 98.27930450439453 -0.026708409190177917 0.07506345957517624 0.9968186616897583 -662.025146484375
* 0.9991579651832581 -0.03787386044859886 0.01573413424193859 -144.2815704345703 0.03872404992580414 0.9975451231002808 -0.058311689645051956 97.4444580078125 -0.01348801702260971 0.05887333303689957 0.9981719255447388 -660.6094360351563
* 0.9991746544837952 -0.03939402848482132 0.009838876314461231 -144.57688903808594 0.03982153534889221 0.9980142712593079 -0.04876244068145752 96.85896301269531 -0.007899386808276176 0.04911544919013977 0.9987594485282898 -660.4406127929688
* 0.9993445873260498 -0.03597070649266243 0.0038710266817361116 -145.33888244628906 0.036116935312747955 0.9979807734489441 -0.0522087886929512 96.71073913574219 -0.001986235613003373 0.0523158498108387 0.998626172542572 -660.5089111328125
* 0.999236524105072 -0.03840101137757301 0.007080984767526388 -146.62493896484375 0.03870968148112297 0.9979079365730286 -0.051739513874053955 96.16455078125 -0.005080332048237324 0.05197558552026749 0.9986329674720764 -660.7222900390625
* 0.9992138147354126 -0.035502731800079346 0.017599212005734444 -147.91778564453125 0.036476340144872665 0.9975926280021667 -0.058942761272192 95.68589782714844 -0.015465226024389267 0.05953984707593918 0.9981037378311157 -661.3850708007813
* 0.9984842538833618 -0.03524598106741905 0.042253945022821426 -149.071533203125 0.038150396198034286 0.9968008995056152 -0.07020089030265808 95.9665298461914 -0.039645493030548096 0.07170795649290085 0.9966350197792053 -663.6280517578125
* 0.9990232586860657 -0.0385320782661438 0.0215892493724823 -149.391845703125 0.039400503039360046 0.9983504414558411 -0.04170879349112511 96.6491928100586 -0.019947528839111328 0.04252014681696892 0.9988940358161926 -662.336669921875
* 0.997264564037323 -0.04216679185628891 0.060693226754665375 -150.65170288085938 0.044929951429367065 0.997972846031189 -0.04502488672733307 98.63050842285156 -0.05867266282439232 0.04763014242053032 0.9971379637718201 -665.9617309570313
* 0.9974488615989685 -0.042869821190834045 0.05706481635570526 -150.9976806640625 0.045237358659505844 0.9981327056884766 -0.040990740060806274 101.0127182006836 -0.055202022194862366 0.04346909373998642 0.9975261688232422 -666.3704833984375
* 0.9986661076545715 -0.04024340957403183 0.03232577443122864 -150.5705108642578 0.04202893376350403 0.9974963665008545 -0.05683237314224243 102.53795623779297 -0.029958738014101982 0.05811665207147598 0.9978578686714172 -663.2138671875
* 0.9991964101791382 -0.03831266611814499 0.01171525102108717 -151.08026123046875 0.03897159546613693 0.9972376823425293 -0.06319600343704224 102.31941986083984 -0.009262689389288425 0.0636032447218895 0.9979299902915955 -660.8607177734375
* 0.9991267323493958 -0.04127539321780205 0.006375864613801241 -152.56344604492188 0.04156157746911049 0.9975582361221313 -0.05608873441815376 101.80411529541016 -0.004046199843287468 0.056306224316358566 0.9984030723571777 -660.3087158203125
* 0.9988663196563721 -0.040996208786964417 0.02416284754872322 -154.08639526367188 0.04250824823975563 0.9969035387039185 -0.0661230981349945 101.7510986328125 -0.021378224715590477 0.06707675009965897 0.9975164532661438 -661.5166015625
* 0.9984657168388367 -0.041446395218372345 0.036699868738651276 -154.7710418701172 0.04400463029742241 0.9964245557785034 -0.07209410518407822 100.75994110107422 -0.03358161076903343 0.07359995692968369 0.9967199563980103 -661.9526977539063
* 0.9988154172897339 -0.041438404470682144 0.025479229167103767 -155.00521850585938 0.04288801923394203 0.9973008036613464 -0.05956153944134712 100.38792419433594 -0.022943317890167236 0.060585226863622665 0.9978969693183899 -661.3638916015625
* 0.9984689354896545 -0.04415833577513695 0.03329269960522652 -155.3609161376953 0.04610597714781761 0.9971050024032593 -0.06042861565947533 100.87557983398438 -0.03052888810634613 0.061872586607933044 0.9976147413253784 -662.049072265625
* 0.9986920356750488 -0.04079481586813927 0.030797773972153664 -155.2176513671875 0.04316558688879013 0.9957801103591919 -0.08096018433570862 101.1948471069336 -0.027366045862436295 0.08218520134687424 0.9962390065193176 -661.9473266601563
* 0.9987857341766357 -0.042359959334135056 0.02512800320982933 -155.17124938964844 0.04377021640539169 0.997306227684021 -0.058823514729738235 101.11262512207031 -0.022569533437490463 0.05985342338681221 0.9979497194290161 -661.2026977539063
* 0.9986329674720764 -0.04164629429578781 0.031563956290483475 -155.50628662109375 0.04368513077497482 0.9967828989028931 -0.06716592609882355 101.10812377929688 -0.0286661759018898 0.06845446676015854 0.9972400665283203 -661.351318359375
* 0.9984837174415588 -0.042211342602968216 0.03531159460544586 -155.74403381347656 0.04436740651726723 0.9970312118530273 -0.06289848685264587 100.7048568725586 -0.03255270794034004 0.06437128037214279 0.9973927140235901 -661.8915405273438
* 0.9974788427352905 -0.04406028613448143 0.05561726540327072 -156.41647338867188 0.047459039837121964 0.9969773888587952 -0.06147762015461922 101.89668273925781 -0.05274142324924469 0.06396365165710449 0.9965553283691406 -664.7866821289063
* 0.9971840977668762 -0.047895632684230804 0.05769414082169533 -156.1189727783203 0.050944432616233826 0.9973072409629822 -0.052713558077812195 103.95838928222656 -0.05501503497362137 0.05550580844283104 0.9969393014907837 -665.2413940429688
* 0.9976234436035156 -0.04286297783255577 0.0539349801838398 -154.9591522216797 0.0471377931535244 0.9956132173538208 -0.08079647272825241 105.07360076904297 -0.050236206501722336 0.08314833045005798 0.9952678680419922 -664.3209838867188
* 0.9979221820831299 -0.04481662064790726 0.04627709835767746 -153.92698669433594 0.048460133373737335 0.995530366897583 -0.0810348242521286 106.2347640991211 -0.042439546436071396 0.08311054110527039 0.9956339001655579 -665.3352661132813
* 0.9980579018592834 -0.04325181618332863 0.04481527954339981 -152.40673828125 0.04671784117817879 0.9957301020622253 -0.07959114015102386 107.38421630859375 -0.041182465851306915 0.08153174072504044 0.995817244052887 -664.6761474609375
* 0.9986070990562439 -0.044679272919893265 0.028042780235409737 -150.4482879638672 0.04703865200281143 0.9947978854179382 -0.09033423662185669 106.65382385253906 -0.023861825466156006 0.0915290117263794 0.9955140948295593 -663.3988647460938
* 0.9988412857055664 -0.0437251478433609 0.020074177533388138 -148.4004364013672 0.04531419649720192 0.99513179063797 -0.08749359101057053 104.20943450927734 -0.01615177094936371 0.08830337226390839 0.9959602952003479 -665.8690795898438
* 0.999007523059845 -0.0401071161031723 0.019340431317687035 -145.57760620117188 0.04134208336472511 0.9967724680900574 -0.06878487765789032 101.1651840209961 -0.016520239412784576 0.06951768696308136 0.9974415302276611 -661.8193359375
* 0.9991466403007507 -0.03975468501448631 0.011141367256641388 -145.37188720703125 0.04036381095647812 0.9972583651542664 -0.06198595091700554 99.5123291015625 -0.00864758063107729 0.062384266406297684 0.998012363910675 -661.044921875
* 0.9992622137069702 -0.036415085196495056 0.012147065252065659 -144.83151245117188 0.03717595338821411 0.996817409992218 -0.07048942893743515 97.90150451660156 -0.009542522020637989 0.07089050114154816 0.9974360466003418 -661.560302734375
* 0.9995611310005188 -0.029303839430212975 0.004192008171230555 -143.14344787597656 0.029557155445218086 0.9953941702842712 -0.09117335081100464 97.19449615478516 -0.001501979073509574 0.09125872701406479 0.9958235621452332 -661.9481201171875
* 0.9995896816253662 -0.023369066417217255 -0.016522476449608803 -140.528564453125 0.022149883210659027 0.9972923994064331 -0.07009323686361313 96.3467025756836 0.018114740028977394 0.06969999521970749 0.9974010586738586 -661.669189453125
* 0.9999097585678101 -0.012847181409597397 0.0037541540805250406 -138.03189086914063 0.013150676153600216 0.9949269890785217 -0.09971527755260468 95.09568786621094 -0.00245509366504848 0.0997571274638176 0.9950063228607178 -662.1773071289063
* 0.99991774559021 -0.012392080388963223 0.0030963588505983353 -136.3006134033203 0.012566015124320984 0.9976366758346558 -0.0675201490521431 94.68876647949219 -0.0022533750161528587 0.06755497306585312 0.9977105259895325 -659.9290161132813
* 0.9998040795326233 -0.014520164579153061 0.013399161398410797 -137.769287109375 0.015191263519227505 0.9985311627388 -0.05196826905012131 94.57845306396484 -0.012625937350094318 0.052163105458021164 0.9985562562942505 -662.7723388671875
* 0.9999387860298157 -0.010240963660180569 0.004016670398414135 -138.3146514892578 0.010531732812523842 0.996504008769989 -0.082853302359581 93.09923553466797 -0.003155183047056198 0.08289200067520142 0.9965510368347168 -660.6464233398438
* 0.9998851418495178 -0.014658782631158829 -0.0036403113044798374 -138.11534118652344 0.014447702094912529 0.9985970258712769 -0.0509008914232254 90.94009399414063 0.004380302969366312 0.050843920558691025 0.9986944198608398 -658.582275390625
* 0.9991056323051453 -0.01288028433918953 0.04025543853640556 -139.3080291748047 0.014872781001031399 0.9986477494239807 -0.04976976662874222 91.52957916259766 -0.039561010897159576 0.050325438380241394 0.9979464411735535 -664.4967651367188
* 0.9999393224716187 -0.0056467438116669655 -0.009387658908963203 -139.58726501464844 0.005173577927052975 0.9987844228744507 -0.04897477477788925 92.25398254394531 0.009651756845414639 0.04892469197511673 0.9987533092498779 -660.320556640625
* 0.9995434284210205 -0.007868829183280468 -0.029146717861294746 -141.74960327148438 0.006639663130044937 0.9991018772125244 -0.04179767519235611 92.03678131103516 0.029448408633470535 0.04158651828765869 0.9986982941627502 -658.76416015625
* 0.9999330639839172 -0.011391326785087585 -0.0015861436259001493 -144.019775390625 0.011272048577666283 0.9982183575630188 -0.05855447053909302 91.16752624511719 0.0022492960561066866 0.058534134179353714 0.9982802271842957 -659.4383544921875
* 0.9996606111526489 -0.01713334210216999 0.01958734728395939 -145.08116149902344 0.01845758594572544 0.9973788261413574 -0.06993081420660019 89.76560974121094 -0.018338894471526146 0.07027007639408112 0.9973567128181458 -661.972412109375
* 0.9995938539505005 -0.025169476866722107 -0.013305836357176304 -143.57981872558594 0.0242441575974226 0.9975765943527222 -0.0651816874742508 87.35244750976563 0.014913158491253853 0.0648340955376625 0.9977819919586182 -660.9205322265625
* 0.9993633031845093 -0.026921456679701805 0.023377809673547745 -142.5051727294922 0.02840982936322689 0.9974009990692139 -0.06617807596921921 85.6413803100586 -0.02153647318482399 0.06680156290531158 0.9975312352180481 -666.171142578125
* 0.9994742274284363 -0.029209252446889877 0.014011380262672901 -142.10145568847656 0.029615964740514755 0.999100387096405 -0.030279789119958878 81.3078842163086 -0.013115346431732178 0.030680282041430473 0.999440610408783 -664.8616333007813
* 0.9996049404144287 -0.02678690478205681 -0.008412078954279423 -143.2059326171875 0.026480408385396004 0.9990717172622681 -0.03390989825129509 78.0543441772461 0.00931160245090723 0.033675190061330795 0.9993868470191956 -661.8906860351563
* 0.9995834827423096 -0.02651359885931015 0.011327661573886871 -144.7000732421875 0.026954833418130875 0.9987752437591553 -0.04143344983458519 75.57988739013672 -0.010216258466243744 0.04172297194600105 0.999074399471283 -664.1697387695313
* 0.9996584057807922 -0.026094859465956688 -7.33465829398483E-4 -143.72911071777344 0.02602587454020977 0.9985827803611755 -0.04637227952480316 73.42733764648438 0.0019414875423535705 0.046338800340890884 0.9989212155342102 -663.3012084960938
* 0.9993162751197815 -0.023477954789996147 -0.028533946722745895 -141.46636962890625 0.02206534519791603 0.9985712170600891 -0.048618536442518234 72.6854019165039 0.02963363006711006 0.04795712232589722 0.9984070658683777 -662.7999267578125
* 0.9997357130050659 -0.022702600806951523 -0.003389292163774371 -139.6399383544922 0.022508379071950912 0.9986057877540588 -0.04769536480307579 72.85800170898438 0.004466349259018898 0.0476079061627388 0.9988535046577454 -665.0923461914063
* 0.9998266696929932 -0.01790451444685459 0.004936343524605036 -138.10763549804688 0.018133429810404778 0.9984385967254639 -0.0527881421148777 72.55342864990234 -0.00398454163223505 0.05286991968750954 0.9985908269882202 -664.2996215820313
* 0.9996813535690308 -0.02487981878221035 -0.004068617708981037 -137.09828186035156 0.02473355457186699 0.9992011189460754 -0.03131411224603653 71.67437744140625 0.0048434254713356495 0.031204918399453163 0.9994986057281494 -662.9735717773438
* 0.9996791481971741 -0.024903180077672005 -0.004456688649952412 -136.57391357421875 0.024648521095514297 0.9984940886497498 -0.04896026849746704 70.89518737792969 0.0056682126596570015 0.04883613809943199 0.9987879991531372 -663.6541748046875
* 0.9992524981498718 -0.01629515178501606 0.03503452613949776 -136.54122924804688 0.01902947574853897 0.9966595768928528 -0.07938957214355469 69.261474609375 -0.03362489491701126 0.07999834418296814 0.9962249994277954 -668.1865844726563
* 0.999567985534668 -0.017291322350502014 0.023731280118227005 -135.73590087890625 0.01858268678188324 0.99827641248703 -0.05562314763665199 66.70906829833984 -0.02272964082658291 0.05604153871536255 0.9981669783592224 -668.4445190429688
* 0.9996984601020813 -0.014774953946471214 0.019572295248508453 -134.80831909179688 0.015730740502476692 0.9986237287521362 -0.04998254403471947 65.66678619384766 -0.018807940185070038 0.05027678608894348 0.9985554814338684 -667.6747436523438
* 0.9990513324737549 -0.01652662083506584 0.04026881605386734 -135.51727294921875 0.01736631616950035 0.9996310472488403 -0.020766211673617363 68.05083465576172 -0.03991185128688812 0.021447254344820976 0.9989702701568604 -673.1585083007813
* 0.9997528791427612 -0.017673999071121216 0.01341695711016655 -134.73243713378906 0.01778911054134369 0.9997984766960144 -0.009031573310494423 70.5337142944336 -0.013255703262984753 0.009269433096051216 0.9998664259910583 -668.5197143554688
* 0.9941713809967041 -0.026262544095516205 0.10455393046140671 -136.2898712158203 0.02410021983087063 0.9994688034057617 0.021825408563017845 74.89118957519531 -0.10507269948720932 -0.019177017733454704 0.9942768216133118 -675.8057250976563
* 0.9994871616363525 -0.015508088283240795 0.02798021398484707 -135.5206298828125 0.015978846698999405 0.9997264742851257 -0.01692928746342659 77.62445831298828 -0.02771109901368618 0.0173691026866436 0.9994622468948364 -667.2799072265625
* 0.9998114109039307 -0.012972473166882992 0.014379492029547691 -136.469970703125 0.013682456687092781 0.9986060857772827 -0.050929486751556396 77.0102767944336 -0.013699838891625404 0.05111806094646454 0.9985958933830261 -665.0159301757813
* 0.9997475147247314 -0.01157249603420496 -0.01920887641608715 -136.92178344726563 0.010860377922654152 0.9992750883102417 -0.03642073646187782 74.41880798339844 0.019615380093455315 0.03620434179902077 0.9991490840911865 -660.1725463867188
* 0.9993519186973572 -0.01320992223918438 0.03345426917076111 -138.99960327148438 0.015064920298755169 0.9983129501342773 -0.056029241532087326 74.4985122680664 -0.03265877440571785 0.056498341262340546 0.9978655576705933 -666.26513671875
* 0.9979357719421387 -0.017944637686014175 0.06164621561765671 -140.57330322265625 0.020353199914097786 0.9990379214286804 -0.03878139331936836 76.17903137207031 -0.06089208275079727 0.03995746374130249 0.9973413348197937 -670.1534423828125
* 0.9967935681343079 -0.019955096766352654 0.07747538387775421 -141.15557861328125 0.02230033464729786 0.9993100762367249 -0.029614534229040146 79.16895294189453 -0.07683207839727402 0.031248727813363075 0.9965513348579407 -671.3065795898438
* 0.9988481998443604 -0.016430489718914032 0.04505809769034386 -140.27084350585938 0.019077014178037643 0.9980670213699341 -0.05910585820674896 80.78197479248047 -0.044000957161188126 0.059898801147937775 0.9972313046455383 -666.2644653320313
* 0.9992033839225769 -0.019033316522836685 0.03504522144794464 -140.454345703125 0.021431544795632362 0.9973433017730713 -0.0695853978395462 81.55055236816406 -0.033628758043050766 0.07028248906135559 0.9969571232795715 -665.600830078125
* 0.9997825622558594 -0.020319124683737755 0.004453308414667845 -140.49154663085938 0.020484955981373787 0.9988638758659363 -0.04297088086605072 81.8990249633789 -0.0035761836916208267 0.04305419325828552 0.9990633130073547 -662.5765991210938
* 0.9995086193084717 -0.02710435912013054 0.015676135197281837 -142.08030700683594 0.027624253183603287 0.999022901058197 -0.03442978113889694 82.91313171386719 -0.014728685840964317 0.03484734147787094 0.9992810487747192 -664.7501831054688
* 0.9993105530738831 -0.029253285378217697 0.022814864292740822 -143.349609375 0.029712088406085968 0.999349057674408 -0.020348679274320602 85.04499816894531 -0.02220580354332924 0.021013954654335976 0.9995295405387878 -666.0125122070313
* 0.9989026784896851 -0.02064100094139576 0.04201389476656914 -144.81027221679688 0.02295028790831566 0.9981973171234131 -0.05541549250483513 87.10254669189453 -0.04079538583755493 0.056320350617170334 0.9975758790969849 -666.4093017578125
* 0.9997640252113342 -0.01879013516008854 -0.010806591250002384 -145.66476440429688 0.018260376527905464 0.9987444877624512 -0.04659619554877281 86.9656753540039 0.011667510494589806 0.046389296650886536 0.9988521933555603 -661.0472412109375
* 0.9995547533035278 -0.018416212871670723 0.023433681577444077 -148.21868896484375 0.019774572923779488 0.9980341196060181 -0.05943150818347931 86.4738998413086 -0.0222941804677248 0.05986986681818962 0.9979540705680847 -663.2774047851563
* 0.9994139075279236 -0.01919468306005001 0.028310434892773628 -149.13189697265625 0.02077420800924301 0.9981639981269836 -0.05685265362262726 84.68755340576172 -0.027168260887265205 0.0574088916182518 0.9979777932167053 -663.3397216796875
* 0.9992563724517822 -0.018001049757003784 0.03407090902328491 -148.7904510498047 0.01984640210866928 0.9982958436012268 -0.054832883179187775 82.98560333251953 -0.03302687779068947 0.05546972155570984 0.9979107975959778 -663.6746826171875
* 0.9971781969070435 -0.0185902900993824 0.07271941751241684 -149.3499755859375 0.021764438599348068 0.9988269805908203 -0.04319961741566658 85.11783599853516 -0.07183211296796799 0.04466184973716736 0.9964130520820618 -669.5361328125
* 0.9985398650169373 -0.025253819301724434 0.04773224890232086 -148.89097595214844 0.02602618746459484 0.9995344281196594 -0.015775904059410095 88.29647827148438 -0.047312699258327484 0.01699659414589405 0.998732328414917 -667.1121215820313
* 0.9995343685150146 -0.01607060618698597 0.02589794248342514 -148.06546020507813 0.017653709277510643 0.997893750667572 -0.062384966760873795 89.03394317626953 -0.024841919541358948 0.06281455606222153 0.9977126717567444 -662.5249633789063
* 0.9998926520347595 -0.014580397866666317 3.202824154868722E-4 -147.14968872070313 0.014564098790287971 0.99784255027771 -0.06397993117570877 87.59652709960938 6.121698534116149E-4 0.06397916376590729 0.9979477524757385 -659.910888671875
* 0.9996055364608765 -0.01735377125442028 0.022038528695702553 -147.06504821777344 0.018605602905154228 0.9981257915496826 -0.058259330689907074 86.58621978759766 -0.020987294614315033 0.05864782631397247 0.9980548024177551 -663.1442260742188
* 0.9998741745948792 -0.011831281706690788 0.010479719378054142 -145.8270721435547 0.012585988268256187 0.9970356225967407 -0.07587360590696335 84.98319244384766 -0.009552079252898693 0.07599738240242004 0.9970589280128479 -661.4400634765625
* 0.9992544651031494 -0.018387028947472572 0.033920951187610626 -145.7327880859375 0.01997116208076477 0.9986844062805176 -0.04717904329299927 83.96720886230469 -0.03300994262099266 0.0478227473795414 0.9983068704605103 -663.7134399414063
* 0.9990928769111633 -0.017384430393576622 0.038850270211696625 -145.69651794433594 0.019560223445296288 0.9982069730758667 -0.05652816221117973 84.0958480834961 -0.03779899701476097 0.05723823606967926 0.9976414442062378 -664.6500854492188
* 0.9998799562454224 -0.014878809452056885 0.004114690702408552 -144.5670928955078 0.015110607258975506 0.9977140426635742 -0.06583085656166077 83.18228912353516 -0.003126888768747449 0.06588655710220337 0.9978189468383789 -660.2777099609375
* 0.999183714389801 -0.015717195346951485 0.03719104081392288 -145.58824157714844 0.01808031275868416 0.9977662563323975 -0.06427214294672012 83.15142822265625 -0.036098867654800415 0.06489352881908417 0.9972357749938965 -664.636474609375
* 0.9996605515480042 -0.01695987768471241 0.019737891852855682 -145.3307647705078 0.018056057393550873 0.9982017278671265 -0.05712030827999115 82.61507415771484 -0.018734723329544067 0.05745873227715492 0.9981687664985657 -661.7299194335938
* 0.9998356699943542 -0.01779717579483986 -0.0032275780104100704 -144.7493133544922 0.017581302672624588 0.998268187046051 -0.05609780177474022 81.23361206054688 0.004219278693199158 0.056033264845609665 0.9984166622161865 -659.6058959960938
* 0.9997539520263672 -0.01827738806605339 -0.012513358145952225 -144.55990600585938 0.01776132360100746 0.9990530014038086 -0.039660729467868805 80.51203155517578 0.013225311413407326 0.03943014144897461 0.9991315007209778 -659.9865112304688
* 0.9995968341827393 -0.020873378962278366 0.019210945814847946 -144.72190856933594 0.021631130948662758 0.9989433288574219 -0.040493614971637726 80.3506851196289 -0.018346484750509262 0.040894269943237305 0.9989917278289795 -662.7047729492188
* 0.9996370673179626 -0.018085217103362083 0.019930880516767502 -145.14212036132813 0.019070196896791458 0.9985268712043762 -0.050752244889736176 79.3749008178711 -0.018984735012054443 0.051115330308675766 0.9985089898109436 -663.1616821289063
* 0.9996201992034912 -0.024828704074025154 0.011890914291143417 -145.2073211669922 0.025330204516649246 0.9986768364906311 -0.04470217600464821 78.63986206054688 -0.010766376741230488 0.044987812638282776 0.9989262223243713 -662.8328857421875
* 0.9988614320755005 -0.019045181572437286 0.043719638139009476 -144.68463134765625 0.022247929126024246 0.9969971179962158 -0.07414180040359497 79.8389663696289 -0.04217740520834923 0.07503145933151245 0.9962854981422424 -666.7484741210938
* 0.9995594620704651 -0.026765022426843643 0.012761149555444717 -142.95074462890625 0.0271214060485363 0.9992032051086426 -0.02919941022992134 81.03709411621094 -0.01197054423391819 0.02953406050801277 0.9994888305664063 -664.5567626953125
* 0.9996703267097473 -0.020287644118070602 -0.01568012684583664 -141.07070922851563 0.0195624940097332 0.9988075494766235 -0.044677283614873886 81.30111694335938 0.016566727310419083 0.04435722529888153 0.9988750219345093 -660.7163696289063
* 0.9996035695075989 -0.014273444190621376 0.02422812208533287 -140.64724731445313 0.0160466730594635 0.9970561265945435 -0.07494455575942993 80.54533386230469 -0.023088181391358376 0.0753050446510315 0.9968898892402649 -665.3767700195313
* 0.9998186826705933 -0.015782326459884644 0.010572022758424282 -138.7173309326172 0.016512352973222733 0.9971423149108887 -0.07368665188550949 77.80626678466797 -0.009379960596561432 0.07384928315877914 0.9972219467163086 -665.3096313476563
* 0.9997518658638 -0.013003077358007431 0.018034229055047035 -136.5652313232422 0.01407672744244337 0.9980272650718689 -0.061144862323999405 74.41264343261719 -0.017204677686095238 0.061384983360767365 0.9979625344276428 -665.96484375
* 0.999559760093689 -0.01594354212284088 -0.024982159957289696 -133.77276611328125 0.014679492451250553 0.9986528754234314 -0.04972201958298683 71.6783218383789 0.025740161538124084 0.04933483526110649 0.9984472990036011 -662.1826782226563
* 0.9998634457588196 -0.01448849681764841 -0.007828125730156898 -131.8972930908203 0.013951731845736504 0.9978523850440979 -0.06396269053220749 70.40850067138672 0.008736947551369667 0.0638461634516716 0.9979181885719299 -663.86181640625
* 0.9989706873893738 -0.01727231778204441 -0.04192086681723595 -129.0669708251953 0.014226945117115974 0.9973204135894775 -0.07172710448503494 68.51628875732422 0.04304635152220726 0.07105829566717148 0.9965395331382751 -663.9097900390625
* 0.9995977878570557 -0.017211344093084335 -0.022494792938232422 -125.96028900146484 0.01554710604250431 0.9972895383834839 -0.07188180088996887 65.73037719726563 0.023669926449656487 0.07150458544492722 0.9971559047698975 -668.7708129882813
* 0.9995223879814148 -0.022486308589577675 -0.02115025743842125 -122.04633331298828 0.021343231201171875 0.998390793800354 -0.052491314709186554 61.840415954589844 0.02229549176990986 0.05201626941561699 0.9983938336372375 -668.4520263671875
* 0.9996630549430847 -0.02500031515955925 0.006834528408944607 -118.87779998779297 0.02526063285768032 0.9987831115722656 -0.04229975864291191 57.77837371826172 -0.005769762210547924 0.04245958477258682 0.9990779757499695 -666.7830810546875
* 0.9994592070579529 -0.028774524107575417 0.015848921611905098 -118.29521942138672 0.029101993888616562 0.9993472695350647 -0.021287832409143448 54.40607452392578 -0.015227082185447216 0.021738996729254723 0.9996442198753357 -667.4110107421875
* 0.999074399471283 -0.02433972992002964 -0.035437412559986115 -119.33489227294922 0.02408568374812603 0.9996801614761353 -0.007384184747934341 50.82265090942383 0.03560473769903183 0.0065252576023340225 0.9993411302566528 -663.3745727539063
* 0.9994006752967834 -0.02263188548386097 -0.026153307408094406 -122.47074127197266 0.022120103240013123 0.9995639324188232 -0.019434653222560883 49.90880584716797 0.026580670848488808 0.0188459325581789 0.9994654655456543 -665.6912841796875
* 0.9997258186340332 -0.022300338372588158 -0.007004914805293083 -125.46038055419922 0.022185202687978745 0.9996363520622253 -0.015166209079325199 51.090362548828125 0.007339504547417164 0.015008083544671535 0.9998569488525391 -667.7939453125
* 0.9988342523574829 -0.017480477690696716 0.044974882155656815 -128.73593139648438 0.017640704289078712 0.9998363852500916 -0.003322487697005272 53.90690612792969 -0.04491052031517029 0.004113434813916683 0.9989790320396423 -672.70263671875
* 0.99598228931427 -0.02813141420483589 0.08500698953866959 -132.81253051757813 0.024551790207624435 0.9987800717353821 0.04278551787137985 58.884666442871094 -0.08610795438289642 -0.040525104850530624 0.9954578280448914 -679.3156127929688
* 0.9993337988853455 -0.026324108242988586 0.025240641087293625 -135.53265380859375 0.025123361498117447 0.9985997080802917 0.04650092497467995 63.461639404296875 -0.026430465281009674 -0.04583437740802765 0.9985958933830261 -675.0817260742188
* 0.9995282888412476 -0.02225610800087452 0.021115973591804504 -138.17767333984375 0.022117771208286285 0.9997321963310242 0.006436477415263653 66.80549621582031 -0.021254640072584152 -0.005964970216155052 0.9997528791427612 -670.9503173828125
* 0.9995289444923401 -0.011155757121741772 -0.02855399250984192 -140.2550811767578 0.010756987147033215 0.999843955039978 -0.013840129598975182 68.75691223144531 0.028702853247523308 0.013527878560125828 0.9994930028915405 -664.582763671875
* 0.9999588131904602 -0.004125269595533609 -0.007962181232869625 -144.20794677734375 0.0037367616314440966 0.9988682866096497 -0.04736217111349106 70.5888671875 0.008147462271153927 0.047331877052783966 0.9988425374031067 -665.9127197265625
* 0.9998206496238708 -0.007525281980633736 -0.017325863242149353 -147.38832092285156 0.007425965741276741 0.9999552965164185 -0.005393729545176029 71.55473327636719 0.01736459508538246 0.00526550505310297 0.9998319745063782 -663.2639770507813
* 0.9997425079345703 -0.012721873819828033 0.01874023675918579 -150.02085876464844 0.013025153428316116 0.9997761249542236 -0.016522549092769623 73.36266326904297 -0.018526922911405563 0.016763800755143166 0.9996843934059143 -663.9522094726563
* 0.9970837235450745 -0.011584137566387653 0.07542002201080322 -152.4691925048828 0.014525244012475014 0.999144434928894 -0.03865697234869003 76.09413146972656 -0.0749087929725647 0.03964114189147949 0.9963986277580261 -669.3662719726563
* 0.996849000453949 -0.017657367512583733 0.07732219249010086 -152.18948364257813 0.02097754180431366 0.998876690864563 -0.04242980107665062 78.57081604003906 -0.07648725062608719 0.04391953721642494 0.9960993528366089 -668.518310546875
* 0.9979457259178162 -0.01782963238656521 0.061520323157310486 -150.9467010498047 0.020691340789198875 0.9987102746963501 -0.046310797333717346 81.26066589355469 -0.0606163889169693 0.04749000445008278 0.9970273375511169 -668.59228515625
* 0.9983527660369873 -0.013588868081569672 0.055726658552885056 -149.2126007080078 0.018097007647156715 0.9965201020240784 -0.08133402466773987 83.64906311035156 -0.054428618401288986 0.08220992982387543 0.9951242208480835 -667.6666259765625
