*1 0.9993175268173218 0.02812211774289608 0.023866401985287666 -219.0133819580078
*1 0.9993175268173218 0.02812211774289608 0.023866401985287666 -219.0133819580078
*2 -0.019434845075011253 0.9511595368385315 -0.308091938495636 226.40074157714844
*1 0.9993175268173218 0.02812211774289608 0.023866401985287666 -219.0133819580078
*2 -0.019434845075011253 0.9511595368385315 -0.308091938495636 226.40074157714844
*3 -0.031373120844364166 0.3074150085449219 0.9510575532913208 -1127.4249267578125
*1 0.9995875954627991 0.026927992701530457 0.009774405509233475 -218.62628173828125
*1 0.9995875954627991 0.026927992701530457 0.009774405509233475 -218.62628173828125
*2 -0.022517913952469826 0.9490315914154053 -0.3143797814846039 225.9912872314453
*1 0.9995875954627991 0.026927992701530457 0.009774405509233475 -218.62628173828125
*2 -0.022517913952469826 0.9490315914154053 -0.3143797814846039 225.9912872314453
*3 -0.01774999313056469 0.31402722001075745 0.9492473602294922 -1127.111572265625
*1 0.9991265535354614 0.02472507767379284 0.03362879902124405 -218.6651611328125
*1 0.9991265535354614 0.02472507767379284 0.03362879902124405 -218.6651611328125
*2 -0.014327151700854301 0.9596888422966003 -0.2807038426399231 226.87022399902344
*1 0.9991265535354614 0.02472507767379284 0.03362879902124405 -218.6651611328125
*2 -0.014327151700854301 0.9596888422966003 -0.2807038426399231 226.87022399902344
*3 -0.039221785962581635 0.2799740135669708 0.9592053294181824 -1132.1822509765625
*1 0.9990357160568237 0.03559749945998192 0.02562355063855648 -216.41827392578125
*1 0.9990357160568237 0.03559749945998192 0.02562355063855648 -216.41827392578125
*2 -0.02593715861439705 0.9503678679466248 -0.31004956364631653 225.1082763671875
*1 0.9990357160568237 0.03559749945998192 0.02562355063855648 -216.41827392578125
*2 -0.02593715861439705 0.9503678679466248 -0.31004956364631653 225.1082763671875
*3 -0.035396941006183624 0.30908310413360596 0.9503753185272217 -1126.5809326171875
*1 0.9971707463264465 0.0332384891808033 0.06739228963851929 -216.22885131835938
*1 0.9971707463264465 0.0332384891808033 0.06739228963851929 -216.22885131835938
*2 -0.013127708807587624 0.960019052028656 -0.27963146567344666 225.47647094726563
*1 0.9971707463264465 0.0332384891808033 0.06739228963851929 -216.22885131835938
*2 -0.013127708807587624 0.960019052028656 -0.27963146567344666 225.47647094726563
*3 -0.07400058209896088 0.27795276045799255 0.9577394127845764 -1132.869140625
*1 0.99924635887146 0.03175461292266846 -0.022232212126255035 -213.69189453125
*1 0.99924635887146 0.03175461292266846 -0.022232212126255035 -213.69189453125
*2 -0.03763924539089203 0.9329684972763062 -0.3579883575439453 221.8682098388672
*1 0.99924635887146 0.03175461292266846 -0.022232212126255035 -213.69189453125
*2 -0.03763924539089203 0.9329684972763062 -0.3579883575439453 221.8682098388672
*3 0.009366035461425781 0.35855260491371155 0.9334617853164673 -1125.46484375
*1 0.9993299245834351 0.03038848750293255 0.02030561864376068 -212.25160217285156
*1 0.9993299245834351 0.03038848750293255 0.02030561864376068 -212.25160217285156
*2 -0.022587187588214874 0.9500100016593933 -0.3114055395126343 220.85614013671875
*1 0.9993299245834351 0.03038848750293255 0.02030561864376068 -212.25160217285156
*2 -0.022587187588214874 0.9500100016593933 -0.3114055395126343 220.85614013671875
*3 -0.02876186929643154 0.31073543429374695 0.9500604271888733 -1127.70263671875
*1 0.9980838894844055 0.036083437502384186 0.05022584646940231 -211.00970458984375
*1 0.9980838894844055 0.036083437502384186 0.05022584646940231 -211.00970458984375
*2 -0.0199386328458786 0.956396222114563 -0.2913955748081207 220.6129913330078
*1 0.9980838894844055 0.036083437502384186 0.05022584646940231 -211.00970458984375
*2 -0.0199386328458786 0.956396222114563 -0.2913955748081207 220.6129913330078
*3 -0.05855853855609894 0.2898329496383667 0.9552834033966064 -1131.124755859375
*1 0.999036967754364 0.02865942195057869 0.03316362947225571 -209.7704620361328
*1 0.999036967754364 0.02865942195057869 0.03316362947225571 -209.7704620361328
*2 -0.017070993781089783 0.9510906934738159 -0.30844423174858093 220.39651489257813
*1 0.999036967754364 0.02865942195057869 0.03316362947225571 -209.7704620361328
*2 -0.017070993781089783 0.9510906934738159 -0.30844423174858093 220.39651489257813
*3 -0.04038963466882706 0.30757829546928406 0.9506644010543823 -1131.81201171875
*1 0.9988308548927307 0.029014403000473976 0.038614872843027115 -210.1146697998047
*1 0.9988308548927307 0.029014403000473976 0.038614872843027115 -210.1146697998047
*2 -0.017778703942894936 0.9640417098999023 -0.26516076922416687 221.15057373046875
*1 0.9988308548927307 0.029014403000473976 0.038614872843027115 -210.1146697998047
*2 -0.017778703942894936 0.9640417098999023 -0.26516076922416687 221.15057373046875
*3 -0.04492801055312157 0.2641614079475403 0.9634307026863098 -1136.4066162109375
*1 0.9984752535820007 0.029580259695649147 0.046565037220716476 -208.33242797851563
*1 0.9984752535820007 0.029580259695649147 0.046565037220716476 -208.33242797851563
*2 -0.013493985868990421 0.9492549896240234 -0.31422215700149536 219.91758728027344
*1 0.9984752535820007 0.029580259695649147 0.046565037220716476 -208.33242797851563
*2 -0.013493985868990421 0.9492549896240234 -0.31422215700149536 219.91758728027344
*3 -0.053505055606365204 0.3131118714809418 0.9482070803642273 -1130.931396484375
*1 0.9979043006896973 0.03447259962558746 0.05472356453537941 -208.2415313720703
*1 0.9979043006896973 0.03447259962558746 0.05472356453537941 -208.2415313720703
*2 -0.016277385875582695 0.9526166915893555 -0.30374211072921753 221.00222778320313
*1 0.9979043006896973 0.03447259962558746 0.05472356453537941 -208.2415313720703
*2 -0.016277385875582695 0.9526166915893555 -0.30374211072921753 221.00222778320313
*3 -0.06260952353477478 0.3022119700908661 0.9511815905570984 -1133.63916015625
*1 0.9994789361953735 0.026319893077015877 0.018579639494419098 -206.2283172607422
*1 0.9994789361953735 0.026319893077015877 0.018579639494419098 -206.2283172607422
*2 -0.019278990104794502 0.9503565430641174 -0.3105699121952057 219.87710571289063
*1 0.9994789361953735 0.026319893077015877 0.018579639494419098 -206.2283172607422
*2 -0.019278990104794502 0.9503565430641174 -0.3105699121952057 219.87710571289063
*3 -0.025839615613222122 0.31004711985588074 0.9503691792488098 -1127.8902587890625
*1 0.9984352588653564 0.02452757954597473 0.05021404102444649 -207.185546875
*1 0.9984352588653564 0.02452757954597473 0.05021404102444649 -207.185546875
*2 -0.012553591281175613 0.9739038348197937 -0.2266199290752411 221.44004821777344
*1 0.9984352588653564 0.02452757954597473 0.05021404102444649 -207.185546875
*2 -0.012553591281175613 0.9739038348197937 -0.2266199290752411 221.44004821777344
*3 -0.05447026342153549 0.22563216090202332 0.972687840461731 -1136.5380859375
*1 0.9995096921920776 0.02378004789352417 0.020270518958568573 -205.85147094726563
*1 0.9995096921920776 0.02378004789352417 0.020270518958568573 -205.85147094726563
*2 -0.01676098257303238 0.9552209377288818 -0.29542332887649536 220.65438842773438
*1 0.9995096921920776 0.02378004789352417 0.020270518958568573 -205.85147094726563
*2 -0.01676098257303238 0.9552209377288818 -0.29542332887649536 220.65438842773438
*3 -0.02639618329703808 0.294935941696167 0.9551516175270081 -1131.987060546875
*1 0.9994628429412842 0.03271069750189781 1.2527965009212494E-4 -204.09481811523438
*1 0.9994628429412842 0.03271069750189781 1.2527965009212494E-4 -204.09481811523438
*2 -0.030385559424757957 0.9290379285812378 -0.36873865127563477 220.04238891601563
*1 0.9994628429412842 0.03271069750189781 1.2527965009212494E-4 -204.09481811523438
*2 -0.030385559424757957 0.9290379285812378 -0.36873865127563477 220.04238891601563
*3 -0.012186238542199135 0.3685339689254761 0.9295336008071899 -1125.0775146484375
*1 0.9980248808860779 0.03132167458534241 0.054418448358774185 -204.98631286621094
*1 0.9980248808860779 0.03132167458534241 0.054418448358774185 -204.98631286621094
*2 -0.013601268641650677 0.9538338780403137 -0.3000313639640808 222.13357543945313
*1 0.9980248808860779 0.03132167458534241 0.054418448358774185 -204.98631286621094
*2 -0.013601268641650677 0.9538338780403137 -0.3000313639640808 222.13357543945313
*3 -0.06131182238459587 0.29869577288627625 0.9523760676383972 -1132.7413330078125
*1 0.9995916485786438 0.023872990161180496 0.015572628006339073 -204.44189453125
*1 0.9995916485786438 0.023872990161180496 0.015572628006339073 -204.44189453125
*2 -0.01875119097530842 0.9619222283363342 -0.2726844847202301 221.9713897705078
*1 0.9995916485786438 0.023872990161180496 0.015572628006339073 -204.44189453125
*2 -0.01875119097530842 0.9619222283363342 -0.2726844847202301 221.9713897705078
*3 -0.021497640758752823 0.2722783386707306 0.9619776010513306 -1131.9395751953125
*1 0.9983386993408203 0.03595160320401192 0.04497861862182617 -202.82763671875
*1 0.9983386993408203 0.03595160320401192 0.04497861862182617 -202.82763671875
*2 -0.019390251487493515 0.9452601671218872 -0.3257453739643097 221.56500244140625
*1 0.9983386993408203 0.03595160320401192 0.04497861862182617 -202.82763671875
*2 -0.019390251487493515 0.9452601671218872 -0.3257453739643097 221.56500244140625
*3 -0.05423573777079582 0.32432931661605835 0.9443873763084412 -1129.1337890625
*1 0.9996365904808044 0.026813022792339325 -0.001888040453195572 -200.9727020263672
*1 0.9996365904808044 0.026813022792339325 -0.001888040453195572 -200.9727020263672
*2 -0.025999225676059723 0.9454639554023743 -0.32469162344932556 221.47116088867188
*1 0.9996365904808044 0.026813022792339325 -0.001888040453195572 -200.9727020263672
*2 -0.025999225676059723 0.9454639554023743 -0.32469162344932556 221.47116088867188
*3 -0.0069290585815906525 0.32462000846862793 0.9458183646202087 -1125.5262451171875
*1 0.9995419979095459 0.02842278592288494 -0.010183025151491165 -199.3853759765625
*1 0.9995419979095459 0.02842278592288494 -0.010183025151491165 -199.3853759765625
*2 -0.030217312276363373 0.9431360363960266 -0.3310348689556122 221.09764099121094
*1 0.9995419979095459 0.02842278592288494 -0.010183025151491165 -199.3853759765625
*2 -0.030217312276363373 0.9431360363960266 -0.3310348689556122 221.09764099121094
*3 1.8689781427383423E-4 0.3311882019042969 0.9435639381408691 -1122.9139404296875
*1 0.9990991353988647 0.03600773215293884 0.022362198680639267 -200.2755126953125
*1 0.9990991353988647 0.03600773215293884 0.022362198680639267 -200.2755126953125
*2 -0.027925772592425346 0.9558342695236206 -0.2925812900066376 223.29443359375
*1 0.9990991353988647 0.03600773215293884 0.022362198680639267 -200.2755126953125
*2 -0.027925772592425346 0.9558342695236206 -0.2925812900066376 223.29443359375
*3 -0.03191789239645004 0.2916903793811798 0.9559794068336487 -1133.2816162109375
*1 0.9994266033172607 0.03378427401185036 9.161792695522308E-4 -197.32525634765625
*1 0.9994266033172607 0.03378427401185036 9.161792695522308E-4 -197.32525634765625
*2 -0.03154270723462105 0.9414506554603577 -0.33567628264427185 221.063720703125
*1 0.9994266033172607 0.03378427401185036 9.161792695522308E-4 -197.32525634765625
*2 -0.03154270723462105 0.9414506554603577 -0.33567628264427185 221.063720703125
*3 -0.012211255729198456 0.3354520797729492 0.9419774413108826 -1123.6212158203125
*1 0.9992560148239136 0.03576996177434921 0.014271375723183155 -196.09300231933594
*1 0.9992560148239136 0.03576996177434921 0.014271375723183155 -196.09300231933594
*2 -0.029051845893263817 0.9430598616600037 -0.3313562273979187 220.01950073242188
*1 0.9992560148239136 0.03576996177434921 0.014271375723183155 -196.09300231933594
*2 -0.029051845893263817 0.9430598616600037 -0.3313562273979187 220.01950073242188
*3 -0.025319501757621765 0.33069226145744324 0.9433982372283936 -1124.923828125
*1 0.9994244575500488 0.03087608329951763 0.013896383345127106 -195.40737915039063
*1 0.9994244575500488 0.03087608329951763 0.013896383345127106 -195.40737915039063
*2 -0.026165161281824112 0.9644511938095093 -0.2629677951335907 219.53965759277344
*1 0.9994244575500488 0.03087608329951763 0.013896383345127106 -195.40737915039063
*2 -0.026165161281824112 0.9644511938095093 -0.2629677951335907 219.53965759277344
*3 -0.021529946476221085 0.2624499797821045 0.9647047519683838 -1132.3447265625
*1 0.9986876845359802 0.027161894366145134 0.04336894303560257 -193.2074737548828
*1 0.9986876845359802 0.027161894366145134 0.04336894303560257 -193.2074737548828
*2 -0.014899831265211105 0.9649919271469116 -0.2618614137172699 218.4285430908203
*1 0.9986876845359802 0.027161894366145134 0.04336894303560257 -193.2074737548828
*2 -0.014899831265211105 0.9649919271469116 -0.2618614137172699 218.4285430908203
*3 -0.0489715039730072 0.26086872816085815 0.9641308188438416 -1137.1973876953125
*1 0.9993239045143127 0.03617163375020027 0.006250598002225161 -189.49786376953125
*1 0.9993239045143127 0.03617163375020027 0.006250598002225161 -189.49786376953125
*2 -0.03200986608862877 0.9415698647499084 -0.33529767394065857 213.47373962402344
*1 0.9993239045143127 0.03617163375020027 0.006250598002225161 -189.49786376953125
*2 -0.03200986608862877 0.9415698647499084 -0.33529767394065857 213.47373962402344
*3 -0.018021749332547188 0.33486804366111755 0.9420921802520752 -1135.1448974609375
*1 0.9978333711624146 0.035589799284935 0.05529572069644928 -186.33395385742188
*1 0.9978333711624146 0.035589799284935 0.05529572069644928 -186.33395385742188
*2 -0.01489534042775631 0.9412198662757874 -0.3374704420566559 208.35049438476563
*1 0.9978333711624146 0.035589799284935 0.05529572069644928 -186.33395385742188
*2 -0.01489534042775631 0.9412198662757874 -0.3374704420566559 208.35049438476563
*3 -0.06406408548355103 0.3359127640724182 0.9397113919258118 -1143.96533203125
*1 0.9991006851196289 0.03786005824804306 -0.018976032733917236 -180.78379821777344
*1 0.9991006851196289 0.03786005824804306 -0.018976032733917236 -180.78379821777344
*2 -0.04235565662384033 0.9064679145812988 -0.4201487600803375 198.04066467285156
*1 0.9991006851196289 0.03786005824804306 -0.018976032733917236 -180.78379821777344
*2 -0.04235565662384033 0.9064679145812988 -0.4201487600803375 198.04066467285156
*3 0.001286245882511139 0.420571893453598 0.9072578549385071 -1138.04248046875
*1 0.9976170659065247 0.04783525690436363 0.04967696964740753 -177.83004760742188
*1 0.9976170659065247 0.04783525690436363 0.04967696964740753 -177.83004760742188
*2 -0.025122758001089096 0.9227616786956787 -0.38455522060394287 189.01898193359375
*1 0.9976170659065247 0.04783525690436363 0.04967696964740753 -177.83004760742188
*2 -0.025122758001089096 0.9227616786956787 -0.38455522060394287 189.01898193359375
*3 -0.06424342840909958 0.38238784670829773 0.9217653870582581 -1149.95361328125
*1 0.9978348612785339 0.051327191293239594 0.0410737544298172 -172.9087371826172
*1 0.9978348612785339 0.051327191293239594 0.0410737544298172 -172.9087371826172
*2 -0.031790994107723236 0.9234826564788818 -0.3823246955871582 177.14157104492188
*1 0.9978348612785339 0.051327191293239594 0.0410737544298172 -172.9087371826172
*2 -0.031790994107723236 0.9234826564788818 -0.3823246955871582 177.14157104492188
*3 -0.05756266787648201 0.38018807768821716 0.9231157898902893 -1151.5654296875
*1 0.9976618885993958 0.06356736272573471 0.02501787431538105 -168.52952575683594
*1 0.9976618885993958 0.06356736272573471 0.02501787431538105 -168.52952575683594
*2 -0.05042441189289093 0.9321221709251404 -0.3586205542087555 166.0932159423828
*1 0.9976618885993958 0.06356736272573471 0.02501787431538105 -168.52952575683594
*2 -0.05042441189289093 0.9321221709251404 -0.3586205542087555 166.0932159423828
*3 -0.04612432420253754 0.35651734471321106 0.9331490993499756 -1159.6856689453125
*1 0.9962529540061951 0.07525140792131424 -0.042582347989082336 -155.56976318359375
*1 0.9962529540061951 0.07525140792131424 -0.042582347989082336 -155.56976318359375
*2 -0.08460213243961334 0.9504823684692383 -0.2990466058254242 139.63194274902344
*1 0.9962529540061951 0.07525140792131424 -0.042582347989082336 -155.56976318359375
*2 -0.08460213243961334 0.9504823684692383 -0.2990466058254242 139.63194274902344
*3 0.01796216517686844 0.3015252649784088 0.9532885551452637 -1172.1048583984375
*1 0.9924859404563904 0.06913027167320251 -0.10093925893306732 -145.78408813476563
*1 0.9924859404563904 0.06913027167320251 -0.10093925893306732 -145.78408813476563
*2 -0.09124349057674408 0.9679536819458008 -0.23397311568260193 127.03587341308594
*1 0.9924859404563904 0.06913027167320251 -0.10093925893306732 -145.78408813476563
*2 -0.09124349057674408 0.9679536819458008 -0.23397311568260193 127.03587341308594
*3 0.08152202516794205 0.24142169952392578 0.9669896364212036 -1154.750732421875
*1 0.9876227974891663 0.07070452719926834 -0.13999351859092712 -136.94464111328125
*1 0.9876227974891663 0.07070452719926834 -0.13999351859092712 -136.94464111328125
*2 -0.10069840401411057 0.9702467918395996 -0.22019080817699432 119.80921173095703
*1 0.9876227974891663 0.07070452719926834 -0.13999351859092712 -136.94464111328125
*2 -0.10069840401411057 0.9702467918395996 -0.22019080817699432 119.80921173095703
*3 0.12025196850299835 0.231559157371521 0.9653595685958862 -1136.5462646484375
*1 0.9875120520591736 0.07399972528219223 -0.13906845450401306 -130.980224609375
*1 0.9875120520591736 0.07399972528219223 -0.13906845450401306 -130.980224609375
*2 -0.10592253506183624 0.9654107093811035 -0.23825496435165405 119.175537109375
*1 0.9875120520591736 0.07399972528219223 -0.13906845450401306 -130.980224609375
*2 -0.10592253506183624 0.9654107093811035 -0.23825496435165405 119.175537109375
*3 0.11661957949399948 0.25000667572021484 0.9611949920654297 -1138.482666015625
*1 0.9858736395835876 0.07710504531860352 -0.1486738622188568 -124.43511199951172
*1 0.9858736395835876 0.07710504531860352 -0.1486738622188568 -124.43511199951172
*2 -0.10862615704536438 0.9701051115989685 -0.21702386438846588 119.92540740966797
*1 0.9858736395835876 0.07710504531860352 -0.1486738622188568 -124.43511199951172
*2 -0.10862615704536438 0.9701051115989685 -0.21702386438846588 119.92540740966797
*3 0.12748785316944122 0.2301045060157776 0.96477872133255 -1140.919189453125
*1 0.9817888140678406 0.07178623974323273 -0.17587900161743164 -116.88220977783203
*1 0.9817888140678406 0.07178623974323273 -0.17587900161743164 -116.88220977783203
*2 -0.1054389551281929 0.9761015176773071 -0.19002988934516907 118.41180419921875
*1 0.9817888140678406 0.07178623974323273 -0.17587900161743164 -116.88220977783203
*2 -0.1054389551281929 0.9761015176773071 -0.19002988934516907 118.41180419921875
*3 0.15802647173404694 0.20511025190353394 0.965896725654602 -1141.2559814453125
*1 0.9633505940437317 0.07328557223081589 -0.2580323815345764 -107.05183410644531
*1 0.9633505940437317 0.07328557223081589 -0.2580323815345764 -107.05183410644531
*2 -0.11867363750934601 0.9791520833969116 -0.16486597061157227 116.48455810546875
*1 0.9633505940437317 0.07328557223081589 -0.2580323815345764 -107.05183410644531
*2 -0.11867363750934601 0.9791520833969116 -0.16486597061157227 116.48455810546875
*3 0.2405630350112915 0.18944187462329865 0.9519665241241455 -1144.4019775390625
*1 0.943537712097168 0.07022930681705475 -0.32372862100601196 -93.0614242553711
*1 0.943537712097168 0.07022930681705475 -0.32372862100601196 -93.0614242553711
*2 -0.13138730823993683 0.9764680862426758 -0.1710270643234253 115.73220825195313
*1 0.943537712097168 0.07022930681705475 -0.32372862100601196 -93.0614242553711
*2 -0.13138730823993683 0.9764680862426758 -0.1710270643234253 115.73220825195313
*3 0.3040921688079834 0.20390085875988007 0.9305651187896729 -1141.482177734375
*1 0.9349552989006042 0.08059185743331909 -0.34548407793045044 -76.5380859375
*1 0.9349552989006042 0.08059185743331909 -0.34548407793045044 -76.5380859375
*2 -0.1440517008304596 0.9762151837348938 -0.16203664243221283 114.78849029541016
*1 0.9349552989006042 0.08059185743331909 -0.34548407793045044 -76.5380859375
*2 -0.1440517008304596 0.9762151837348938 -0.16203664243221283 114.78849029541016
*3 0.32420068979263306 0.20126107335090637 0.924330472946167 -1140.984619140625
*1 0.9389200210571289 0.09523111581802368 -0.3306902050971985 -60.89775085449219
*1 0.9389200210571289 0.09523111581802368 -0.3306902050971985 -60.89775085449219
*2 -0.15396761894226074 0.9756674766540527 -0.15610851347446442 110.55699157714844
*1 0.9389200210571289 0.09523111581802368 -0.3306902050971985 -60.89775085449219
*2 -0.15396761894226074 0.9756674766540527 -0.15610851347446442 110.55699157714844
*3 0.3077699840068817 0.19748535752296448 0.9307395219802856 -1152.86669921875
*1 0.9351351857185364 0.11370762437582016 -0.3355420231819153 -44.76930236816406
*1 0.9351351857185364 0.11370762437582016 -0.3355420231819153 -44.76930236816406
*2 -0.16373974084854126 0.978600800037384 -0.12462999671697617 102.5992431640625
*1 0.9351351857185364 0.11370762437582016 -0.3355420231819153 -44.76930236816406
*2 -0.16373974084854126 0.978600800037384 -0.12462999671697617 102.5992431640625
*3 0.3141830563545227 0.17148366570472717 0.9337458610534668 -1150.59765625
*1 0.9322407841682434 0.12370333075523376 -0.34002983570098877 -29.430267333984375
*1 0.9322407841682434 0.12370333075523376 -0.34002983570098877 -29.430267333984375
*2 -0.18168368935585022 0.9727350473403931 -0.1441536843776703 94.53539276123047
*1 0.9322407841682434 0.12370333075523376 -0.34002983570098877 -29.430267333984375
*2 -0.18168368935585022 0.9727350473403931 -0.1441536843776703 94.53539276123047
*3 0.3129194676876068 0.1961599588394165 0.9293016791343689 -1156.5135498046875
*1 0.9323339462280273 0.13120852410793304 -0.33694738149642944 -13.941387176513672
*1 0.9323339462280273 0.13120852410793304 -0.33694738149642944 -13.941387176513672
*2 -0.18470875918865204 0.9739218354225159 -0.13176415860652924 84.57896423339844
*1 0.9323339462280273 0.13120852410793304 -0.33694738149642944 -13.941387176513672
*2 -0.18470875918865204 0.9739218354225159 -0.13176415860652924 84.57896423339844
*3 0.3108645975589752 0.1850813925266266 0.9322591423988342 -1153.560546875
*1 0.9463354349136353 0.14299730956554413 -0.2898220121860504 -0.9061441421508789
*1 0.9463354349136353 0.14299730956554413 -0.2898220121860504 -0.9061441421508789
*2 -0.1903456747531891 0.9713708758354187 -0.14216187596321106 75.79558563232422
*1 0.9463354349136353 0.14299730956554413 -0.2898220121860504 -0.9061441421508789
*2 -0.1903456747531891 0.9713708758354187 -0.14216187596321106 75.79558563232422
*3 0.2611885368824005 0.18969514966011047 0.9464646577835083 -1155.1248779296875
*1 0.9574112296104431 0.14929579198360443 -0.2471240758895874 8.458061218261719
*1 0.9574112296104431 0.14929579198360443 -0.2471240758895874 8.458061218261719
*2 -0.19092106819152832 0.9694712162017822 -0.15387490391731262 68.23612976074219
*1 0.9574112296104431 0.14929579198360443 -0.2471240758895874 8.458061218261719
*2 -0.19092106819152832 0.9694712162017822 -0.15387490391731262 68.23612976074219
*3 0.21659934520721436 0.194498673081398 0.9566891193389893 -1135.964599609375
*1 0.9723929166793823 0.15310314297676086 -0.17608869075775146 14.167875289916992
*1 0.9723929166793823 0.15310314297676086 -0.17608869075775146 14.167875289916992
*2 -0.18600840866565704 0.9642748236656189 -0.18862074613571167 67.23931121826172
*1 0.9723929166793823 0.15310314297676086 -0.17608869075775146 14.167875289916992
*2 -0.18600840866565704 0.9642748236656189 -0.18862074613571167 67.23931121826172
*3 0.14091184735298157 0.21616336703300476 0.9661347270011902 -1136.837158203125
*1 0.9822424054145813 0.152272567152977 -0.10958396643400192 17.797409057617188
*1 0.9822424054145813 0.152272567152977 -0.10958396643400192 17.797409057617188
*2 -0.175640270113945 0.9517734050750732 -0.2515566647052765 69.8654556274414
*1 0.9822424054145813 0.152272567152977 -0.10958396643400192 17.797409057617188
*2 -0.175640270113945 0.9517734050750732 -0.2515566647052765 69.8654556274414
*3 0.06598617136478424 0.2663329541683197 0.9616193175315857 -1138.297119140625
*1 0.9741257429122925 0.14225593209266663 -0.17560750246047974 20.250402450561523
*1 0.9741257429122925 0.14225593209266663 -0.17560750246047974 20.250402450561523
*2 -0.18365836143493652 0.9511610865592957 -0.2481229454278946 71.9317398071289
*1 0.9741257429122925 0.14225593209266663 -0.17560750246047974 20.250402450561523
*2 -0.18365836143493652 0.9511610865592957 -0.2481229454278946 71.9317398071289
*3 0.13172641396522522 0.2739507853984833 0.952679455280304 -1130.365966796875
*1 0.9680256247520447 0.14259988069534302 -0.20636680722236633 23.736309051513672
*1 0.9680256247520447 0.14259988069534302 -0.20636680722236633 23.736309051513672
*2 -0.18680384755134583 0.958913266658783 -0.21352383494377136 72.4600830078125
*1 0.9680256247520447 0.14259988069534302 -0.20636680722236633 23.736309051513672
*2 -0.18680384755134583 0.958913266658783 -0.21352383494377136 72.4600830078125
*3 0.16743183135986328 0.24524268507957458 0.9548934698104858 -1129.4534912109375
*1 0.9619078040122986 0.14267191290855408 -0.23318170011043549 28.579607009887695
*1 0.9619078040122986 0.14267191290855408 -0.23318170011043549 28.579607009887695
*2 -0.18966996669769287 0.9626290202140808 -0.1933218538761139 71.51195526123047
*1 0.9619078040122986 0.14267191290855408 -0.23318170011043549 28.579607009887695
*2 -0.18966996669769287 0.9626290202140808 -0.1933218538761139 71.51195526123047
*3 0.19687840342521667 0.23018136620521545 0.9530237913131714 -1129.7025146484375
*1 0.9626872539520264 0.1502484679222107 -0.2250649482011795 33.896244049072266
*1 0.9626872539520264 0.1502484679222107 -0.2250649482011795 33.896244049072266
*2 -0.1925538331270218 0.9647355675697327 -0.17947399616241455 69.1815185546875
*1 0.9626872539520264 0.1502484679222107 -0.2250649482011795 33.896244049072266
*2 -0.1925538331270218 0.9647355675697327 -0.17947399616241455 69.1815185546875
*3 0.19015498459339142 0.21611036360263824 0.9576723575592041 -1135.29931640625
*1 0.9711601734161377 0.15002381801605225 -0.18530046939849854 39.22442626953125
*1 0.9711601734161377 0.15002381801605225 -0.18530046939849854 39.22442626953125
*2 -0.18733526766300201 0.9609493017196655 -0.20367737114429474 64.90444946289063
*1 0.9711601734161377 0.15002381801605225 -0.18530046939849854 39.22442626953125
*2 -0.18733526766300201 0.9609493017196655 -0.20367737114429474 64.90444946289063
*3 0.14750033617019653 0.23251260817050934 0.9613430500030518 -1145.130126953125
*1 0.9697050452232361 0.1419939249753952 -0.19875960052013397 42.97847366333008
*1 0.9697050452232361 0.1419939249753952 -0.19875960052013397 42.97847366333008
*2 -0.19624796509742737 0.9374219179153442 -0.2876271903514862 56.93516540527344
*1 0.9697050452232361 0.1419939249753952 -0.19875960052013397 42.97847366333008
*2 -0.19624796509742737 0.9374219179153442 -0.2876271903514862 56.93516540527344
*3 0.14547276496887207 0.31791579723358154 0.9368917346000671 -1138.4827880859375
*1 0.9749073386192322 0.14838649332523346 -0.16593006253242493 46.003177642822266
*1 0.9749073386192322 0.14838649332523346 -0.16593006253242493 46.003177642822266
*2 -0.1926199048757553 0.9360426664352417 -0.29448971152305603 48.51323699951172
*1 0.9749073386192322 0.14838649332523346 -0.16593006253242493 46.003177642822266
*2 -0.1926199048757553 0.9360426664352417 -0.29448971152305603 48.51323699951172
*3 0.1116117313504219 0.3190576136112213 0.9411397576332092 -1138.0096435546875
*1 0.978266716003418 0.14236624538898468 -0.150737464427948 47.25135803222656
*1 0.978266716003418 0.14236624538898468 -0.150737464427948 47.25135803222656
*2 -0.18873009085655212 0.9125660061836243 -0.3627763092517853 38.9007682800293
*1 0.978266716003418 0.14236624538898468 -0.150737464427948 47.25135803222656
*2 -0.18873009085655212 0.9125660061836243 -0.3627763092517853 38.9007682800293
*3 0.08590316027402878 0.3833368420600891 0.919604480266571 -1133.823974609375
*1 0.9770516753196716 0.13621506094932556 -0.16374081373214722 46.97001647949219
*1 0.9770516753196716 0.13621506094932556 -0.16374081373214722 46.97001647949219
*2 -0.18507787585258484 0.9235214591026306 -0.3359416127204895 28.46350860595703
*1 0.9770516753196716 0.13621506094932556 -0.16374081373214722 46.97001647949219
*2 -0.18507787585258484 0.9235214591026306 -0.3359416127204895 28.46350860595703
*3 0.10545022785663605 0.3585332930088043 0.9275413751602173 -1129.04150390625
*1 0.9799983501434326 0.14541076123714447 -0.13584735989570618 45.8372917175293
*1 0.9799983501434326 0.14541076123714447 -0.13584735989570618 45.8372917175293
*2 -0.1798815131187439 0.9393563270568848 -0.2919842600822449 21.428483963012695
*1 0.9799983501434326 0.14541076123714447 -0.13584735989570618 45.8372917175293
*2 -0.1798815131187439 0.9393563270568848 -0.2919842600822449 21.428483963012695
*3 0.08514375239610672 0.31057655811309814 0.9467267990112305 -1132.232421875
*1 0.9806950092315674 0.1403234601020813 -0.13616932928562164 42.66202926635742
*1 0.9806950092315674 0.1403234601020813 -0.13616932928562164 42.66202926635742
*2 -0.17980055510997772 0.9209690093994141 -0.34567373991012573 13.288763046264648
*1 0.9806950092315674 0.1403234601020813 -0.13616932928562164 42.66202926635742
*2 -0.17980055510997772 0.9209690093994141 -0.34567373991012573 13.288763046264648
*3 0.07689390331506729 0.36347997188568115 0.9284226894378662 -1140.5657958984375
*1 0.9813408851623535 0.14735612273216248 -0.1234978511929512 37.051063537597656
*1 0.9813408851623535 0.14735612273216248 -0.1234978511929512 37.051063537597656
*2 -0.17763884365558624 0.9407483339309692 -0.2888588011264801 3.7658920288085938
*1 0.9813408851623535 0.14735612273216248 -0.1234978511929512 37.051063537597656
*2 -0.17763884365558624 0.9407483339309692 -0.2888588011264801 3.7658920288085938
*3 0.07360757887363434 0.3054029643535614 0.9493734240531921 -1161.3453369140625
*1 0.9796048402786255 0.14755728840827942 -0.13637004792690277 28.012264251708984
*1 0.9796048402786255 0.14755728840827942 -0.13637004792690277 28.012264251708984
*2 -0.17516446113586426 0.959730327129364 -0.21963022649288177 -5.789096832275391
*1 0.9796048402786255 0.14755728840827942 -0.13637004792690277 28.012264251708984
*2 -0.17516446113586426 0.959730327129364 -0.21963022649288177 -5.789096832275391
*3 0.09846273064613342 0.23903395235538483 0.9660056233406067 -1182.5506591796875
*1 0.9706007242202759 0.15584903955459595 -0.18341505527496338 16.67970848083496
*1 0.9706007242202759 0.15584903955459595 -0.18341505527496338 16.67970848083496
*2 -0.17095226049423218 0.9828341603279114 -0.06938822567462921 -14.314990997314453
*1 0.9706007242202759 0.15584903955459595 -0.18341505527496338 16.67970848083496
*2 -0.17095226049423218 0.9828341603279114 -0.06938822567462921 -14.314990997314453
*3 0.16944487392902374 0.098699189722538 0.9805845022201538 -1200.0693359375
*1 0.9082019925117493 0.16940656304359436 -0.3827092945575714 0.6862998008728027
*1 0.9082019925117493 0.16940656304359436 -0.3827092945575714 0.6862998008728027
*2 -0.14500974118709564 0.9851429462432861 0.09202119708061218 -17.597938537597656
*1 0.9082019925117493 0.16940656304359436 -0.3827092945575714 0.6862998008728027
*2 -0.14500974118709564 0.9851429462432861 0.09202119708061218 -17.597938537597656
*3 0.3926052451133728 -0.028081785887479782 0.9192777276039124 -1173.243408203125
*1 0.8822144269943237 0.16881868243217468 -0.43953824043273926 -20.074684143066406
*1 0.8822144269943237 0.16881868243217468 -0.43953824043273926 -20.074684143066406
*2 -0.13451595604419708 0.9849683046340942 0.10837503522634506 -12.295852661132813
*1 0.8822144269943237 0.16881868243217468 -0.43953824043273926 -20.074684143066406
*2 -0.13451595604419708 0.9849683046340942 0.10837503522634506 -12.295852661132813
*3 0.4512200951576233 -0.03648964315652847 0.8916656970977783 -1212.2327880859375
#
#
#
#
#
#
#
*1 0.9309835433959961 0.2771508991718292 -0.23819753527641296 -279.7232666015625
*1 0.9309835433959961 0.2771508991718292 -0.23819753527641296 -279.7232666015625
*2 -0.23887993395328522 0.95487380027771 0.1756950467824936 -71.52046203613281
*1 0.9309835433959961 0.2771508991718292 -0.23819753527641296 -279.7232666015625
*2 -0.23887993395328522 0.95487380027771 0.1756950467824936 -71.52046203613281
*3 0.2761228382587433 -0.1067691445350647 0.955177366733551 -1195.6334228515625
*1 0.9645267128944397 0.25617000460624695 0.06592543423175812 -312.3169250488281
*1 0.9645267128944397 0.25617000460624695 0.06592543423175812 -312.3169250488281
*2 -0.2615562081336975 0.9592844843864441 0.1052514985203743 -62.806175231933594
*1 0.9645267128944397 0.25617000460624695 0.06592543423175812 -312.3169250488281
*2 -0.2615562081336975 0.9592844843864441 0.1052514985203743 -62.806175231933594
*3 -0.036299820989370346 -0.11886114627122879 0.9922507405281067 -1266.10791015625
*1 0.9462897777557373 0.3157457113265991 0.07156240940093994 -307.7439880371094
*1 0.9462897777557373 0.3157457113265991 0.07156240940093994 -307.7439880371094
*2 -0.26214662194252014 0.8777409195899963 -0.4007069170475006 -42.09870147705078
*1 0.9462897777557373 0.3157457113265991 0.07156240940093994 -307.7439880371094
*2 -0.26214662194252014 0.8777409195899963 -0.4007069170475006 -42.09870147705078
*3 -0.18935544788837433 0.360332190990448 0.9134069085121155 -1214.75146484375
*1 0.9490673542022705 0.3108076751232147 0.054321274161338806 -294.06793212890625
*1 0.9490673542022705 0.3108076751232147 0.054321274161338806 -294.06793212890625
*2 -0.23335550725460052 0.8082852363586426 -0.5403112173080444 -18.05963897705078
*1 0.9490673542022705 0.3108076751232147 0.054321274161338806 -294.06793212890625
*2 -0.23335550725460052 0.8082852363586426 -0.5403112173080444 -18.05963897705078
*3 -0.21186348795890808 0.5000300407409668 0.8396967053413391 -1167.5611572265625
*1 0.9558111429214478 0.28964564204216003 0.053024157881736755 -291.99853515625
*1 0.9558111429214478 0.28964564204216003 0.053024157881736755 -291.99853515625
*2 -0.22360186278820038 0.8321148157119751 -0.5072506666183472 5.246718883514404
*1 0.9558111429214478 0.28964564204216003 0.053024157881736755 -291.99853515625
*2 -0.22360186278820038 0.8321148157119751 -0.5072506666183472 5.246718883514404
*3 -0.19106976687908173 0.4728926718235016 0.8601579070091248 -1196.697021484375
*1 0.9675415754318237 0.24368785321712494 0.068997822701931 -290.6659240722656
*1 0.9675415754318237 0.24368785321712494 0.068997822701931 -290.6659240722656
*2 -0.20830923318862915 0.9214473962783813 -0.3275029957294464 25.508583068847656
*1 0.9675415754318237 0.24368785321712494 0.068997822701931 -290.6659240722656
*2 -0.20830923318862915 0.9214473962783813 -0.3275029957294464 25.508583068847656
*3 -0.14341267943382263 0.30240610241889954 0.9423322677612305 -1257.13134765625
*1 0.9773058891296387 0.19791431725025177 -0.07735788077116013 -271.2107238769531
*1 0.9773058891296387 0.19791431725025177 -0.07735788077116013 -271.2107238769531
*2 -0.20739521086215973 0.9658841490745544 -0.15417946875095367 40.422393798828125
*1 0.9773058891296387 0.19791431725025177 -0.07735788077116013 -271.2107238769531
*2 -0.20739521086215973 0.9658841490745544 -0.15417946875095367 40.422393798828125
*3 0.04417848587036133 0.16662782430648804 0.9850330948829651 -1277.5838623046875
*1 0.973838210105896 0.1991080492734909 -0.11079824715852737 -237.99920654296875
*1 0.973838210105896 0.1991080492734909 -0.11079824715852737 -237.99920654296875
*2 -0.20875036716461182 0.9738197922706604 -0.08839911222457886 48.87593078613281
*1 0.973838210105896 0.1991080492734909 -0.11079824715852737 -237.99920654296875
*2 -0.20875036716461182 0.9738197922706604 -0.08839911222457886 48.87593078613281
*3 0.09027112275362015 0.10911822319030762 0.9899247884750366 -1240.942138671875
*1 0.9640523195266724 0.21215105056762695 -0.1608601212501526 -209.7016143798828
*1 0.9640523195266724 0.21215105056762695 -0.1608601212501526 -209.7016143798828
*2 -0.22825868427753448 0.9690571427345276 -0.09242554754018784 52.82671356201172
*1 0.9640523195266724 0.21215105056762695 -0.1608601212501526 -209.7016143798828
*2 -0.22825868427753448 0.9690571427345276 -0.09242554754018784 52.82671356201172
*3 0.13625147938728333 0.12572334706783295 0.9826677441596985 -1204.241455078125
*1 0.9699233174324036 0.23739579319953918 -0.0563284307718277 -191.73245239257813
*1 0.9699233174324036 0.23739579319953918 -0.0563284307718277 -191.73245239257813
*2 -0.24187004566192627 0.9640116095542908 -0.10907277464866638 56.82464599609375
*1 0.9699233174324036 0.23739579319953918 -0.0563284307718277 -191.73245239257813
*2 -0.24187004566192627 0.9640116095542908 -0.10907277464866638 56.82464599609375
*3 0.02838529646396637 0.11931820958852768 0.9924535751342773 -1198.358154296875
*1 0.9599615335464478 0.2798193097114563 0.02134200558066368 -175.93797302246094
*1 0.9599615335464478 0.2798193097114563 0.02134200558066368 -175.93797302246094
*2 -0.25401628017425537 0.8998820781707764 -0.3541244864463806 61.61778259277344
*1 0.9599615335464478 0.2798193097114563 0.02134200558066368 -175.93797302246094
*2 -0.25401628017425537 0.8998820781707764 -0.3541244864463806 61.61778259277344
*3 -0.1183178573846817 0.3344314694404602 0.9349668622016907 -1158.7520751953125
*1 0.9573212265968323 0.2777773439884186 0.08158528804779053 -182.3625946044922
*1 0.9573212265968323 0.2777773439884186 0.08158528804779053 -182.3625946044922
*2 -0.25820887088775635 0.947094738483429 -0.18988433480262756 73.95050811767578
*1 0.9573212265968323 0.2777773439884186 0.08158528804779053 -182.3625946044922
*2 -0.25820887088775635 0.947094738483429 -0.18988433480262756 73.95050811767578
*3 -0.13003581762313843 0.1606159806251526 0.978416919708252 -1194.0994873046875
*1 0.9520381689071655 0.2601291835308075 -0.16197684407234192 -191.60430908203125
*1 0.9520381689071655 0.2601291835308075 -0.16197684407234192 -191.60430908203125
*2 -0.2567172646522522 0.9655417203903198 0.03926578164100647 82.25029754638672
*1 0.9520381689071655 0.2601291835308075 -0.16197684407234192 -191.60430908203125
*2 -0.2567172646522522 0.9655417203903198 0.03926578164100647 82.25029754638672
*3 0.1665899157524109 0.004099786281585693 0.986021101474762 -1181.6661376953125
*1 0.9451850056648254 0.24803894758224487 -0.21303151547908783 -204.2450714111328
*1 0.9451850056648254 0.24803894758224487 -0.21303151547908783 -204.2450714111328
*2 -0.24765342473983765 0.9683321118354797 0.026779944077134132 86.96353149414063
*1 0.9451850056648254 0.24803894758224487 -0.21303151547908783 -204.2450714111328
*2 -0.24765342473983765 0.9683321118354797 0.026779944077134132 86.96353149414063
*3 0.21290776133537292 0.02734646573662758 0.9766929745674133 -1161.502685546875
*1 0.9646493792533875 0.2414344698190689 -0.10696441680192947 -217.935791015625
*1 0.9646493792533875 0.2414344698190689 -0.10696441680192947 -217.935791015625
*2 -0.2420254796743393 0.9701182246208191 0.003266863524913788 89.52864837646484
*1 0.9646493792533875 0.2414344698190689 -0.10696441680192947 -217.935791015625
*2 -0.2420254796743393 0.9701182246208191 0.003266863524913788 89.52864837646484
*3 0.10453494638204575 0.022637341171503067 0.994266927242279 -1161.826416015625
*1 0.9691511392593384 0.24298910796642303 0.04452868551015854 -220.8417510986328
*1 0.9691511392593384 0.24298910796642303 0.04452868551015854 -220.8417510986328
*2 -0.22440308332443237 0.9421765804290771 -0.24832014739513397 91.99050903320313
*1 0.9691511392593384 0.24298910796642303 0.04452868551015854 -220.8417510986328
*2 -0.22440308332443237 0.9421765804290771 -0.24832014739513397 91.99050903320313
*3 -0.10231778025627136 0.23057150840759277 0.9676644802093506 -1162.0220947265625
*1 0.964201033115387 0.1996169090270996 -0.17535683512687683 -218.6248016357422
*1 0.964201033115387 0.1996169090270996 -0.17535683512687683 -218.6248016357422
*2 -0.21306611597537994 0.9747813940048218 -0.06419210880994797 105.35836029052734
*1 0.964201033115387 0.1996169090270996 -0.17535683512687683 -218.6248016357422
