#
#
#
#
#
#
#
#
#
#
#
#
#
#
#
#
#
#
#
#
#
#
#
#
#
#
#
#
#
#
#
#
#
#
#
#
#
#
#
#
#
#
#
#
#
#
#
#
#
#
#
#
#
#
#
#
#
#
#
#
#
#
#
#
#
#
#
#
#
#
#
#
#
#
#
#
#
#
#
#
#
#
#
#
#
#
#
#
#
#
#
#
#
#
#
#
#
#
#
#
#
#
#
#
#
#
#
#
#
#
#
#
#
#
#
#
#
#
#
#
#
#
#
#
#
#
#
#
#
#
#
#
#
#
#
#
#
#
#
#
#
#
#
#
#
#
#
#
#
#
#
#
#
#
#
#
#
#
#
#
#
#
#
#
#
#
#
#
#
#
#
#
#
#
#
#
#
#
#
#
#
#
#
#
#
#
#
#
#
#
#
#
#
#
#
#
#
#
#
#
#
#
#
#
#
#
#
#
#
#
#
#
#
#
#
#
#
#
#
#
#
#
#
#
#
#
#
#
#
#
#
#
#
#
#
#
#
#
#
#
#
#
#
#
#
#
#
#
#
#
#
#
#
#
#
#
#
#
#
#
#
#
#
#
#
#
#
#
#
#
#
#
#
#
#
#
#
#
#
#
#
#
#
#
#
#
#
#
#
#
#
#
#
#
#
#
#
#
#
#
#
#
#
#
#
#
#
#
#
#
#
#
#
#
#
#
#
#
#
#
#
#
#
#
#
#
#
#
#
#
#
#
#
#
#
#
#
#
#
#
#
#
#
#
#
#
#
#
#
#
#
#
#
#
#
#
#
#
#
#
#
#
* 0.8061428070068359 0.002922766376286745 0.5917132496833801 -593.2960815429688 0.07925254851579666 0.9904440641403198 -0.11286639422178268 147.3180694580078 -0.5863890647888184 0.1378822773694992 0.7982085943222046 -1447.876708984375
* 0.9186736941337585 0.06716807931661606 0.38926413655281067 -583.0865478515625 0.05444076284766197 0.954504132270813 -0.293184757232666 150.09426879882813 -0.3912469744682312 0.2905341386795044 0.8732218742370605 -1436.088134765625
* 0.8942133188247681 0.09733608365058899 0.4369298815727234 -550.4854736328125 0.0943160280585289 0.9131930470466614 -0.3964621126651764 149.58908081054688 -0.4375914931297302 0.39573243260383606 0.8074096441268921 -1380.667724609375
* 0.9087847471237183 0.09098047018051147 0.4072251617908478 -544.8644409179688 0.07529369741678238 0.9241628050804138 -0.37450385093688965 158.1011505126953 -0.4104149639606476 0.3710061013698578 0.833015501499176 -1403.8304443359375
* 0.8951250314712524 0.13388371467590332 0.42523619532585144 -519.5211181640625 0.08884967118501663 0.881130039691925 -0.46445098519325256 160.4976806640625 -0.4368709623813629 0.4535250961780548 0.7768266201019287 -1381.4447021484375
* 0.9045153260231018 0.12006191909313202 0.40919017791748047 -500.5260925292969 0.09279971569776535 0.881132960319519 -0.4636722803115845 166.6943359375 -0.4162205159664154 0.4573727250099182 0.7858572006225586 -1382.3323974609375
* 0.9067214131355286 0.1146446019411087 0.40584760904312134 -478.91094970703125 0.09465564787387848 0.8824640512466431 -0.46075648069381714 176.17262268066406 -0.4109693467617035 0.45619481801986694 0.7892980575561523 -1389.7646484375
* 0.9300405383110046 0.0684800073504448 0.36101871728897095 -489.16693115234375 0.05924180522561073 0.9416836500167847 -0.33124226331710815 191.95631408691406 -0.36264899373054504 0.32945728302001953 0.8717480301856995 -1463.18896484375
* 0.8421629667282104 0.0666637048125267 0.535085916519165 -489.4023132324219 0.09023617208003998 0.9609109163284302 -0.2617380619049072 201.4893798828125 -0.5316186547279358 0.2687113285064697 0.8032291531562805 -1486.5289306640625
* 0.8576650619506836 0.03227613866329193 0.5131942629814148 -497.0660095214844 0.08818284422159195 0.9740096926689148 -0.20863349735736847 209.6859130859375 -0.5065904259681702 0.22419363260269165 0.8325290679931641 -1520.67724609375
* 0.8407776355743408 0.044092435389757156 0.5395817160606384 -495.0723876953125 0.09778091311454773 0.9679178595542908 -0.23145844042301178 210.92398071289063 -0.5324767231941223 0.24736694991588593 0.8094933032989502 -1521.125732421875
* 0.8390710353851318 0.04118608310818672 0.5424603223800659 -496.6922912597656 0.07625802606344223 0.9783800840377808 -0.19223974645137787 211.14178466796875 -0.5386503338813782 0.20267078280448914 0.8177906274795532 -1525.5968017578125
* 0.8669861555099487 0.0421082004904747 0.49654990434646606 -502.7672119140625 0.08406402170658112 0.9697849750518799 -0.2290184646844864 214.94525146484375 -0.49119046330451965 0.24029883742332458 0.8372512459754944 -1544.4146728515625
* 0.8324097990989685 0.04169513285160065 0.5525897145271301 -494.96844482421875 0.08855517953634262 0.9743420481681824 -0.20691730082035065 212.90553283691406 -0.5470391511917114 0.2211756408214569 0.8073604106903076 -1521.3115234375
* 0.8350698947906494 0.025522107258439064 0.5495513677597046 -495.421142578125 0.08483707159757614 0.980999767780304 -0.17447489500045776 215.2121124267578 -0.5435629487037659 0.1923220455646515 0.8170390725135803 -1523.5211181640625
* 0.8335400223731995 0.02674783766269684 0.5518109202384949 -492.30987548828125 0.09065955877304077 0.9786633253097534 -0.1843862384557724 217.15109252929688 -0.5449693202972412 0.20372125506401062 0.8133310079574585 -1514.4459228515625
* 0.8576269745826721 0.03716684505343437 0.5129271149635315 -494.92974853515625 0.08122696727514267 0.975075364112854 -0.20646943151950836 220.96652221679688 -0.5078166127204895 0.21873831748962402 0.8332328200340271 -1523.71044921875
* 0.8284904360771179 0.07214544713497162 0.5553361177444458 -490.2030944824219 0.11060485243797302 0.9510504007339478 -0.2885637879371643 220.2055206298828 -0.5489714741706848 0.30049633979797363 0.7799572944641113 -1510.95556640625
* 0.8659542798995972 0.036547500640153885 0.4987855553627014 -498.1720275878906 0.08226568251848221 0.9733313918113708 -0.21414420008659363 226.32147216796875 -0.4933103024959564 0.22647306323051453 0.8398547172546387 -1537.0780029296875
* 0.8774019479751587 0.02815297245979309 0.4789288640022278 -500.4670715332031 0.06722190231084824 0.9812136888504028 -0.18083184957504272 228.45077514648438 -0.4750227630138397 0.19085773825645447 0.8590272068977356 -1547.48291015625
* 0.8644002676010132 0.03765130043029785 0.5013922452926636 -494.83502197265625 0.07709258049726486 0.9754760265350342 -0.2061612904071808 225.9839324951172 -0.4968586266040802 0.21686051785945892 0.8403000235557556 -1531.66748046875
* 0.8496109843254089 0.05240611732006073 0.5247994661331177 -493.35870361328125 0.07748867571353912 0.9718483686447144 -0.2224981188774109 225.82078552246094 -0.5216860771179199 0.2297038733959198 0.8216330409049988 -1527.996337890625
* 0.8361133337020874 0.05343155562877655 0.5459480285644531 -488.2488708496094 0.09532643109560013 0.9659489393234253 -0.24052971601486206 224.14927673339844 -0.5402101874351501 0.2531544268131256 0.8025503158569336 -1512.2772216796875
* 0.8544847965240479 0.024910591542720795 0.5188784003257751 -491.9830322265625 0.08235927671194077 0.9797189235687256 -0.182665154337883 227.87786865234375 -0.5129056572914124 0.19882002472877502 0.8351045846939087 -1525.4766845703125
* 0.8576429486274719 0.03694426640868187 0.5129165053367615 -492.54669189453125 0.0850381925702095 0.9734942317008972 -0.21231192350387573 229.44845581054688 -0.5071653723716736 0.2257063239812851 0.8317699432373047 -1528.8192138671875
* 0.8541800379753113 0.04650638997554779 0.5178930759429932 -489.1366271972656 0.0817485824227333 0.9715946316719055 -0.2220810055732727 229.1193084716797 -0.5135108232498169 0.23203521966934204 0.8261160254478455 -1519.964111328125
* 0.8448736071586609 0.03438394516706467 0.5338596105575562 -489.35943603515625 0.08494957536458969 0.9766464829444885 -0.19734293222427368 231.114501953125 -0.5281779766082764 0.21208196878433228 0.8222230076789856 -1519.981201171875
* 0.8599328398704529 0.04962100461125374 0.5079890489578247 -492.0455322265625 0.08237913995981216 0.9687203764915466 -0.2340802550315857 232.867431640625 -0.5037150382995605 0.2431420534849167 0.8289478421211243 -1528.8843994140625
* 0.8615372776985168 0.0593290776014328 0.5042153596878052 -490.0391540527344 0.08549275994300842 0.9620112776756287 -0.2592765986919403 233.35093688964844 -0.5004439353942871 0.2664842903614044 0.8237374424934387 -1522.474609375
* 0.8643912076950073 0.03391875699162483 0.5016741752624512 -491.4335632324219 0.08293692767620087 0.9744377732276917 -0.20878583192825317 234.363525390625 -0.4959324896335602 0.22208096086978912 0.8394834995269775 -1526.7252197265625
* 0.8594449162483215 0.018355898559093475 0.5108984112739563 -493.53961181640625 0.07925155013799667 0.9824894666671753 -0.16861982643604279 236.31210327148438 -0.5050479769706726 0.18540990352630615 0.8429419994354248 -1532.904541015625
* 0.8662909269332886 0.02657611295580864 0.4988320469856262 -492.0177307128906 0.0755566656589508 0.9801235198974609 -0.18343396484851837 236.45826721191406 -0.49379250407218933 0.19659826159477234 0.847065269947052 -1527.8839111328125
* 0.8470458388328552 0.04954921081662178 0.5292049646377563 -487.375732421875 0.09472841024398804 0.9656315445899963 -0.24203550815582275 235.31378173828125 -0.52301025390625 0.2551470100879669 0.8132414817810059 -1514.2132568359375
* 0.8597438931465149 0.032048631459474564 0.5097184777259827 -491.8350524902344 0.08392784744501114 0.9755948185920715 -0.2029035985469818 238.1630859375 -0.5037819743156433 0.21722576022148132 0.8360730409622192 -1525.2691650390625
* 0.845431387424469 0.060136400163173676 0.5306870937347412 -489.9762268066406 0.08817289769649506 0.964289665222168 -0.24974001944065094 237.22760009765625 -0.5267550945281982 0.2579314708709717 0.809939444065094 -1517.3162841796875
* 0.8577740788459778 0.04214848577976227 0.5122954845428467 -491.6965637207031 0.08429475128650665 0.9716054201126099 -0.22108006477355957 240.00244140625 -0.5070677995681763 0.2328217327594757 0.8298661112785339 -1523.477783203125
* 0.8386289477348328 0.05810306966304779 0.541594922542572 -487.45343017578125 0.10304000973701477 0.9594194293022156 -0.2624809443950653 238.9292755126953 -0.5348681807518005 0.27593129873275757 0.798611044883728 -1509.916748046875
* 0.8497087955474854 0.06369854509830475 0.5233898758888245 -488.4560852050781 0.09232558310031891 0.9593613743782043 -0.26664742827415466 239.97708129882813 -0.5191056132316589 0.27489617466926575 0.8092978596687317 -1511.3245849609375
* 0.855919599533081 0.05135510116815567 0.5145520567893982 -491.6656188964844 0.0824267789721489 0.9687834978103638 -0.23380228877067566 241.52377319335938 -0.5104970335960388 0.24253003299236298 0.8249688148498535 -1519.7261962890625
* 0.8559428453445435 0.05592884123325348 0.5140362977981567 -489.86285400390625 0.08849088847637177 0.9636209607124329 -0.25219643115997314 240.92225646972656 -0.5094417929649353 0.2613545060157776 0.8198564052581787 -1515.33935546875
* 0.8559428453445435 0.05592884123325348 0.5140362977981567 -489.86285400390625 0.08849088847637177 0.9636209607124329 -0.25219643115997314 240.92225646972656 -0.5094417929649353 0.2613545060157776 0.8198564052581787 -1515.33935546875
* 0.8715836405754089 0.024306178092956543 0.4896434247493744 -495.4925231933594 0.07990450412034988 0.9783706665039063 -0.1908014863729477 242.9723358154297 -0.4836909770965576 0.20542535185813904 0.8507908582687378 -1528.77197265625
* 0.8638509511947632 0.03841989487409592 0.5022796988487244 -495.4742126464844 0.08326712250709534 0.972480297088623 -0.21759545803070068 242.52310180664063 -0.4968176782131195 0.2297946661710739 0.836880087852478 -1525.3651123046875
* 0.8649786114692688 0.05781616270542145 0.49846646189689636 -491.9474182128906 0.09354979544878006 0.957346498966217 -0.2733774185180664 241.23841857910156 -0.4930112957954407 0.28309836983680725 0.8226765990257263 -1514.3519287109375
* 0.8743428587913513 0.043408043682575226 0.4833630621433258 -497.0834655761719 0.07971362769603729 0.9696180820465088 -0.23126935958862305 244.61077880859375 -0.47871705889701843 0.2407405972480774 0.8443195819854736 -1532.978271484375
* 0.8626978993415833 0.03841705620288849 0.50425785779953 -492.66656494140625 0.09548552334308624 0.9668011665344238 -0.23701681196689606 242.72122192382813 -0.496623158454895 0.25262451171875 0.830390214920044 -1521.345703125
* 0.8727102875709534 0.03235604614019394 0.4871644973754883 -496.4475402832031 0.0761190801858902 0.9765827655792236 -0.201223686337471 244.86334228515625 -0.4822678864002228 0.2126937359571457 0.8498121500015259 -1533.039794921875
* 0.8544929027557373 0.034620776772499084 0.5183075666427612 -494.2532958984375 0.0833548903465271 0.9757080078125 -0.20259533822536469 244.42771911621094 -0.5127314925193787 0.2163209766149521 0.8308508992195129 -1527.3421630859375
* 0.8461349010467529 0.08704239875078201 0.5258123874664307 -488.58331298828125 0.09372096508741379 0.9468995332717896 -0.30756548047065735 241.08258056640625 -0.5246635675430298 0.3095228672027588 0.793048083782196 -1512.0396728515625
* 0.8674084544181824 0.04513862356543541 0.4955444931983948 -493.77691650390625 0.08602779358625412 0.9672761559486389 -0.2386939376592636 244.28671264648438 -0.490103542804718 0.24967701733112335 0.8351415395736694 -1528.9376220703125
* 0.8690320253372192 0.029335221275687218 0.4938846528530121 -491.3808288574219 0.08320638537406921 0.9753559231758118 -0.2043432891368866 243.9187469482422 -0.4877086579799652 0.21867643296718597 0.8451759815216064 -1522.661376953125
* 0.8622928261756897 0.055411502718925476 0.5033685564994812 -491.0013732910156 0.08444176614284515 0.9643455743789673 -0.250810444355011 243.78550720214844 -0.4993198812007904 0.2587786614894867 0.8268704414367676 -1521.3419189453125
* 0.8536185026168823 0.03587869182229042 0.5196609497070313 -491.8641662597656 0.08678818494081497 0.9738836288452148 -0.20980292558670044 244.4935760498047 -0.5136176347732544 0.22419331967830658 0.8282123804092407 -1525.51171875
* 0.8596866130828857 0.03865762799978256 0.5093563199043274 -491.1459045410156 0.08467411249876022 0.9725528955459595 -0.21672549843788147 244.33615112304688 -0.5037549138069153 0.22944653034210205 0.8328185677528381 -1524.5596923828125
* 0.8596866130828857 0.03865762799978256 0.5093563199043274 -491.1459045410156 0.08467411249876022 0.9725528955459595 -0.21672549843788147 244.33615112304688 -0.5037549138069153 0.22944653034210205 0.8328185677528381 -1524.5596923828125
* 0.8596866130828857 0.03865762799978256 0.5093563199043274 -491.1459045410156 0.08467411249876022 0.9725528955459595 -0.21672549843788147 244.33615112304688 -0.5037549138069153 0.22944653034210205 0.8328185677528381 -1524.5596923828125
* 0.8596866130828857 0.03865762799978256 0.5093563199043274 -491.1459045410156 0.08467411249876022 0.9725528955459595 -0.21672549843788147 244.33615112304688 -0.5037549138069153 0.22944653034210205 0.8328185677528381 -1524.5596923828125
* 0.8596866130828857 0.03865762799978256 0.5093563199043274 -491.1459045410156 0.08467411249876022 0.9725528955459595 -0.21672549843788147 244.33615112304688 -0.5037549138069153 0.22944653034210205 0.8328185677528381 -1524.5596923828125
* 0.8598148822784424 0.08361354470252991 0.5037127137184143 -487.95416259765625 0.09279263764619827 0.9444859623908997 -0.3151737153530121 243.10537719726563 -0.5021032691001892 0.3177332580089569 0.8043254017829895 -1516.150390625
* 0.8334625363349915 0.06282410770654678 0.5489924550056458 -483.27581787109375 0.11619316786527634 0.9513764381408691 -0.2852729856967926 241.63006591796875 -0.5402214527130127 0.3015548884868622 0.7856377959251404 -1501.7781982421875
* 0.8664538264274597 0.036501720547676086 0.4979206323623657 -491.0220031738281 0.08037115633487701 0.9741171598434448 -0.21126964688301086 246.26930236816406 -0.49274563789367676 0.22307512164115906 0.8410947918891907 -1527.1243896484375
* 0.8545288443565369 0.04731164500117302 0.5172443389892578 -488.2171325683594 0.09078085422515869 0.9669091105461121 -0.238420307636261 245.5218505859375 -0.5114092230796814 0.250694215297699 0.821957528591156 -1519.5775146484375
* 0.8644450902938843 0.04869970679283142 0.5003625154495239 -489.43927001953125 0.09738925844430923 0.9602192640304565 -0.2617117166519165 247.0973358154297 -0.4932038187980652 0.2749667167663574 0.8253148198127747 -1525.8299560546875
* 0.8531984686851501 0.054490186274051666 0.518731951713562 -486.8517150878906 0.08953555673360825 0.9644637703895569 -0.24857939779758453 247.62472534179688 -0.5138441324234009 0.25853386521339417 0.8180010318756104 -1519.56982421875
* 0.8656195402145386 0.05399848148226738 0.4977816343307495 -487.3990478515625 0.08438082784414291 0.964215099811554 -0.2513321042060852 247.7576904296875 -0.49354100227355957 0.25956255197525024 0.8300878405570984 -1520.2469482421875
* 0.8512531518936157 0.07374180853366852 0.519547700881958 -484.439208984375 0.0990179181098938 0.9497179985046387 -0.2970351278781891 247.81256103515625 -0.515328586101532 0.3042980134487152 0.8011494278907776 -1511.6937255859375
* 0.8605626225471497 0.053979258984327316 0.5064759254455566 -487.99053955078125 0.08660238981246948 0.9643822312355042 -0.24993117153644562 250.21583557128906 -0.5019283294677734 0.2589447796344757 0.8252374529838562 -1522.6429443359375
* 0.8601531386375427 0.05462421849370003 0.507101833820343 -487.6528625488281 0.0828043669462204 0.9661009907722473 -0.24452215433120728 251.03024291992188 -0.5032692551612854 0.25231805443763733 0.8264725804328918 -1523.0665283203125
* 0.8592111468315125 0.057644322514534 0.508362889289856 -486.93084716796875 0.10047850012779236 0.9552685618400574 -0.2781452536582947 251.60003662109375 -0.5016573667526245 0.2900664508342743 0.8149862289428711 -1522.49365234375
* 0.8637607097625732 0.0664256364107132 0.49950429797172546 -486.5716247558594 0.08398143947124481 0.9584316611289978 -0.27268028259277344 251.74069213867188 -0.4968545138835907 0.2774810194969177 0.8222780227661133 -1520.320556640625
* 0.8571464419364929 0.056646961718797684 0.5119478702545166 -486.88037109375 0.09426861256361008 0.9598916172981262 -0.26404568552970886 251.90005493164063 -0.5063726902008057 0.27458783984184265 0.8174286484718323 -1519.123779296875
* 0.8799193501472473 0.03304840996861458 0.4739718437194824 -490.5020446777344 0.08328094333410263 0.9714043140411377 -0.2223435342311859 255.35284423828125 -0.4677671492099762 0.2351185381412506 0.852006196975708 -1528.497314453125
* 0.8799193501472473 0.03304840996861458 0.4739718437194824 -490.5020446777344 0.08328094333410263 0.9714043140411377 -0.2223435342311859 255.35284423828125 -0.4677671492099762 0.2351185381412506 0.852006196975708 -1528.497314453125
* 0.8530851006507874 0.04497142881155014 0.5198296904563904 -488.5597229003906 0.09018109738826752 0.9685761332511902 -0.23178957402706146 252.05345153808594 -0.5139192938804626 0.24461641907691956 0.8222233057022095 -1521.0498046875
* 0.855141282081604 0.067496657371521 0.5139816403388977 -488.1541442871094 0.0923052430152893 0.9558164477348328 -0.279093861579895 249.56201171875 -0.5101107954978943 0.2861093282699585 0.8111287355422974 -1517.7850341796875
* 0.8670687079429626 0.03641306608915329 0.49685558676719666 -491.6381530761719 0.08753130584955215 0.9706748723983765 -0.22389119863510132 250.7566375732422 -0.4904385805130005 0.23762086033821106 0.8384556174278259 -1526.0205078125
* 0.8433607816696167 0.06104318052530289 0.533868670463562 -490.0001525878906 0.09870805591344833 0.959019660949707 -0.2655874192714691 246.68409729003906 -0.5282036662101746 0.27668458223342896 0.8027752041816711 -1511.7808837890625
* 0.8586794137954712 0.036052118986845016 0.5112428665161133 -494.5231628417969 0.09267070889472961 0.9701576828956604 -0.22406449913978577 248.50881958007813 -0.5040649771690369 0.23977825045585632 0.8297146558761597 -1520.743896484375
* 0.872576892375946 0.028239656239748 0.487659215927124 -493.25146484375 0.08977553248405457 0.9720499515533447 -0.2169283628463745 249.959228515625 -0.4801558256149292 0.23306795954704285 0.845654308795929 -1521.62890625
* 0.870823085308075 0.006988308858126402 0.4915462136268616 -487.5197448730469 0.0825786292552948 0.9836102724075317 -0.1602816879749298 247.4977264404297 -0.48461079597473145 0.18016952276229858 0.8559747338294983 -1515.845703125
* 0.8553100824356079 0.02850167453289032 0.5173312425613403 -484.6453857421875 0.08846365660429001 0.975789487361908 -0.20001919567584991 243.1020050048828 -0.510508120059967 0.21684487164020538 0.8320824503898621 -1514.674072265625
* 0.8521236181259155 0.05600190535187721 0.5203348994255066 -486.8439636230469 0.08845480531454086 0.9645403623580933 -0.24866905808448792 241.3295135498047 -0.5158108472824097 0.2579243779182434 0.8169550895690918 -1519.0
* 0.8607001900672913 0.027910904958844185 0.5083458423614502 -490.3587951660156 0.08230119943618774 0.9777341485023499 -0.19303151965141296 242.8450469970703 -0.5024155974388123 0.2079811543226242 0.8392400145530701 -1527.8975830078125
* 0.8637614250183105 0.03667515888810158 0.5025637745857239 -489.3381042480469 0.09000299870967865 0.9700801968574524 -0.22548308968544006 242.3015899658203 -0.49579763412475586 0.23999731242656708 0.834618091583252 -1529.808837890625
* 0.8379558324813843 0.07854394614696503 0.5400556325912476 -476.29681396484375 0.11155423521995544 0.9440410733222961 -0.3103882074356079 234.83424377441406 -0.5342146754264832 0.3203386664390564 0.7823037505149841 -1499.300537109375
* 0.8596488833427429 0.05296511575579643 0.5081315636634827 -480.06072998046875 0.10057947784662247 0.9575989246368408 -0.269975483417511 236.05224609375 -0.5008863806724548 0.2831932604312897 0.8178727626800537 -1521.061767578125
* 0.901494562625885 0.041791003197431564 0.4307670593261719 -476.9775695800781 0.08893027901649475 0.9561994075775146 -0.2788778245449066 237.3766326904297 -0.42355450987815857 0.2897166311740875 0.8582932353019714 -1529.0135498046875
* 0.9331788420677185 0.0052437856793403625 0.35937297344207764 -472.8741455078125 0.05809842422604561 0.9845414757728577 -0.16523119807243347 240.78732299804688 -0.35468465089797974 0.17507067322731018 0.9184500575065613 -1541.4130859375
* 0.8646636605262756 0.03786176070570946 0.5009214878082275 -462.1542053222656 0.07985419034957886 0.9741163849830627 -0.21146917343139648 236.09205627441406 -0.49596336483955383 0.22285188734531403 0.8392608761787415 -1524.422607421875
* 0.8465975522994995 0.04134075343608856 0.5306247472763062 -460.2092590332031 0.08755633980035782 0.9725769758224487 -0.21546810865402222 231.60397338867188 -0.5249820351600647 0.22887584567070007 0.8197628259658813 -1519.9510498046875
* 0.847358763217926 0.06017748638987541 0.5275992155075073 -460.3365478515625 0.08687397837638855 0.964461088180542 -0.2495320737361908 228.74227905273438 -0.5238661766052246 0.2572793662548065 0.8120177984237671 -1516.6572265625
* 0.8688951134681702 0.050219856202602386 0.4924412965774536 -467.7217102050781 0.07467277348041534 0.9701554179191589 -0.23069657385349274 232.21853637695313 -0.4893312156200409 0.23722457885742188 0.8392143845558167 -1536.3712158203125
* 0.8803083896636963 0.07521158456802368 0.46840113401412964 -471.8717041015625 0.06962556391954422 0.9561765789985657 -0.28438907861709595 235.3607940673828 -0.46926456689834595 0.2829643189907074 0.8364946842193604 -1539.7132568359375
* 0.8723396062850952 0.027291078120470047 0.4881373941898346 -472.4580993652344 0.08603663742542267 0.9742884039878845 -0.20822659134864807 235.3740692138672 -0.48127034306526184 0.2236434519290924 0.8475635051727295 -1531.0439453125
* 0.8577018976211548 0.026460791006684303 0.5134653449058533 -472.1108093261719 0.08106788992881775 0.9792214035987854 -0.18588145077228546 234.17523193359375 -0.5077158808708191 0.20105783641338348 0.8377360701560974 -1525.30419921875
* 0.8777652978897095 0.04346500337123871 0.4771144688129425 -475.5867919921875 0.07509337365627289 0.9710836410522461 -0.22661888599395752 235.1193084716797 -0.4731690287590027 0.23474779725074768 0.8491206169128418 -1536.197021484375
* 0.8675448894500732 0.036809373646974564 0.4959942400455475 -473.6839904785156 0.08614332973957062 0.9710636138916016 -0.22274066507816315 233.04197692871094 -0.48984187841415405 0.2359655648469925 0.8392713665962219 -1528.509033203125
* 0.8595345616340637 0.07255581021308899 0.5059006214141846 -474.0547790527344 0.09105585515499115 0.9522926211357117 -0.2912837862968445 231.25213623046875 -0.5029007196426392 0.2964352071285248 0.8119226098060608 -1527.6129150390625
* 0.8830721974372864 0.03612528741359711 0.4678438603878021 -477.3324890136719 0.08823789656162262 0.9664599299430847 -0.24118022620677948 231.10202026367188 -0.46086597442626953 0.2542625963687897 0.8502671718597412 -1540.5919189453125
* 0.8750072121620178 0.04709456115961075 0.48181313276290894 -473.7915344238281 0.07770638167858124 0.9686878323554993 -0.2358054667711258 228.457275390625 -0.4778326451778412 0.24377292394638062 0.843950092792511 -1532.085205078125
* 0.8404710292816162 0.019835032522678375 0.541492760181427 -467.64166259765625 0.09035849571228027 0.980205774307251 -0.17615510523319244 221.59518432617188 -0.5342694520950317 0.1969831883907318 0.8220430612564087 -1510.4913330078125
* 0.8326750993728638 0.03493848443031311 0.5526581406593323 -466.02447509765625 0.09899772703647614 0.9725371599197388 -0.2106410712003708 214.125 -0.5448411107063293 0.23010893166065216 0.8063492178916931 -1503.5
* 0.878915011882782 0.04564958065748215 0.4747883975505829 -476.9898681640625 0.09021757543087006 0.9615306258201599 -0.25945794582366943 213.32737731933594 -0.4683687388896942 0.27087724208831787 0.840985894203186 -1528.6546630859375
* 0.8453053832054138 0.011502567678689957 0.534159243106842 -476.8996276855469 0.10178480297327042 0.9779905080795288 -0.182135209441185 209.9340057373047 -0.524498701095581 0.20833058655261993 0.8255305290222168 -1517.38671875
* 0.8711416125297546 -0.004155268892645836 0.49101385474205017 -483.0198974609375 0.0913509950041771 0.9838778376579285 -0.1537470668554306 209.98313903808594 -0.4824597239494324 0.17879146337509155 0.8574773669242859 -1540.9713134765625
* 0.8196313381195068 -0.0010790890082716942 0.572890043258667 -474.1704406738281 0.10965699702501297 0.9818031787872314 -0.15503749251365662 210.40480041503906 -0.5622989535331726 0.1898963898420334 0.8048357367515564 -1514.48779296875
* 0.8358970284461975 -0.0071579343639314175 0.5488393902778625 -471.8359069824219 0.12003552913665771 0.9780945777893066 -0.1700621098279953 220.52565002441406 -0.5356005430221558 0.20803605020046234 0.8184463381767273 -1509.7978515625
* 0.8701326251029968 0.017662914469838142 0.49250081181526184 -466.6665344238281 0.10713338851928711 0.9686773419380188 -0.22402088344097137 230.1470947265625 -0.48103225231170654 0.24769261479377747 0.8409861326217651 -1510.057373046875
* 0.8902876973152161 0.040112994611263275 0.45362815260887146 -469.9715576171875 0.09546554088592529 0.957539975643158 -0.2720337212085724 240.6992645263672 -0.44528013467788696 0.2854956388473511 0.8486573100090027 -1535.295166015625
* 0.8622666597366333 0.031550873070955276 0.5054706335067749 -467.2713623046875 0.0852641761302948 0.9747673869132996 -0.20629440248012543 240.74839782714844 -0.49922606348991394 0.22098073363304138 0.8378199934959412 -1528.009765625
* 0.8073739409446716 0.018735649064183235 0.5897423028945923 -452.62786865234375 0.10273396968841553 0.9797645211219788 -0.1717730015516281 225.546630859375 -0.5810280442237854 0.199273020029068 0.7891123294830322 -1473.4195556640625
* 0.7969424724578857 0.037657588720321655 0.6028798818588257 -451.5871887207031 0.11403883248567581 0.9707272052764893 -0.2113824486732483 210.91200256347656 -0.5931932926177979 0.23721282184123993 0.7693201303482056 -1456.0350341796875
* 0.8384861350059509 0.04479832574725151 0.5430780649185181 -473.6173095703125 0.10354527831077576 0.9653578400611877 -0.2395019680261612 210.46083068847656 -0.5349951982498169 0.2570537030696869 0.804801344871521 -1507.5057373046875
* 0.8483030796051025 0.03153308480978012 0.5285707712173462 -480.462158203125 0.08462492376565933 0.9773201942443848 -0.19411979615688324 208.9672088623047 -0.5227053165435791 0.2094040811061859 0.8263962268829346 -1522.0377197265625
* 0.8427048921585083 0.04365438222885132 0.5366025567054749 -478.64727783203125 0.10893197357654572 0.9622650146484375 -0.24935618042945862 204.81475830078125 -0.527240514755249 0.2685883343219757 0.8061510324478149 -1518.0714111328125
* 0.8716188073158264 0.03304596245288849 0.4890686571598053 -483.1728820800781 0.08083587139844894 0.9743738174438477 -0.20990456640720367 203.8560791015625 -0.4834733009338379 0.2224925011396408 0.846612274646759 -1540.877685546875
* 0.8530250191688538 0.028270548209547997 0.5211033225059509 -474.78179931640625 0.0788181945681572 0.9800976514816284 -0.182194784283638 202.66847229003906 -0.5158840417861938 0.19649048149585724 0.8338205814361572 -1523.30322265625
* 0.8505297899246216 0.04008481651544571 0.5243966579437256 -469.0501708984375 0.08677874505519867 0.9727272391319275 -0.2151043713092804 210.3398895263672 -0.5187184810638428 0.22846055030822754 0.8238558769226074 -1514.878173828125
* 0.8744133710861206 0.020021969452500343 0.4847678244113922 -475.0849914550781 0.08223291486501694 0.9785758256912231 -0.18874825537204742 220.6502685546875 -0.4781622290611267 0.20490922033786774 0.8540343642234802 -1539.6865234375
* 0.8403984904289246 0.0480642169713974 0.5398330092430115 -464.64215087890625 0.10000478476285934 0.9652026891708374 -0.24162307381629944 223.80950927734375 -0.5326627492904663 0.25704696774482727 0.8063490986824036 -1498.982177734375
* 0.8772607445716858 0.03962526097893715 0.4783751666545868 -478.0597229003906 0.08540332317352295 0.9678012132644653 -0.23678255081176758 236.69984436035156 -0.47235557436943054 0.24857628345489502 0.8456308841705322 -1515.174560546875
* 0.8500058054924011 0.0659559816122055 0.5226271748542786 -483.83941650390625 0.1106402724981308 0.947645902633667 -0.29954105615615845 239.7643280029297 -0.5150229930877686 0.3124367594718933 0.7982079982757568 -1517.064208984375
* 0.8599446415901184 0.018548592925071716 0.5100492835044861 -477.8887023925781 0.09506122022867203 0.9760310649871826 -0.19576910138130188 234.79283142089844 -0.5014561414718628 0.21683789789676666 0.8375704884529114 -1507.3837890625
* 0.8814831376075745 0.01966875232756138 0.47180482745170593 -459.44378662109375 0.09000816941261292 0.9738150835037231 -0.20876193046569824 221.8211212158203 -0.4635576009750366 0.22648780047893524 0.8566323518753052 -1480.1820068359375
* 0.9088443517684937 -0.00266844779253006 0.41712597012519836 -445.9571228027344 0.07807847112417221 0.9833933711051941 -0.16382943093776703 212.91481018066406 -0.40976253151893616 0.18146532773971558 0.8939610719680786 -1483.789794921875
* 0.8484153747558594 -0.049723051488399506 0.5269896984100342 -420.1700439453125 0.09430571645498276 0.9938485622406006 -0.05805371701717377 195.4573211669922 -0.5208622217178345 0.09895304590463638 0.8478869199752808 -1450.893310546875
#
#
#
#
#
#
#
#
#
#
#
* 0.983271598815918 0.021764680743217468 -0.1808343231678009 -138.72413635253906 -0.02447563037276268 0.9996237754821777 -0.012532159686088562 -135.44227600097656 0.18048693239688873 0.016743674874305725 0.9834341406822205 -1504.3302001953125
* 0.9945974946022034 0.014286143705248833 -0.10280808806419373 -122.3959732055664 -0.020864849910140038 0.9978114366531372 -0.06277495622634888 -154.40493774414063 0.10167969763278961 0.06457600742578506 0.9927183389663696 -1517.8023681640625
* 0.9943364858627319 0.017176467925310135 -0.10486967861652374 -111.20336151123047 -0.030113287270069122 0.9919973015785217 -0.12263081967830658 -161.34378051757813 0.10191754251718521 0.12508931756019592 0.9868961572647095 -1549.328857421875
* 0.9972333908081055 0.02775263413786888 -0.06894347071647644 -110.113037109375 -0.02909022942185402 0.9994195699691772 -0.01783721148967743 -153.5774688720703 0.06840192526578903 0.019788555800914764 0.9974608421325684 -1579.55517578125
* 0.9972410202026367 0.03370019048452377 -0.06612485647201538 -112.4183578491211 -0.03203815594315529 0.9991322755813599 0.026686638593673706 -144.51670837402344 0.06696034967899323 -0.02449934370815754 0.997454047203064 -1581.178466796875
* 0.9913749098777771 0.03247300535440445 -0.12696132063865662 -109.7200927734375 -0.04339710250496864 0.9955310821533203 -0.08389529585838318 -144.3157958984375 0.12366314232349396 0.08867643773555756 0.9883533716201782 -1561.558349609375
* 0.997066080570221 0.038023948669433594 -0.06641790270805359 -97.4856185913086 -0.0398726761341095 0.998866617679596 -0.026068326085805893 -146.607666015625 0.06534498929977417 0.028635140508413315 0.9974510669708252 -1556.9990234375
* 0.9941321015357971 0.0320078507065773 -0.10331802815198898 -77.33665466308594 -0.037560850381851196 0.997951328754425 -0.05182771384716034 -152.16690063476563 0.10144101083278656 0.055399347096681595 0.9932971596717834 -1547.0240478515625
* 0.9784656167030334 0.0049728211015462875 -0.2063443958759308 -53.83411407470703 -0.024845145642757416 0.9953001737594604 -0.09361641108989716 -157.03207397460938 0.2049025148153305 0.09672226011753082 0.9739909172058105 -1519.8875732421875
* 0.9913938045501709 0.034605443477630615 -0.12624718248844147 -34.62374496459961 -0.03180213272571564 0.9991958141326904 0.024496516212821007 -165.36659240722656 0.12698689103126526 -0.02027563750743866 0.9916963577270508 -1541.7353515625
* 0.9924008250236511 0.014793306589126587 -0.12214409559965134 -19.246131896972656 -0.01581432856619358 0.9998519420623779 -0.007037672679871321 -172.6146240234375 0.12201537191867828 0.00891103595495224 0.992487370967865 -1532.96728515625
* 0.9916508793830872 0.015263108536601067 -0.12803435325622559 -8.887340545654297 -0.028988951817154884 0.9939779043197632 -0.10569296032190323 -170.27288818359375 0.12564365565776825 0.10851721465587616 0.9861217141151428 -1520.8751220703125
* 0.9961755275726318 0.027523372322320938 -0.08290916681289673 -4.742293357849121 -0.032522279769182205 0.9977284073829651 -0.05902406573295593 -161.02581787109375 0.08108986914157867 0.06148980185389519 0.9948073625564575 -1534.8045654296875
* 0.9880242943763733 0.023364488035440445 -0.15251004695892334 -4.0717597007751465 -0.030957693234086037 0.9984018206596375 -0.04731733724474907 -153.9228515625 0.1511543095111847 0.051467154175043106 0.987168550491333 -1533.733154296875
* 0.9888710379600525 0.029974166303873062 -0.14571471512317657 -4.6706390380859375 -0.032149165868759155 0.9994091987609863 -0.01229448989033699 -154.63540649414063 0.14525367319583893 0.016837380826473236 0.9892502427101135 -1527.7586669921875
* 0.9796287417411804 0.017004655674099922 -0.20008818805217743 -1.2057055234909058 -0.03055846132338047 0.9974431991577148 -0.06462821364402771 -159.0137939453125 0.19847112894058228 0.0694212019443512 0.9776440858840942 -1507.683349609375
* 0.9850526452064514 0.009746797382831573 -0.17196865379810333 11.562870025634766 -0.02010052278637886 0.9980976581573486 -0.05831525847315788 -166.64369201660156 0.17106658220291138 0.060895469039678574 0.983374834060669 -1510.6405029296875
* 0.9952578544616699 0.019747458398342133 -0.09522965550422668 31.571596145629883 -0.02890557423233986 0.9950302839279175 -0.09530411660671234 -170.786865234375 0.092867910861969 0.09759994596242905 0.9908823370933533 -1507.1571044921875
* 0.993146538734436 0.029386648908257484 -0.11310674250125885 45.83892059326172 -0.038941144943237305 0.9958053231239319 -0.08281967788934708 -166.86170959472656 0.11019205302000046 0.08665161579847336 0.9901248216629028 -1505.3170166015625
* 0.9893092513084412 0.022055810317397118 -0.1441439539194107 51.0475959777832 -0.02986985631287098 0.9982038736343384 -0.05196813493967056 -158.9364013671875 0.14273235201835632 0.0557132288813591 0.9881910085678101 -1510.7861328125
* 0.9850372672080994 0.03255463391542435 -0.16922910511493683 53.790584564208984 -0.029440224170684814 0.9993449449539185 0.021137163043022156 -161.23141479492188 0.16979986429214478 -0.01584361493587494 0.9853501915931702 -1505.580322265625
* 0.9920299649238586 0.026533743366599083 -0.12316346168518066 62.12730026245117 -0.037996161729097366 0.9950991272926331 -0.09131123125553131 -166.66659545898438 0.12013058364391327 0.09525827318429947 0.9881763458251953 -1500.4765625
* 0.9789243340492249 0.005064595490694046 -0.2041521817445755 73.9630126953125 -0.032035693526268005 0.9911532998085022 -0.12881219387054443 -164.22659301757813 0.2016872763633728 0.13263273239135742 0.9704270958900452 -1480.7396240234375
* 0.9785707592964172 0.027277424931526184 -0.20408779382705688 84.23118591308594 -0.04444308951497078 0.9958224892616272 -0.07978816330432892 -163.57369995117188 0.20105241239070892 0.08714373409748077 0.9756955504417419 -1490.4705810546875
* 0.9858995676040649 0.04039028286933899 -0.16238027811050415 89.96610260009766 -0.04821569472551346 0.9978572726249695 -0.0442703552544117 -167.15553283691406 0.1602378785610199 0.05147041380405426 0.9857344627380371 -1493.2733154296875
* 0.9851188659667969 0.03982318192720413 -0.16718734800815582 93.30368041992188 -0.05208568647503853 0.9962338209152222 -0.06934693455696106 -170.47279357910156 0.16378971934318542 0.07701803743839264 0.983483076095581 -1489.380859375
* 0.9854341149330139 0.04080822691321373 -0.16507859528064728 97.56407165527344 -0.04689386859536171 0.9983607530593872 -0.03286932036280632 -174.1258087158203 0.16346028447151184 0.04012675955891609 0.9857324361801147 -1491.2349853515625
* 0.9826827645301819 0.029122697189450264 -0.18298402428627014 103.87165069580078 -0.04653116688132286 0.9947344660758972 -0.09133347868919373 -177.71307373046875 0.1793542504310608 0.09826134890317917 0.9788639545440674 -1470.1541748046875
* 0.9806265234947205 0.033633410930633545 -0.19296883046627045 112.88687133789063 -0.050181157886981964 0.9954284429550171 -0.08128710091114044 -181.12551879882813 0.1893463283777237 0.08939073234796524 0.9778318405151367 -1474.5562744140625
* 0.9875813126564026 0.03401708975434303 -0.15337052941322327 119.949951171875 -0.04555452615022659 0.9963611364364624 -0.07206109166145325 -181.32968139648438 0.15035472810268402 0.07814796268939972 0.9855374693870544 -1483.3685302734375
* 0.9865952730178833 0.03376932814717293 -0.1596432328224182 123.93020629882813 -0.051500655710697174 0.9928187727928162 -0.10799098759889603 -177.87973022460938 0.15484364330768585 0.11476016044616699 0.9812498688697815 -1469.4459228515625
* 0.9782299995422363 0.03631358593702316 -0.20431306958198547 128.91351318359375 -0.04592519253492355 0.9980512857437134 -0.04228372126817703 -181.09762573242188 0.20237305760383606 0.05074138194322586 0.9779919981956482 -1473.065673828125
* 0.9824796915054321 0.04007671773433685 -0.18200001120567322 134.24327087402344 -0.05034146457910538 0.9973849058151245 -0.05189068615436554 -184.8922882080078 0.17943806946277618 0.06013871729373932 0.981928288936615 -1466.964111328125
* 0.9743639826774597 0.03882863000035286 -0.22159339487552643 140.07960510253906 -0.04966559261083603 0.9978266954421997 -0.043343715369701385 -188.19032287597656 0.21942244470119476 0.053233157843351364 0.9741755127906799 -1459.7158203125
* 0.961852490901947 0.028405267745256424 -0.2720834016799927 143.4476318359375 -0.05533236637711525 0.9942547082901001 -0.09164856374263763 -190.1628875732422 0.26791056990623474 0.10320249199867249 0.957899272441864 -1442.8759765625
* 0.9782358407974243 0.04117167368531227 -0.20336194336414337 147.96200561523438 -0.05465563386678696 0.9966468811035156 -0.06092105433344841 -195.3446807861328 0.20016546547412872 0.07070505619049072 0.9772064089775085 -1456.6484375
* 0.9869466423988342 0.046990808099508286 -0.15402819216251373 151.42044067382813 -0.05937562510371208 0.9952998757362366 -0.07652612775564194 -196.67030334472656 0.14970187842845917 0.08466768264770508 0.9850982427597046 -1458.322265625
* 0.9619634747505188 0.022935790941119194 -0.272207111120224 155.94049072265625 -0.04830707609653473 0.995063304901123 -0.08671203255653381 -194.61843872070313 0.2688681185245514 0.09655843675136566 0.95832359790802 -1445.3194580078125
* 0.9740065932273865 0.033727098256349564 -0.2239866554737091 163.11886596679688 -0.05169786885380745 0.9958698749542236 -0.07465987652540207 -196.2302703857422 0.22053709626197815 0.08429387956857681 0.9717282056808472 -1451.2969970703125
* 0.9762967228889465 0.03240322694182396 -0.21398834884166718 170.10504150390625 -0.05139482393860817 0.9951761960983276 -0.08358516544103622 -197.60081481933594 0.21024128794670105 0.0925968587398529 0.9732533693313599 -1442.2342529296875
