#
#
#
#
#
#
#
#
#
#
#
#
#
#
#
#
#
#
#
#
#
#
#
#
#
#
#
#
#
#
#
#
#
#
#
#
#
#
#
#
#
#
#
#
#
#
#
#
#
#
#
#
#
#
#
#
#
#
#
#
#
#
#
#
#
#
#
#
#
#
#
#
#
#
#
#
#
#
#
#
#
#
#
#
#
#
#
#
#
#
#
#
#
#
#
#
#
#
#
#
#
#
#
#
#
#
#
#
#
#
#
#
#
#
#
#
#
#
#
#
#
#
#
#
#
#
#
#
#
#
#
#
#
#
#
#
#
#
#
#
#
#
#
#
#
#
#
#
#
#
#
#
#
#
#
#
#
#
#
#
#
#
#
#
#
#
#
#
#
#
#
#
#
#
#
#
#
#
#
#
#
#
#
#
#
#
#
#
#
#
#
#
#
#
#
#
#
#
#
#
#
#
#
#
#
#
#
#
#
#
#
#
#
#
#
#
#
#
#
#
#
#
#
#
#
#
#
#
#
#
#
#
#
#
#
#
#
#
#
#
#
#
#
#
#
#
#
#
#
#
#
#
#
#
#
#
#
#
#
#
#
#
#
#
#
#
#
#
#
#
#
#
#
#
#
#
#
#
#
#
#
#
#
#
#
#
#
#
#
#
#
#
#
#
#
#
#
#
#
#
#
#
#
#
#
#
#
#
#
#
#
#
#
#
#
#
#
#
#
#
#
#
#
#
#
#
#
#
#
#
#
#
#
#
#
#
#
#
#
#
#
#
#
#
#
#
#
#
#
#
#
#
#
#
#
#
#
#
#
#
#
#
#
#
#
#
#
#
#
#
#
#
#
#
#
#
#
#
#
#
#
#
#
#
#
#
#
#
#
#
#
#
#
#
#
#
#
#
#
#
#
#
#
#
#
#
#
#
#
#
#
#
#
#
#
#
#
#
#
#
#
#
#
#
#
#
#
#
#
#
#
#
#
#
#
#
#
#
#
#
#
#
#
#
#
#
#
#
#
#
#
#
#
#
#
#
#
#
#
#
#
#
#
#
#
#
#
#
#
#
#
#
#
#
#
#
#
#
#
#
#
#
#
#
#
#
#
#
#
#
#
#
#
#
#
#
#
#
#
#
#
#
#
#
#
#
#
#
#
#
#
#
#
#
#
#
#
#
#
#
#
#
#
#
#
#
#
#
#
#
#
#
#
#
#
#
#
#
#
#
#
#
#
#
#
#
#
#
#
#
#
#
#
#
#
#
#
#
#
#
#
#
#
#
#
#
#
#
#
#
#
#
#
#
#
#
#
#
#
#
#
#
#
#
#
#
#
#
#
#
#
#
#
#
#
#
#
#
* 0.9983298778533936 0.020217563956975937 -0.05413005128502846 -89.914306640625 -0.020486053079366684 0.9997782707214355 -0.0047584595158696175 -136.66665649414063 0.05402199923992157 0.00585917429998517 0.9985226392745972 -609.4893188476563
* 0.9987636208534241 0.016854841262102127 -0.04678158462047577 -85.47158813476563 -0.015602827072143555 0.9995238184928894 0.026601498946547508 -127.99048614501953 0.047207824885845184 -0.025838926434516907 0.9985508918762207 -601.28662109375
* 0.9963099956512451 0.013486415147781372 -0.08476833999156952 -89.54389953613281 -0.00886482186615467 0.9984771013259888 0.05444178730249405 -129.37240600585938 0.08537361025810242 -0.05348968878388405 0.9949122667312622 -602.4151611328125
* 0.994623064994812 0.013108360581099987 -0.10273423045873642 -99.11927795410156 -0.0013891021953895688 0.9935771226882935 0.11314329504966736 -130.07643127441406 0.10355765372514725 -0.11239246279001236 0.9882529973983765 -609.455078125
* 0.9893167614936829 0.0016374588012695313 -0.14577673375606537 -112.2958984375 0.01519593596458435 0.9933459162712097 0.11415614932775497 -132.0880126953125 0.14499381184577942 -0.11515204608440399 0.9827091097831726 -608.5477294921875
* 0.9989544153213501 0.015805233269929886 -0.042912185192108154 -119.54064178466797 -0.013603992760181427 0.9986215829849243 0.05068109929561615 -137.3157196044922 0.043654195964336395 -0.050044551491737366 0.9977927207946777 -601.6220703125
* 0.9993140697479248 0.0065893810242414474 -0.036454930901527405 -117.91326904296875 -0.006080192513763905 0.9998891949653625 0.013545233756303787 -137.04808044433594 0.03654026240110397 -0.01331450417637825 0.9992437362670898 -612.0810546875
* 0.9966566562652588 0.03461506590247154 0.07401546090841293 -109.78817749023438 -0.02323908545076847 0.9885432124137878 -0.14913462102413177 -127.13905334472656 -0.07832972705364227 0.14691580832004547 0.9860429167747498 -646.6260375976563
#
#
#
* 0.9895351529121399 -0.020654652267694473 0.14262573421001434 -83.53314208984375 -0.019568223506212234 0.9642242193222046 0.264475554227829 6.636867523193359 -0.1429520696401596 -0.2642785608768463 0.9537881016731262 -617.043212890625
* 0.9950059056282043 0.01456479448825121 -0.09848647564649582 -93.83052825927734 -0.012538834474980831 0.9992688298225403 0.03691929578781128 21.640647888183594 0.09898600727319717 -0.03527215123176575 0.9944585561752319 -610.5305786132813
* 0.9824845790863037 0.01631566695868969 -0.18548864126205444 -105.3067626953125 -0.02278771623969078 0.9994720220565796 -0.024386296048760414 30.74471664428711 0.18502327799797058 0.028413528576493263 0.9823182821273804 -592.7139282226563
* 0.992321252822876 0.010876709595322609 -0.12299779057502747 -115.11300659179688 -0.012553570792078972 0.9999502897262573 -1.8599443137645721E-4 37.93116760253906 0.12302324175834656 0.0019562188535928726 0.992396891117096 -590.2951049804688
* 0.9975457191467285 0.011671533808112144 -0.06866273283958435 -122.48882293701172 -0.013488128781318665 0.9999327063560486 -0.0032936795614659786 46.66072463989258 0.06865362823009491 0.004439322277903557 0.9976257681846619 -594.236328125
* 0.9999154806137085 0.005672076251357794 -0.009224951267242432 -131.64759826660156 -0.006986338645219803 0.99965900182724 0.026290524750947952 58.24747848510742 0.00940686371177435 -0.025996334850788116 0.9996129274368286 -605.0172729492188
* 0.999906599521637 0.01150127500295639 -0.0016237255185842514 -140.09849548339844 -0.013068818487226963 0.9999281764030457 -0.005561843514442444 70.66020965576172 0.0015942422905936837 0.005810124799609184 0.9999769926071167 -607.1689453125
* 0.9990594983100891 -0.0017103091813623905 0.04272253438830376 -149.78350830078125 -0.003042466240003705 0.9972381591796875 0.07459862530231476 85.51776885986328 -0.042694978415966034 -0.07443144172430038 0.996306836605072 -614.3773803710938
* 0.9986108541488647 -0.011168008670210838 0.05098724737763405 -154.1380157470703 0.0043229698203504086 0.9947367906570435 0.1026558056473732 101.82263946533203 -0.05182647332549095 -0.1020665243268013 0.993421733379364 -609.8731689453125
* 0.9997943043708801 0.009242689236998558 -0.016548240557312965 -154.22335815429688 -0.010433248244225979 0.9997284412384033 0.02219030261039734 113.2203369140625 0.016783947125077248 -0.021785467863082886 0.9996169209480286 -594.5094604492188
* 0.9986974000930786 0.015115145593881607 -0.048198096454143524 -155.45462036132813 -0.01636369526386261 0.9998719692230225 0.006825136952102184 120.98860168457031 0.04832858592271805 -0.005799783393740654 0.998809814453125 -587.9725341796875
* 0.9942439198493958 0.02327848970890045 -0.10433119535446167 -156.89398193359375 -0.02718270570039749 0.9994367361068726 -0.021112849935889244 123.90731811523438 0.10381142795085907 0.02405509725213051 0.9943012595176697 -578.8347778320313
* 0.999816358089447 0.005065355449914932 0.01701286993920803 -167.909912109375 -0.007055414840579033 0.9996815323829651 0.025406578555703163 123.6253662109375 -0.016842683777213097 -0.0252944678068161 0.9995333552360535 -599.4589233398438
* 0.9986037611961365 -0.013447935692965984 0.05057176575064659 -174.43511962890625 0.00637194374576211 0.9941880702972412 0.10774009674787521 107.0849609375 -0.05168741196393967 -0.10704134404659271 0.9929053783416748 -606.10986328125
* 0.9953084588050842 -0.004046663176268339 0.09639807790517807 -183.79103088378906 -0.0073385415598750114 0.9948511123657227 0.10136955231428146 87.132080078125 -0.09627558290958405 -0.10137485712766647 0.9901740550994873 -618.551025390625
* 0.9994450807571411 0.004508586600422859 0.03220638632774353 -195.53854370117188 -0.007651615887880325 0.998786449432373 0.04924982413649559 63.341854095458984 -0.03190922364592552 -0.04924151673913002 0.9982722997665405 -619.0568237304688
* 0.9893598556518555 0.030308447778224945 -0.14211419224739075 -196.27005004882813 -0.03399452194571495 0.9993722438812256 -0.012562520802021027 45.80973815917969 0.14167273044586182 0.017488017678260803 0.989754319190979 -580.5814819335938
* 0.9901608824729919 0.031748417764902115 -0.13609297573566437 -205.3600311279297 -0.032930608838796616 0.9994741678237915 0.005020131357014179 43.542728424072266 0.1362096071243286 -2.6085544959641993E-4 0.9906752705574036 -573.791259765625
* 0.9933422803878784 0.026269080117344856 -0.11193183809518814 -216.53390502929688 -0.026951927691698074 0.9996223449707031 0.009333524852991104 40.57087326049805 0.1121651902794838 -0.006026490591466427 0.9936666488647461 -576.0482177734375
* 0.9968031048774719 0.029820596799254417 -0.07376980036497116 -222.5988006591797 -0.030899347737431526 0.9995224475860596 0.007643231190741062 35.37458419799805 0.07399242371320724 -0.005111139267683029 0.9972410202026367 -573.815185546875
* 0.9971843957901001 0.017941292375326157 -0.07245088368654251 -223.7777862548828 -0.01942748948931694 0.9998390078544617 0.0017068642191588879 32.91724395751953 0.07250239700078964 -6.67087733745575E-5 0.9973635673522949 -575.729736328125
* 0.9974799156188965 0.02161504328250885 -0.06718888878822327 -221.45462036132813 -0.022964728996157646 0.9997578859329224 0.003884713165462017 29.131446838378906 0.06728839129209518 -0.0021039904095232487 0.9977267384529114 -577.6041259765625
* 0.9982647895812988 0.02176184393465519 -0.054236896336078644 -218.55203247070313 -0.024996891617774963 0.9992537498474121 -0.030419882386922836 21.086536407470703 0.05356588214635849 0.03195047378540039 0.9980484247207642 -574.8871459960938
* 0.9962074160575867 0.018175393342971802 -0.08478351682424545 -217.83837890625 -0.01904490776360035 0.9998078942298889 0.008931521326303482 18.725645065307617 0.08496209979057312 -0.007055086549371481 0.9963545799255371 -570.920166015625
* 0.9947762489318848 0.014809289015829563 -0.10074088722467422 -225.1376190185547 -0.015399779193103313 0.99985671043396 0.01038154773414135 22.185720443725586 0.1009133979678154 -0.008548175916075706 0.9948538541793823 -575.1759033203125
* 0.9938739538192749 0.015808265656232834 -0.10914431512355804 -236.27745056152344 -0.016086995601654053 0.9998204112052917 0.012598023749887943 27.19304084777832 0.1093568205833435 -0.010537250898778439 0.9939420819282532 -578.4107055664063
* 0.9923195242881775 0.02195017784833908 -0.12152348458766937 -249.71507263183594 -0.023328466340899467 0.9997527599334717 0.0029087874572724104 32.84592819213867 0.12158846110105515 1.7644354375079274E-4 0.9925759434700012 -581.4116821289063
* 0.9919456839561462 0.025644076988101006 -0.12383078783750534 -262.3222351074219 -0.027726376429200172 0.9996415972709656 -0.002504585077986121 37.28139114379883 0.12375231087207794 0.006145796738564968 0.9922894835472107 -577.8577270507813
#
#
#
#
#
#
#
#
#
#
#
#
#
#
#
#
#
#
#
#
#
#
#
#
#
#
#
#
#
#
#
#
#
#
#
#
#
#
#
#
#
#
#
#
#
#
#
#
#
#
#
#
#
#
#
#
* 0.9709764122962952 0.025644367560744286 -0.23781965672969818 -227.3622283935547 -0.04184549301862717 0.9970420598983765 -0.06434965133666992 72.86572265625 0.23548665642738342 0.07243262231349945 0.9691747426986694 -574.8387451171875
* 0.9719238877296448 0.015637202188372612 -0.23479902744293213 -201.6578826904297 -0.03604300692677498 0.9958142042160034 -0.08390338718891144 73.05158996582031 0.23252485692501068 0.09000934660434723 0.9684166312217712 -574.9442138671875
* 0.9681957960128784 0.017411675304174423 -0.24960927665233612 -177.42916870117188 -0.03359091281890869 0.9975231289863586 -0.061677128076553345 73.31916809082031 0.24793776869773865 0.06809892505407333 0.9663795232772827 -574.4822387695313
* 0.9744850993156433 0.014769645407795906 -0.22399042546749115 -154.53012084960938 -0.025295421481132507 0.9986465573310852 -0.04527631774544716 72.87178802490234 0.22303926944732666 0.04978572204709053 0.973537266254425 -568.34228515625
* 0.9811584949493408 0.015087279491126537 -0.19264380633831024 -138.6033935546875 -0.023934507742524147 0.9986953735351563 -0.04493813216686249 72.86448669433594 0.19173528254032135 0.04870095103979111 0.980237603187561 -567.9197998046875
* 0.9886503219604492 0.00823681615293026 -0.15004682540893555 -125.7239761352539 -0.017385322600603104 0.9979556798934937 -0.06137515977025032 71.56350708007813 0.14925536513328552 0.06328575313091278 0.9867714047431946 -569.3388671875
* 0.9883022904396057 0.012944319285452366 -0.151994526386261 -115.2675552368164 -0.019280707463622093 0.9989289045333862 -0.04188188165426254 69.10725402832031 0.15131039917469025 0.044321171939373016 0.9874922037124634 -565.015869140625
* 0.9902341961860657 0.00861294660717249 -0.1391884982585907 -107.19603729248047 -0.013404380530118942 0.9992806911468506 -0.03526018187403679 65.78388214111328 0.13880547881126404 0.036780115216970444 0.9896364212036133 -565.4916381835938
* 0.9938912987709045 0.010477373376488686 -0.10991645604372025 -101.98921966552734 -0.01377010066062212 0.9994032382965088 -0.031441472470760345 62.693580627441406 0.10954223573207855 0.03276154026389122 0.9934419989585876 -565.2826538085938
* 0.9676979780197144 0.009652042761445045 -0.25195038318634033 -93.51597595214844 -0.021247532218694687 0.9987845420837402 -0.04430218040943146 56.53710174560547 0.25123709440231323 0.04822302982211113 0.9667235016822815 -566.7776489257813
* 0.9472963809967041 -0.013653595000505447 -0.32008516788482666 -74.7374267578125 -0.02235889434814453 0.9937482476234436 -0.10931389033794403 48.93452072143555 0.3195967674255371 0.11070762574672699 0.9410640001296997 -573.185546875
* 0.947208046913147 -0.008470764383673668 -0.32052525877952576 -53.050777435302734 -0.015758546069264412 0.9971504211425781 -0.07367364317178726 42.13792419433594 0.3202561140060425 0.07483357191085815 0.944370448589325 -568.4739379882813
* 0.9403805136680603 -0.015481095761060715 -0.3397882878780365 -33.36259460449219 -0.007717570289969444 0.9976803660392761 -0.06752341985702515 39.75718307495117 0.34006547927856445 0.06611815840005875 0.9380743503570557 -565.2071533203125
* 0.9880882501602173 -0.020435886457562447 -0.15256242454051971 -21.297212600708008 0.013072432950139046 0.9986218214035034 -0.050681136548519135 37.50651931762695 0.15340861678123474 0.048081040382385254 0.9869921803474426 -566.187255859375
* 0.958445131778717 -0.01275264099240303 -0.2850117087364197 -27.185623168945313 -2.8665782883763313E-4 0.9989105463027954 -0.04650523513555527 36.03175735473633 0.2853146195411682 0.0446525439620018 0.9573930501937866 -565.3524169921875
* 0.9416282773017883 -0.007443086244165897 -0.33658912777900696 -44.379859924316406 -1.574387715663761E-4 0.999721884727478 -0.023263759911060333 36.30363845825195 0.33668869733810425 0.02195701003074646 0.94135981798172 -564.1946411132813
* 0.9768283367156982 -0.0109373414888978 -0.21377123892307281 -58.32049560546875 0.007575644180178642 0.9998077750205994 -0.017664602026343346 36.358516693115234 0.21394389867782593 0.015633953735232353 0.9767206311225891 -563.9691772460938
* 0.990860641002655 -0.015043971128761768 -0.13409103453159332 -63.762508392333984 0.012670749798417091 0.9997056126594543 -0.020326899364590645 37.21780014038086 0.13437806069850922 0.018440131098031998 0.9907583594322205 -564.3375854492188
* 0.9884956479072571 -0.014492218382656574 -0.1505911499261856 -67.45919799804688 0.017173083499073982 0.9997337460517883 0.01491517387330532 41.68783950805664 0.15035556256771088 -0.017331702634692192 0.9884798526763916 -567.7849731445313
* 0.9785320162773132 -0.0012863464653491974 -0.20611856877803802 -80.76943969726563 0.004929851740598679 0.9998523592948914 0.015994668006896973 49.32624053955078 0.2060881406068802 -0.01666915975511074 0.978391170501709 -576.0078125
* 0.9893428087234497 -0.0033579727169126272 -0.14560484886169434 -97.48387145996094 0.004157104529440403 0.9999775290489197 0.0035289183724671602 59.70117950439453 0.14561045169830322 -0.0040983655489981174 0.9893332719802856 -584.8223266601563
* 0.9914125800132751 -0.008402657695114613 -0.13054434955120087 -106.5923843383789 0.007978448644280434 0.999944806098938 -0.005617460235953331 64.71510314941406 0.1306050717830658 0.004525832831859589 0.9914238452911377 -569.4183349609375
* 0.9934526085853577 -0.0038407393731176853 -0.11422955989837646 -111.50196838378906 2.3464966216124594E-4 0.9994252324104309 -0.033673398196697235 66.37476348876953 0.11431397497653961 0.03342441841959953 0.9928818941116333 -567.045654296875
* 0.9952653646469116 -0.007720806635916233 -0.09694574028253555 -116.80955505371094 0.003317497903481126 0.9988353252410889 -0.047976259142160416 68.757568359375 0.09722398221492767 0.04742572829127312 0.9941316843032837 -570.3947143554688
* 0.9934358596801758 -0.0013977659400552511 -0.11443120986223221 -120.62396240234375 7.949852733872831E-4 0.9999645948410034 -0.00741983950138092 69.1692123413086 0.11445824801921844 0.0072784507647156715 0.9934012293815613 -566.6305541992188
* 0.9958010911941528 -0.0034048801753669977 -0.09154121577739716 -125.32968139648438 0.0027494584210217 0.999939501285553 -0.009917648509144783 72.140380859375 0.09159017354249954 0.00962256733328104 0.9957501292228699 -572.2769165039063
* 0.9802297353744507 0.012406951747834682 -0.1975020319223404 -133.36001586914063 -0.016904234886169434 0.9996004104614258 -0.02232465147972107 73.08230590820313 0.19716674089431763 0.025220496580004692 0.9800453782081604 -568.1109008789063
* 0.9749659895896912 0.014447261579334736 -0.2219095379114151 -152.40843200683594 -0.021115340292453766 0.9993547201156616 -0.028795085847377777 71.7720718383789 0.2213708758354187 0.032758571207523346 0.9746391773223877 -573.8323364257813
* 0.9709585905075073 0.023239491507411003 -0.23813951015472412 -172.40760803222656 -0.030700577422976494 0.9991093277931213 -0.02868608944118023 70.53624725341797 0.23728123307228088 0.03516284376382828 0.9708042144775391 -571.8262939453125
* 0.9688020944595337 0.024847473949193954 -0.24660979211330414 -194.56494140625 -0.026500161737203598 0.9996317028999329 -0.004363961983472109 69.06514739990234 0.24643099308013916 0.01076181884855032 0.9691004157066345 -572.0724487304688
* 0.9719799160957336 0.031594157218933105 -0.2329552322626114 -217.6925506591797 -0.031375765800476074 0.9994935989379883 0.003607570892199874 63.26426315307617 0.23297177255153656 0.0038016035687178373 0.9724758863449097 -570.64697265625
* 0.9848838448524475 0.03099309839308262 -0.1704535186290741 -240.15646362304688 -0.031416285783052444 0.9994980692863464 -0.001202645362354815 56.777645111083984 0.17035134136676788 0.006538416258990765 0.9853614568710327 -574.0831298828125
* 0.9857363700866699 0.04011810943484306 -0.1634797602891922 -259.4491271972656 -0.041546400636434555 0.9991058111190796 -0.006806261837482452 52.523536682128906 0.16308118402957916 0.01350030954927206 0.9865201115608215 -572.756103515625
#
#
#
#
#
#
#
#
#
#
#
#
#
#
#
#
#
#
#
#
#
#
#
#
#
#
#
#
#
#
#
#
#
#
#
#
#
#
#
#
#
#
#
#
#
#
#
#
#
#
#
#
#
#
#
#
#
#
#
#
#
#
#
#
#
#
#
#
#
#
#
#
#
#
#
#
#
#
#
#
#
#
#
#
#
#
#
#
#
#
#
#
#
#
#
#
#
#
#
#
#
#
#
* 0.9971024394035339 0.05580878630280495 -0.05170011147856712 -261.53704833984375 -0.057599443942308426 0.9977627992630005 -0.03391927853226662 110.60234069824219 0.049692265689373016 0.03679914399981499 0.9980864524841309 -582.9965209960938
* 0.9987470507621765 0.04646984860301018 0.018585775047540665 -263.4537048339844 -0.0461258590221405 0.9987679719924927 -0.018266700208187103 99.3982925415039 -0.019410932436585426 0.01738676056265831 0.9996604323387146 -619.5198974609375
* 0.9979947209358215 0.05852927267551422 0.024109352380037308 -247.32278442382813 -0.057360466569662094 0.9972730278968811 -0.04642273485660553 76.32057189941406 -0.02675989456474781 0.04494698345661163 0.9986310005187988 -614.7487182617188
* 0.9975402355194092 0.05508291348814964 -0.04335898905992508 -227.89364624023438 -0.056608714163303375 0.9977853894233704 -0.03490723296999931 57.70640182495117 0.04134100675582886 0.037276118993759155 0.9984496235847473 -591.9780883789063
* 0.9931104779243469 0.06169353425502777 -0.09963133931159973 -214.89488220214844 -0.06478870660066605 0.9975003004074097 -0.028183909133076668 47.873260498046875 0.0976443737745285 0.03444497659802437 0.9946252703666687 -578.1179809570313
* 0.9925681948661804 0.06325093656778336 -0.10396337509155273 -206.7061309814453 -0.06537751108407974 0.9977113604545593 -0.0172219667583704 45.44881820678711 0.10263697803020477 0.023891104385256767 0.9944320321083069 -577.8812866210938
* 0.9977731108665466 0.06530317664146423 0.013604857958853245 -210.8672332763672 -0.06490407139062881 0.99750816822052 -0.027632785961031914 35.657283782958984 -0.015374664217233658 0.026688504964113235 0.9995256066322327 -612.6920166015625
* 0.9970757961273193 0.06971834599971771 0.03130502626299858 -205.9243621826172 -0.06838428974151611 0.9967870116233826 -0.0416879802942276 12.687100410461426 -0.034110065549612045 0.0394255705177784 0.998640239238739 -628.7769165039063
* 0.9967964887619019 0.07570447027683258 0.025813110172748566 -193.25006103515625 -0.07402816414833069 0.9954186081886292 -0.060498788952827454 -12.707008361816406 -0.03027409128844738 0.05839436873793602 0.9978345036506653 -635.4574584960938
* 0.9960770010948181 0.06674931198358536 -0.058100245893001556 -172.94068908691406 -0.07014798372983932 0.9958095550537109 -0.05865998938679695 -37.44426345825195 0.053942106664180756 0.06250578165054321 0.9965858459472656 -619.010498046875
* 0.9921662211418152 0.0528392493724823 -0.11320298165082932 -153.41339111328125 -0.05003379285335541 0.9983696937561035 0.027440430596470833 -51.21052169799805 0.11446923017501831 -0.021561257541179657 0.9931927919387817 -593.968017578125
* 0.9928275346755981 0.05095425248146057 -0.10815711319446564 -145.94126892089844 -0.0506385900080204 0.9987004399299622 0.005618970841169357 -55.94176483154297 0.1083037257194519 -1.0149925947189331E-4 0.9941178560256958 -585.6818237304688
* 0.9968396425247192 0.06838991492986679 0.040428753942251205 -155.06997680664063 -0.06528742611408234 0.9951534867286682 -0.07352326810359955 -70.05858612060547 -0.0452602319419384 0.07065171003341675 0.9964737296104431 -615.7909545898438
* 0.9957539439201355 0.06231319531798363 0.06776518374681473 -168.17001342773438 -0.06134761497378349 0.997984766960144 -0.01616724207997322 -92.47923278808594 -0.06863521784543991 0.011941634118556976 0.9975703954696655 -633.0098266601563
* 0.9835240244865417 0.03145662322640419 -0.1780214011669159 -176.63388061523438 -0.011846278794109821 0.9938448667526245 0.11013829708099365 -100.5791015625 0.18039116263389587 -0.10621459037065506 0.9778432250022888 -603.4931030273438
* 0.9967780709266663 0.037227239459753036 -0.07105142623186111 -206.84104919433594 -0.035311244428157806 0.998984158039093 0.02796589583158493 -99.3145751953125 0.07202121615409851 -0.025366654619574547 0.997080385684967 -638.0987548828125
* 0.9866521954536438 0.05349445343017578 0.15380728244781494 -240.7134552001953 -0.04910670593380928 0.9982749223709106 -0.03215714544057846 -80.10525512695313 -0.15526142716407776 0.024175206199288368 0.9875775575637817 -681.7833251953125
* 0.9919533133506775 0.07456693798303604 0.10231922566890717 -249.7784881591797 -0.06317105889320374 0.9918792843818665 -0.11037733405828476 -46.811161041259766 -0.10971803963184357 0.10302586108446121 0.9886089563369751 -660.180908203125
* 0.9896178841590881 0.04536549374461174 0.1363791525363922 -258.203857421875 -0.04448365420103073 0.998964250087738 -0.009471887722611427 -20.38143539428711 -0.13666684925556183 0.0033071457874029875 0.9906116127967834 -649.4963989257813
* 0.9971383810043335 0.045112740248441696 0.060668591409921646 -252.2610626220703 -0.044842109084129333 0.9989767074584961 -0.005734018981456757 -1.261642336845398 -0.0608644038438797 0.002997341565787792 0.9981415867805481 -621.3453369140625
* 0.9987651705741882 0.0471065491437912 0.01580856181681156 -246.91262817382813 -0.046897292137145996 0.9988135695457458 -0.01305417064577341 11.399070739746094 -0.016403930261731148 0.012296926230192184 0.9997899532318115 -609.595458984375
* 0.9978201985359192 0.04199368506669998 0.05091273412108421 -246.1578826904297 -0.042573872953653336 0.9990376830101013 0.010463347658514977 23.977027893066406 -0.05042355880141258 -0.012607856653630733 0.998648464679718 -615.5029296875
* 0.9822689294815063 0.03601573035120964 0.18398691713809967 -252.92355346679688 -0.04301049932837486 0.9984884262084961 0.03419538959860802 41.971702575683594 -0.18247655034065247 -0.04150222986936569 0.9823338985443115 -641.0704345703125
* 0.9989947080612183 0.04430091008543968 0.006896433886140585 -237.09242248535156 -0.044463615864515305 0.9986605644226074 0.026425743475556374 55.14525604248047 -0.0057157366536557674 -0.02670559100806713 0.9996269345283508 -607.7221069335938
* 0.9977829456329346 0.06091915816068649 -0.026805734261870384 -229.77215576171875 -0.061708059161901474 0.997646689414978 -0.029858341440558434 63.9696159362793 0.02492450177669525 0.03144654259085655 0.9991945624351501 -598.77685546875
* 0.9970859885215759 0.05268794298171997 -0.055172599852085114 -222.64663696289063 -0.05358823016285896 0.9984487295150757 -0.015058123506605625 70.81613159179688 0.05429444462060928 0.017971096560359 0.9983631372451782 -593.1278686523438
* 0.9928876757621765 0.057302869856357574 -0.10435999184846878 -212.03607177734375 -0.058493901044130325 0.9982512593269348 -0.008433658629655838 72.28085327148438 0.10369506478309631 0.01447835098952055 0.9945036172866821 -582.5496215820313
* 0.9932247400283813 0.05277480557560921 -0.10353779792785645 -205.21971130371094 -0.0555877611041069 0.9981517791748047 -0.02452053874731064 71.75900268554688 0.10205323249101639 0.03011009842157364 0.9943230152130127 -582.9822387695313
* 0.9950951933860779 0.043304044753313065 -0.08894442766904831 -199.43661499023438 -0.045530498027801514 0.9986922740936279 -0.023213397711515427 74.25776672363281 0.08782374858856201 0.02714945375919342 0.9957658052444458 -585.6549072265625
* 0.9882733821868896 0.05111338198184967 -0.1438886523246765 -189.9718475341797 -0.057191941887140274 0.9976210594177246 -0.038463182747364044 72.82781982421875 0.1415812373161316 0.046241644769907 0.9888458251953125 -585.6217651367188
* 0.9929102659225464 0.044898923486471176 -0.1100643053650856 -180.88783264160156 -0.0476389154791832 0.9986116886138916 -0.022437192499637604 64.53314971923828 0.10890495777130127 0.027521679177880287 0.9936709403991699 -595.4620971679688
* 0.9925481081008911 0.04587438702583313 -0.11289288103580475 -167.85528564453125 -0.04796386510133743 0.9987214803695679 -0.01590590365231037 52.31206512451172 0.11201974004507065 0.021202366799116135 0.9934796094894409 -590.987548828125
* 0.9969174265861511 0.04706702381372452 -0.06278088688850403 -160.4469757080078 -0.048106059432029724 0.9987252950668335 -0.015222652815282345 41.43707275390625 0.06198522821068764 0.01819608174264431 0.9979110360145569 -590.1668090820313
* 0.9942871332168579 0.0441906601190567 -0.09716634452342987 -156.74899291992188 -0.04478203132748604 0.9989879727363586 -0.003964319359511137 31.80280113220215 0.09689369052648544 0.008293190971016884 0.9952600002288818 -579.1301879882813
* 0.9937729239463806 0.04888556897640228 -0.10013303905725479 -164.0202178955078 -0.04791182279586792 0.9987777471542358 0.0120584387332201 25.13736343383789 0.10060098767280579 -0.0071855876594781876 0.9949007034301758 -585.0988159179688
* 0.981759250164032 0.048919133841991425 -0.18372946977615356 -175.16412353515625 -0.0470707081258297 0.9987869262695313 0.014384200796484947 17.425580978393555 0.1842111051082611 -0.005473340395838022 0.9828712940216064 -581.1976928710938
* 0.9844744801521301 0.04670143872499466 -0.16920341551303864 -188.4794158935547 -0.043374814093112946 0.9987866282463074 0.023276841267943382 10.901050567626953 0.17008602619171143 -0.015576089732348919 0.985305905342102 -579.54736328125
* 0.9856135845184326 0.044564902782440186 -0.16303583979606628 -201.0380859375 -0.04304894059896469 0.998989999294281 0.012791300192475319 7.701992511749268 0.16344206035137177 -0.005588558968156576 0.9865369200706482 -577.9129028320313
* 0.9935486912727356 0.0466945581138134 -0.10334987193346024 -212.50299072265625 -0.045250073075294495 0.998842716217041 0.016231801360845566 9.785737037658691 0.10398902744054794 -0.011450295336544514 0.9945122599601746 -580.9773559570313
* 0.9969040155410767 0.04463464394211769 -0.06473647803068161 -219.70233154296875 -0.044750917702913284 0.9989969730377197 -4.217245732434094E-4 16.595806121826172 0.06465353816747665 0.0033176408614963293 0.997901976108551 -585.1902465820313
* 0.9947808980941772 0.04503285139799118 -0.09156180173158646 -222.6070556640625 -0.04450006037950516 0.998977780342102 0.007800143212080002 19.46964454650879 0.09182030707597733 -0.0036847256124019623 0.9957684874534607 -576.7869262695313
* 0.9970638751983643 0.03820054978132248 -0.06637005507946014 -224.80320739746094 -0.039007194340229034 0.9991775155067444 -0.010973664000630379 17.55084800720215 0.06589707732200623 0.013530552387237549 0.9977344274520874 -576.3662719726563
* 0.9954445958137512 0.041227493435144424 -0.08597118407487869 -222.59237670898438 -0.04165564477443695 0.9991255402565002 -0.0032479669898748398 16.220657348632813 0.08576294034719467 0.006814550142735243 0.9962920546531677 -575.9286499023438
* 0.99545818567276 0.03881065174937248 -0.08693408221006393 -218.76913452148438 -0.03817323222756386 0.9992300868034363 0.008927787654101849 14.143823623657227 0.08721447736024857 -0.005568500142544508 0.9961738586425781 -578.447998046875
* 0.9944517612457275 0.03562274947762489 -0.09898205101490021 -211.54751586914063 -0.03439278528094292 0.9993083477020264 0.014056788757443428 9.789139747619629 0.09941517561674118 -0.010574348270893097 0.9949896931648254 -575.9873657226563
* 0.9960217475891113 0.038219086825847626 -0.080502450466156 -206.7880401611328 -0.039729371666908264 0.9990594983100891 -0.017303042113780975 6.879201889038086 0.07976626604795456 0.0204327255487442 0.9966040253639221 -577.5155639648438
* 0.9960126280784607 0.03912605717778206 -0.08017841726541519 -205.0829315185547 -0.03842903673648834 0.9992085099220276 0.010158943012356758 8.703682899475098 0.08051326870918274 -0.007037064991891384 0.9967285394668579 -577.5369873046875
* 0.9956292510032654 0.03394300118088722 -0.08701007813215256 -205.8104705810547 -0.03401240333914757 0.9994199872016907 6.301410612650216E-4 10.034862518310547 0.08698184788227081 0.0023322198539972305 0.9962069392204285 -574.5546264648438
* 0.9958038926124573 0.03384372964501381 -0.08502768725156784 -208.9838409423828 -0.03368689492344856 0.999426007270813 0.003222411498427391 12.401667594909668 0.08508878946304321 -3.443893510848284E-4 0.9963731169700623 -578.2842407226563
* 0.9953110218048096 0.043742600828409195 -0.08627267926931381 -207.4503631591797 -0.044821951538324356 0.9989367723464966 -0.010669114999473095 15.254159927368164 0.08571509271860123 0.014486201107501984 0.9962141513824463 -576.578125
* 0.9956949353218079 0.03444751724600792 -0.08605502545833588 -204.27818298339844 -0.03357310593128204 0.9993684887886047 0.011532514356076717 16.74011993408203 0.08639879524707794 -0.00859355740249157 0.9962233901023865 -575.9629516601563
* 0.9950793385505676 0.0326218418776989 -0.09356064349412918 -200.67652893066406 -0.032394178211688995 0.9994663000106812 0.0038999172393232584 16.393266677856445 0.09363878518342972 -8.497253293171525E-4 0.9956057071685791 -575.5924682617188
* 0.9954448938369751 0.03854559734463692 -0.08720360696315765 -198.6387176513672 -0.04012702405452728 0.9990569353103638 -0.01651030033826828 18.970111846923828 0.08648582547903061 0.01993451826274395 0.9960534572601318 -577.8555297851563
* 0.994920551776886 0.03954915702342987 -0.09257238358259201 -195.5316925048828 -0.039668913930654526 0.9992114305496216 4.945565015077591E-4 21.528057098388672 0.09251981228590012 0.003180393949151039 0.9957056045532227 -576.7435913085938
* 0.9962775707244873 0.031412120908498764 -0.08028040826320648 -193.81008911132813 -0.03159593045711517 0.9994987845420837 -0.0010800755117088556 23.45553970336914 0.08020710945129395 0.003612792817875743 0.996771514415741 -576.5584106445313
* 0.9944579601287842 0.0366782546043396 -0.09853218495845795 -191.53062438964844 -0.03634917736053467 0.9993248581886292 0.005084537435323 24.97489356994629 0.09865303337574005 -0.0014745881780982018 0.995120644569397 -573.8819580078125
* 0.9954788088798523 0.033521704375743866 -0.0888749361038208 -190.71226501464844 -0.03525860980153084 0.9992129802703857 -0.01810014620423317 25.572458267211914 0.08819910883903503 0.02115214429795742 0.9958781599998474 -577.6476440429688
* 0.9952507615089417 0.034286919981241226 -0.09110871702432632 -189.86944580078125 -0.033474911004304886 0.999384343624115 0.010373428463935852 26.4883975982666 0.09140916913747787 -0.007274109870195389 0.995786726474762 -577.9591064453125
* 0.9958872199058533 0.029925432056188583 -0.08551930636167526 -189.80899047851563 -0.03083186037838459 0.9994794130325317 -0.009354394860565662 26.72211456298828 0.08519572019577026 0.011952854692935944 0.9962924122810364 -576.8535766601563
* 0.9946340918540955 0.035252366214990616 -0.09726592153310776 -191.33657836914063 -0.03412124887108803 0.9993288516998291 0.013219010084867477 26.129169464111328 0.09766753762960434 -0.00982904527336359 0.9951704144477844 -576.1356811523438
* 0.991356611251831 0.025889016687870026 -0.1286163181066513 -199.02891540527344 -0.025998104363679886 0.9996602535247803 7.936918409541249E-4 28.060087203979492 0.12859410047531128 0.0025571410078555346 0.9916937947273254 -576.2200927734375
* 0.9961705803871155 0.024267150089144707 -0.08399735391139984 -204.1751708984375 -0.02368219569325447 0.9996868968009949 0.00789666548371315 29.413314819335938 0.08416356891393661 -0.005877002142369747 0.9964344501495361 -574.3204345703125
* 0.9964240193367004 0.029443923383951187 -0.07919834554195404 -204.51136779785156 -0.030654896050691605 0.9994279742240906 -0.014178771525621414 27.45587921142578 0.07873643934726715 0.01655610091984272 0.9967577457427979 -575.3328247070313
* 0.996720552444458 0.020237060263752937 -0.07834866642951965 -204.27288818359375 -0.01873013749718666 0.9996257424354553 0.019860433414578438 26.65677833557129 0.07872214913368225 -0.018327651545405388 0.9967278838157654 -576.948486328125
* 0.9952932596206665 0.018600303679704666 -0.09510699659585953 -201.85545349121094 -0.019329680129885674 0.9997884631156921 -0.006803753785789013 24.680482864379883 0.0949612408876419 0.008610322140157223 0.9954435229301453 -574.0113525390625
* 0.996033787727356 0.029050303623080254 -0.08409976959228516 -200.37733459472656 -0.029525795951485634 0.9995524883270264 -0.004472594242542982 23.395254135131836 0.08393309265375137 0.006938196253031492 0.9964470863342285 -575.4584350585938
* 0.9968810081481934 0.02124374359846115 -0.07600559294223785 -200.30221557617188 -0.020506786182522774 0.999734103679657 0.010400488041341305 24.441177368164063 0.0762072280049324 -0.008809227496385574 0.9970530271530151 -575.9545288085938
* 0.996845543384552 0.02004942297935486 -0.07679141312837601 -203.39312744140625 -0.019913863390684128 0.9997971653938293 0.002468205988407135 28.928834915161133 0.07682622224092484 -9.310031309723854E-4 0.997044026851654 -579.8075561523438
* 0.9958987236022949 0.029129432514309883 -0.08565626293420792 -204.02255249023438 -0.028680389747023582 0.9995666146278381 0.006412678863853216 31.263694763183594 0.08580685406923294 -0.003929511643946171 0.9963040351867676 -576.385009765625
* 0.995795726776123 0.030595960095524788 -0.0863395482301712 -204.1260986328125 -0.030352190136909485 0.9995294809341431 0.004079459235072136 31.531991958618164 0.08642466366291046 -0.0014414982870221138 0.9962573647499084 -574.6640014648438
* 0.9969248175621033 0.019418179988861084 -0.07591775804758072 -204.60092163085938 -0.017895478755235672 0.9996257424354553 0.02062334306538105 32.94110870361328 0.07629072666168213 -0.01920117624104023 0.996900737285614 -576.4682006835938
* 0.996742308139801 0.021551206707954407 -0.07771742343902588 -204.66049194335938 -0.020995093509554863 0.9997469186782837 0.00790386088192463 33.58945083618164 0.07786901295185089 -0.006246243603527546 0.9969440698623657 -576.1835327148438
* 0.9960097670555115 0.026909394189715385 -0.08508872985839844 -204.4501190185547 -0.02763364464044571 0.9995893239974976 -0.00740203820168972 30.534940719604492 0.08485552668571472 0.009724028408527374 0.9963458776473999 -575.059814453125
* 0.9950404167175293 0.02499629370868206 -0.09627796709537506 -202.59841918945313 -0.02534419484436512 0.999674379825592 -0.0024422225542366505 29.211301803588867 0.09618651866912842 0.004870404954999685 0.9953514933586121 -572.9725952148438
* 0.9950922131538391 0.02115049585700035 -0.09666375815868378 -201.6091766357422 -0.022478772327303886 0.9996649026870728 -0.012722603976726532 27.93964195251465 0.09636323153972626 0.014833266846835613 0.9952357411384583 -572.4512329101563
* 0.9955618977546692 0.02538059465587139 -0.09062056988477707 -201.6044158935547 -0.025384720414876938 0.9996758103370667 0.0010542655363678932 27.384281158447266 0.09061890095472336 0.0012509904336184263 0.995884895324707 -574.7743530273438
* 0.9962763786315918 0.026270030066370964 -0.08211611211299896 -200.67478942871094 -0.025935346260666847 0.9996492862701416 0.005081663839519024 27.88697052001953 0.08222174644470215 -0.0029328425880521536 0.9966097474098206 -575.2984619140625
* 0.9962870478630066 0.017220407724380493 -0.08435270935297012 -201.8587188720703 -0.015170296654105186 0.9995750784873962 0.02482857182621956 30.155851364135742 0.08474535495042801 -0.023456580936908722 0.9961264729499817 -576.6821899414063
* 0.9958283305168152 0.025657085701823235 -0.08756362646818161 -205.3133087158203 -0.025305703282356262 0.9996654391288757 0.005066024139523506 33.628273010253906 0.08766524493694305 -0.0028288457542657852 0.9961459040641785 -579.1015625
* 0.994900643825531 0.029403235763311386 -0.09647739678621292 -213.57778930664063 -0.029206082224845886 0.9995661377906799 0.003405502997338772 37.774688720703125 0.09653662145137787 -5.702311755158007E-4 0.9953293204307556 -580.6719360351563
* 0.9961639046669006 0.024281447753310204 -0.08407019078731537 -220.75747680664063 -0.024135347455739975 0.999703586101532 0.002696847543120384 42.86234664916992 0.08411168307065964 -6.572693237103522E-4 0.9964561462402344 -579.097412109375
* 0.9963915348052979 0.02978402189910412 -0.07947792112827301 -223.91639709472656 -0.029759295284748077 0.9995545744895935 0.0014352916041389108 44.12091827392578 0.079486183822155 9.352538036182523E-4 0.9968355894088745 -576.4033203125
* 0.9962069392204285 0.030117860063910484 -0.08163705468177795 -228.45298767089844 -0.030231809243559837 0.9995413422584534 -2.1889596246182919E-4 45.61558151245117 0.08159393817186356 0.0026862614322453737 0.9966620802879333 -577.35791015625
* 0.9954835176467896 0.03475366532802582 -0.08834471553564072 -234.6270294189453 -0.035633303225040436 0.9993276000022888 -0.008453638292849064 46.90111541748047 0.08799245208501816 0.011563642881810665 0.9960541129112244 -578.6533813476563
* 0.9953386783599854 0.03640655428171158 -0.0893060639500618 -242.0491943359375 -0.039237625896930695 0.998771607875824 -0.030207239091396332 47.94599914550781 0.08809754997491837 0.033570803701877594 0.9955461025238037 -578.1437377929688
* 0.9965334534645081 0.03446102514863014 -0.07572120428085327 -247.61868286132813 -0.03615713119506836 0.9991194009780884 -0.021208040416240692 48.78937530517578 0.07492458820343018 0.023872574791312218 0.9969035387039185 -576.2998046875
* 0.9965361952781677 0.03557082265615463 -0.07516948878765106 -252.7215118408203 -0.036251842975616455 0.9993107318878174 -0.007779143750667572 48.00914001464844 0.07484187930822372 0.010477401316165924 0.9971405267715454 -575.5795288085938
* 0.9964938163757324 0.03785580024123192 -0.07461339235305786 -258.4421691894531 -0.03827609866857529 0.999256432056427 -0.004275774583220482 48.5780029296875 0.07439697533845901 0.007116857450455427 0.9972034692764282 -575.1183471679688
#
#
#
#
#
#
#
#
#
#
#
#
#
#
#
#
#
#
#
#
#
#
#
#
#
#
#
#
#
#
#
#
#
#
#
#
#
#
#
#
#
#
#
#
#
#
#
#
#
#
#
#
#
#
#
#
#
#
#
#
#
#
#
#
* 0.9745761752128601 0.12075795233249664 -0.18872414529323578 -259.7002258300781 -0.12842132151126862 0.9913015365600586 -0.02882562205195427 67.62983703613281 0.18360187113285065 0.052328698337078094 0.9816068410873413 -573.4182739257813
* 0.9889809489250183 0.12744320929050446 -0.07531950622797012 -244.36154174804688 -0.1296040564775467 0.9912667274475098 -0.0243889931589365 66.63687896728516 0.07155375182628632 0.03388169780373573 0.9968609809875488 -575.2340698242188
