#
#
#
#
#
#
#
#
#
#
#
#
#
#
#
#
#
#
#
#
#
#
#
#
#
* 0.9978893399238586 0.03143336996436119 0.05681999400258064 42.748905181884766 -0.02913418784737587 0.9987375140190125 -0.04092220962047577 104.28353118896484 -0.058034513145685196 0.039180390536785126 0.9975454211235046 -447.30157470703125
* 0.9961533546447754 0.028143461793661118 0.08298410475254059 41.52658462524414 -0.0227348655462265 0.9975958466529846 -0.06546585261821747 97.47420501708984 -0.08462697267532349 0.063327357172966 0.994398295879364 -445.3299865722656
* 0.9959301948547363 0.023823903873562813 0.08692106604576111 38.23381042480469 -0.016950637102127075 0.9967288970947266 -0.07902045547962189 92.34481048583984 -0.08851924538612366 0.0772254541516304 0.9930764436721802 -446.96435546875
* 0.9994705319404602 0.030048498883843422 0.012476880103349686 33.51548385620117 -0.0293632373213768 0.9982057213783264 -0.05218343809247017 86.21417236328125 -0.01402243971824646 0.05178939923644066 0.9985597729682922 -451.7481384277344
* 0.9992645978927612 0.03379416838288307 0.018115714192390442 28.631183624267578 -0.03319792449474335 0.9989209175109863 -0.03247775137424469 76.2467269897461 -0.01919364370405674 0.031852416694164276 0.9993084073066711 -452.99041748046875
* 0.9852866530418396 0.03384466841816902 -0.16752499341964722 21.796600341796875 -0.04377647489309311 0.9974746704101563 -0.0559258796274662 65.33493041992188 0.16520929336547852 0.062436629086732864 0.9842804074287415 -451.71038818359375
* 0.9992502927780151 0.034523557871580124 -0.01751902513206005 15.958192825317383 -0.03485986590385437 0.9992110133171082 -0.019023189321160316 54.873374938964844 0.016848571598529816 0.019619569182395935 0.9996657371520996 -453.12677001953125
* 0.9953722953796387 0.030084585770964622 -0.09126290678977966 8.731182098388672 -0.033100541681051254 0.9989500641822815 -0.03166833519935608 43.50730514526367 0.09021450579166412 0.03454256430268288 0.9953233599662781 -454.3184509277344
* 0.9910027980804443 0.030294787138700485 -0.1303679198026657 0.8252309560775757 -0.032072290778160095 0.9994189739227295 -0.0115234749391675 31.697771072387695 0.12994322180747986 0.015600910410284996 0.9913988709449768 -453.2156677246094
* 0.9958522319793701 0.024402078241109848 -0.08765289187431335 -6.613049507141113 -0.025546157732605934 0.9996025562286377 -0.011905625462532043 19.724178314208984 0.08732767403125763 0.014095352031290531 0.9960800409317017 -454.14300537109375
* 0.9941577315330505 0.027047298848628998 -0.10449410229921341 -13.605671882629395 -0.02559187076985836 0.9995554685592651 0.015284810215234756 7.105666637420654 0.10486121475696564 -0.012521405704319477 0.994408130645752 -451.9461364746094
* 0.9908771514892578 0.030839815735816956 -0.13119332492351532 -20.34074592590332 -0.028787806630134583 0.9994313716888428 0.017541592940688133 -2.9153647422790527 0.1316598802804947 -0.013604891486465931 0.9912016987800598 -445.6471862792969
* 0.99142986536026 0.027653485536575317 -0.12768101692199707 -24.827661514282227 -0.021660152822732925 0.9986060857772827 0.048125043511390686 -11.168195724487305 0.128834068775177 -0.04494711384177208 0.9906471967697144 -443.6061096191406
* 0.9918786883354187 0.021098751574754715 -0.1254262626171112 -27.605941772460938 -0.01713590882718563 0.9993204474449158 0.0326240099966526 -18.992603302001953 0.12602956593036652 -0.03020986169576645 0.9915664792060852 -442.58160400390625
* 0.9930844902992249 0.018278071656823158 -0.11597107350826263 -29.102235794067383 -0.011933187954127789 0.9984033107757568 0.05520752817392349 -25.747791290283203 0.11679520457983017 -0.053441938012838364 0.9917171597480774 -442.12457275390625
* 0.9951058626174927 0.013169527985155582 -0.09793435037136078 -29.457767486572266 -0.010176328010857105 0.9994660019874573 0.031043641269207 -33.96571731567383 0.0982910767197609 -0.029895193874835968 0.9947085976600647 -444.5159912109375
* 0.9911113381385803 0.009974751621484756 -0.13266144692897797 -28.37519073486328 -0.009383602999150753 0.9999426603317261 0.005112815648317337 -42.57645034790039 0.13270504772663116 -0.0038226228207349777 0.9911481738090515 -443.6062927246094
* 0.9882867932319641 0.011140490882098675 -0.15220148861408234 -26.88610076904297 -0.004772834479808807 0.9990988969802856 0.04216653108596802 -48.63115310668945 0.15253432095050812 -0.04094628244638443 0.9874496459960938 -440.82611083984375
* 0.9869903922080994 0.006117895245552063 -0.1606634259223938 -26.111804962158203 -2.222314797108993E-4 0.9993255138397217 0.036714594811201096 -52.404991149902344 0.1607798933982849 -0.036201320588588715 0.9863262176513672 -439.7330322265625
* 0.9930490255355835 0.015106966719031334 -0.11672842502593994 -24.95182991027832 -0.008029045537114143 0.9981110095977783 0.06090622395277023 -54.56687545776367 0.1174282506108284 -0.05954572185873985 0.9912946224212646 -441.74365234375
* 0.9913532137870789 0.012207256630063057 -0.130651593208313 -23.66598129272461 -0.00552118057385087 0.9986602067947388 0.051448047161102295 -54.958595275878906 0.13110481202602386 -0.05028190463781357 0.9900925755500793 -441.8067321777344
* 0.9926292896270752 0.0191159937530756 -0.11967378854751587 -22.744312286376953 -0.010682778432965279 0.9974363446235657 0.07075284421443939 -54.11756896972656 0.12071973830461502 -0.06895296275615692 0.9902889132499695 -442.1526184082031
* 0.9905092120170593 0.02215832658112049 -0.13564959168434143 -22.547330856323242 -0.01238185539841652 0.99728924036026 0.07252680510282516 -52.08984375 0.13688921928405762 -0.07015892118215561 0.988098680973053 -442.1061706542969
* 0.9922202229499817 0.01972954347729683 -0.12292330712080002 -22.397262573242188 -0.009396214969456196 0.9964113235473633 0.08411683142185211 -50.30976486206055 0.12414202839136124 -0.08230745792388916 0.9888448715209961 -442.16656494140625
* 0.9886770248413086 0.021138859912753105 -0.14856421947479248 -23.31592559814453 -0.01365793775767088 0.9985934495925903 0.05122430622577667 -49.70953369140625 0.14943835139274597 -0.048615265637636185 0.9875751733779907 -441.0245056152344
* 0.9924508929252625 0.025489099323749542 -0.11996722966432571 -24.658374786376953 -0.016442077234387398 0.9969840049743652 0.07584211975336075 -49.66018295288086 0.12153881788253784 -0.07329712808132172 0.9898766279220581 -441.7832946777344
* 0.9923803210258484 0.025082547217607498 -0.12063504755496979 -25.504405975341797 -0.02001960761845112 0.998872697353363 0.04303484410047531 -49.64277267456055 0.12157873809337616 -0.040291927754879 0.9917635917663574 -441.31549072265625
* 0.9944093227386475 0.02255261316895485 -0.10316152125597 -25.47353172302246 -0.01696547120809555 0.9983550906181335 0.05476086586713791 -49.85257339477539 0.10422708839178085 -0.0527045801281929 0.9931559562683105 -441.26141357421875
* 0.9913725852966309 0.025884456932544708 -0.12849576771259308 -24.522424697875977 -0.017486819997429848 0.9976601004600525 0.06609008461236954 -49.57709884643555 0.1299060732126236 -0.06327296048402786 0.9895052909851074 -440.65740966796875
* 0.9908421635627747 0.02307356335222721 -0.13304270803928375 -23.31314468383789 -0.016769222915172577 0.998689591884613 0.04834572225809097 -47.9716911315918 0.13398414850234985 -0.045672010630369186 0.9899303317070007 -440.7164001464844
* 0.989575982093811 0.025629274547100067 -0.1417154222726822 -22.136472702026367 -0.01461984682828188 0.9968286752700806 0.07821951806545258 -45.510498046875 0.14327096939086914 -0.07533234357833862 0.986812174320221 -441.0755310058594
* 0.9888046383857727 0.02594704180955887 -0.1469447910785675 -20.936307907104492 -0.02227768860757351 0.9993978142738342 0.026591526344418526 -44.519508361816406 0.14754652976989746 -0.023020295426249504 0.9887871742248535 -439.7120056152344
* 0.9915458559989929 0.030738841742277145 -0.12606604397296906 -19.753408432006836 -0.018125632777810097 0.9948180317878723 0.10003872215747833 -44.91262435913086 0.12848810851573944 -0.09690800309181213 0.9869648814201355 -441.0993957519531
* 0.9850549697875977 0.0233231782913208 -0.17065593600273132 -18.928390502929688 -0.014848926104605198 0.9985985159873962 0.05079125240445137 -45.872291564941406 0.17160160839557648 -0.0474981814622879 0.9840207695960999 -438.7033386230469
* 0.9864194393157959 0.02980862557888031 -0.16152013838291168 -17.503257751464844 -0.020202888175845146 0.9979440569877625 0.06081674247980118 -46.35345458984375 0.1630011647939682 -0.05672769248485565 0.9849937558174133 -440.07769775390625
* 0.9898289442062378 0.02802182361483574 -0.1394783854484558 -15.840641021728516 -0.020306410267949104 0.9981975555419922 0.05646592378616333 -45.53404235839844 0.14080949127674103 -0.05305933952331543 0.9886139035224915 -440.8937683105469
* 0.9928693771362305 0.03191795200109482 -0.11485806852579117 -15.03136157989502 -0.02375541813671589 0.9971370100975037 0.0717831701040268 -43.29036331176758 0.11682063341140747 -0.06854285299777985 0.9907850027084351 -441.3160705566406
* 0.9906479120254517 0.030255509540438652 -0.13304924964904785 -14.578400611877441 -0.019406862556934357 0.9964328408241272 0.08212413638830185 -40.35897445678711 0.13505958020687103 -0.07877407968044281 0.9877012372016907 -440.8523864746094
* 0.9854596853256226 0.029827527701854706 -0.16727317869663239 -14.079370498657227 -0.017920173704624176 0.9972234964370728 0.07227380573749542 -37.70258331298828 0.16896472871303558 -0.06822538375854492 0.983258068561554 -438.9607238769531
* 0.9842550754547119 0.02816423773765564 -0.17449823021888733 -13.136208534240723 -0.023696551099419594 0.9993360638618469 0.027659080922603607 -36.21830749511719 0.17516164481639862 -0.0230886097997427 0.9842691421508789 -438.1886901855469
* 0.9880511164665222 0.02879120036959648 -0.15141670405864716 -12.1787691116333 -0.019323432818055153 0.9977841377258301 0.0636601597070694 -35.30712890625 0.15291430056095123 -0.05997362360358238 0.9864181280136108 -439.3489074707031
* 0.9850422739982605 0.03190579265356064 -0.1693362444639206 -11.804526329040527 -0.020918091759085655 0.9975797533988953 0.06630425155162811 -34.61811065673828 0.17104215919971466 -0.06177033111453056 0.9833257794380188 -438.5550842285156
* 0.9846020340919495 0.033079974353313446 -0.1716558188199997 -11.987700462341309 -0.024813832715153694 0.9984352588653564 0.05010496452450752 -34.74653244018555 0.17304497957229614 -0.04507403448224068 0.9838823080062866 -438.436767578125
* 0.9855213165283203 0.03358045592904091 -0.1661967635154724 -12.627193450927734 -0.021738680079579353 0.9971244931221008 0.0725904256105423 -34.926475524902344 0.16815675795078278 -0.06792653352022171 0.9834174513816833 -438.7994079589844
* 0.9846649765968323 0.03182462230324745 -0.17153237760066986 -13.149718284606934 -0.02113567665219307 0.9977378249168396 0.06380945444107056 -35.0213737487793 0.17317533493041992 -0.05920549854636192 0.9831101894378662 -438.0456237792969
* 0.982394278049469 0.03363046422600746 -0.1837710738182068 -13.55853271484375 -0.024262432008981705 0.9982985854148865 0.053013041615486145 -35.83234405517578 0.18524155020713806 -0.0476209856569767 0.9815387725830078 -437.4750671386719
* 0.9859885573387146 0.035447776317596436 -0.1630070060491562 -14.129276275634766 -0.025362256914377213 0.9976547360420227 0.0635681226849556 -36.560028076171875 0.16487835347652435 -0.058543216437101364 0.9845752716064453 -437.8548278808594
* 0.9892860054969788 0.03396438807249069 -0.1419898122549057 -14.8141450881958 -0.028571292757987976 0.9987953901290894 0.03988051787018776 -35.89855194091797 0.14317360520362854 -0.035396404564380646 0.9890646934509277 -439.2127990722656
* 0.9864811301231384 0.03338780254125595 -0.1604417860507965 -16.14168930053711 -0.027259083464741707 0.998816192150116 0.040276460349559784 -34.102481842041016 0.16159690916538239 -0.0353584811091423 0.9862234592437744 -438.2251892089844
* 0.9851047396659851 0.03525729477405548 -0.1683058887720108 -17.68994140625 -0.02565307356417179 0.9979321360588074 0.05892684683203697 -33.36531066894531 0.17003577947616577 -0.05373155698180199 0.9839721918106079 -437.0723571777344
* 0.9862987399101257 0.035073090344667435 -0.161201611161232 -19.005779266357422 -0.025536950677633286 0.9978179335594177 0.060879044234752655 -33.50313186645508 0.1629853993654251 -0.05592833086848259 0.9850422739982605 -437.5176696777344
* 0.9884376525878906 0.03197995200753212 -0.14822128415107727 -19.511255264282227 -0.02603827230632305 0.9987825751304626 0.04188382998108864 -33.41130065917969 0.14938057959079742 -0.03754012659192085 0.988067090511322 -437.0367736816406
* 0.9865483045578003 0.03518176078796387 -0.1596434861421585 -19.532886505126953 -0.024310097098350525 0.9972798824310303 0.0695752277970314 -33.5784797668457 0.16165733337402344 -0.06475836038589478 0.9847201108932495 -437.0027160644531
* 0.9885272979736328 0.03464990109205246 -0.1470184624195099 -19.528324127197266 -0.02517823688685894 0.9975124001502991 0.06583233177661896 -33.74503707885742 0.14893414080142975 -0.06137538328766823 0.9869406819343567 -438.1811218261719
* 0.987761914730072 0.033820632845163345 -0.152262344956398 -19.633390426635742 -0.021459130570292473 0.9963895082473755 0.08213625103235245 -32.43537902832031 0.15449081361293793 -0.07786363363265991 0.9849213361740112 -437.3970031738281
* 0.9888289570808411 0.03544723987579346 -0.1447833925485611 -19.644880294799805 -0.028986040502786636 0.9984959363937378 0.04652422294020653 -30.956226348876953 0.14621509611606598 -0.041807785630226135 0.9883690476417542 -438.1183166503906
* 0.9851944446563721 0.03265023231506348 -0.16830767691135406 -20.029163360595703 -0.0229805875569582 0.9979864358901978 0.059108465909957886 -30.017791748046875 0.16989897191524506 -0.05436549335718155 0.9839608669281006 -436.4529113769531
* 0.9864820837974548 0.03637924790382385 -0.15978536009788513 -19.82554817199707 -0.02734209969639778 0.9979167580604553 0.05842365324497223 -30.34153175354004 0.1615782082080841 -0.05326496437191963 0.9854215979576111 -436.5348815917969
* 0.9864214658737183 0.03546003997325897 -0.1603650003671646 -19.573474884033203 -0.02489401027560234 0.9974114894866943 0.06744945794343948 -29.98042106628418 0.16234195232391357 -0.0625414252281189 0.9847506880760193 -436.7206115722656
* 0.9872042536735535 0.034474704414606094 -0.15569481253623962 -19.430269241333008 -0.030445054173469543 0.9991374015808105 0.02822030335664749 -28.846675872802734 0.15653370320796967 -0.02311902679502964 0.9874022006988525 -436.9790344238281
* 0.9856418967247009 0.03698098659515381 -0.16475410759449005 -19.918607711791992 -0.03199803829193115 0.9989482164382935 0.03282337635755539 -27.9650821685791 0.1657949984073639 -0.02708025462925434 0.9857885837554932 -435.765869140625
* 0.9883469939231873 0.036500148475170135 -0.14778175950050354 -20.796146392822266 -0.033271584659814835 0.9991505742073059 0.02428963966667652 -28.731918334960938 0.1485431045293808 -0.019089624285697937 0.9887219071388245 -436.8850402832031
* 0.9868420958518982 0.03577684983611107 -0.1576840579509735 -21.075931549072266 -0.03176899626851082 0.9991054534912109 0.027892258018255234 -29.44716453552246 0.15854118764400482 -0.022515753284096718 0.987095832824707 -437.13671875
* 0.9882376194000244 0.036791302263736725 -0.14843948185443878 -20.817289352416992 -0.03396911174058914 0.9991903305053711 0.0215326938778162 -28.808574676513672 0.149111807346344 -0.01623702421784401 0.9886872172355652 -437.7181701660156
* 0.989194393157959 0.03786836937069893 -0.14164012670516968 -19.797563552856445 -0.031698379665613174 0.9984562993049622 0.045597143471241 -27.551551818847656 0.14314846694469452 -0.04061463847756386 0.9888677000999451 -437.4287414550781
* 0.984434962272644 0.036193884909152985 -0.17198626697063446 -18.624719619750977 -0.027563776820898056 0.998248815536499 0.05233025178313255 -26.48346519470215 0.1735794097185135 -0.046775106340646744 0.9837085604667664 -436.08709716796875
* 0.9823703765869141 0.03506387025117874 -0.18363112211227417 -18.009733200073242 -0.028752867132425308 0.9989031553268433 0.036942362785339355 -26.027931213378906 0.1847253292798996 -0.031011130660772324 0.9823009371757507 -435.7067565917969
* 0.9836764931678772 0.03636319190263748 -0.17623743414878845 -17.73300552368164 -0.03342433273792267 0.9992477297782898 0.0196406077593565 -26.158756256103516 0.1768193244934082 -0.013429355807602406 0.9841518402099609 -435.64239501953125
* 0.9820731282234192 0.0384800024330616 -0.18453487753868103 -17.811298370361328 -0.03457110375165939 0.999104380607605 0.024377435445785522 -26.386524200439453 0.18530791997909546 -0.017560821026563644 0.9825237393379211 -435.7695617675781
* 0.9840821027755737 0.0385245606303215 -0.17349274456501007 -17.40811538696289 -0.031174371019005775 0.998503565788269 0.04491874948143959 -26.394229888916016 0.17496387660503387 -0.03879518061876297 0.9838104248046875 -436.8437194824219
* 0.9858712553977966 0.03912961855530739 -0.16287440061569214 -17.134309768676758 -0.03416481241583824 0.9988639950752258 0.033199481666088104 -25.661880493164063 0.16398872435092926 -0.027165811508893967 0.9860883355140686 -437.35125732421875
* 0.9870445132255554 0.03753836080431938 -0.1559976190328598 -17.541196823120117 -0.034096404910087585 0.9991123676300049 0.024709951132535934 -24.00330924987793 0.1567869931459427 -0.019070833921432495 0.9874484539031982 -437.0777893066406
* 0.9870582222938538 0.03965087607502937 -0.15538717806339264 -19.216970443725586 -0.0349557138979435 0.9988478422164917 0.03286106884479523 -21.3599910736084 0.1565113663673401 -0.02700408734381199 0.9873071312904358 -438.4461364746094
* 0.9902076125144958 0.038331881165504456 -0.13424251973628998 -22.0599422454834 -0.03262517973780632 0.9984763860702515 0.044487472623586655 -16.73219108581543 0.13574352860450745 -0.039672110229730606 0.989949643611908 -442.1205749511719
* 0.9943955540657043 0.033027708530426025 -0.10043936967849731 -26.778841018676758 -0.028948236256837845 0.9987038373947144 0.04184843972325325 -9.147713661193848 0.10169161111116409 -0.03870632126927376 0.9940629005432129 -449.12164306640625
* 0.9965741038322449 0.03874865174293518 -0.07307513803243637 -33.691123962402344 -0.03625183552503586 0.998720109462738 0.03524816036224365 2.114351987838745 0.07434771955013275 -0.03247825428843498 0.996703565120697 -454.36859130859375
* 0.9937421679496765 0.04116437956690788 -0.10384321957826614 -41.35093688964844 -0.040500104427337646 0.9991423487663269 0.008539531379938126 13.123465538024902 0.10410597920417786 -0.00428038090467453 0.9945572018623352 -451.30712890625
* 0.9924218058586121 0.03814860060811043 -0.11681236326694489 -56.38294982910156 -0.04277767986059189 0.9983858466148376 -0.037343136966228485 29.74126434326172 0.11519953608512878 0.04205716401338577 0.9924518465995789 -444.6847839355469
* 0.9893413782119751 0.03408496826887131 -0.14157430827617645 -62.42302703857422 -0.03685402125120163 0.9991762042045593 -0.016952037811279297 35.649662017822266 0.14088018238544464 0.02198898419737816 0.9897826313972473 -439.2901306152344
* 0.9899023175239563 0.035563189536333084 -0.13722284138202667 -67.57713317871094 -0.03847431018948555 0.9990859627723694 -0.018588382750749588 39.93259811401367 0.13643667101860046 0.023680301383137703 0.9903659224510193 -437.89666748046875
* 0.988421618938446 0.036411359906196594 -0.14730405807495117 -71.7157211303711 -0.03908839076757431 0.9991179704666138 -0.015289445407688618 42.56895065307617 0.14661774039268494 0.020870355889201164 0.9889732003211975 -435.07916259765625
* 0.9912716150283813 0.037323419004678726 -0.12644809484481812 -75.12462615966797 -0.042909037321805954 0.9982073307037354 -0.041706159710884094 44.73752975463867 0.12466511130332947 0.0467679537832737 0.9910961389541626 -436.51318359375
* 0.9915305376052856 0.04125557839870453 -0.12315335869789124 -77.2064437866211 -0.045097801834344864 0.9985740184783936 -0.028539489954710007 45.87066650390625 0.12180066108703613 0.03385177627205849 0.9919772148132324 -435.45654296875
* 0.9916138648986816 0.04256889224052429 -0.12203088402748108 -79.25080108642578 -0.047385215759277344 0.9981975555419922 -0.036804504692554474 46.21714782714844 0.12024454027414322 0.042278364300727844 0.9918437004089355 -435.1493225097656
* 0.9906758069992065 0.04138810932636261 -0.12980897724628448 -80.83373260498047 -0.047314275056123734 0.997958779335022 -0.04287111386656761 46.20072555541992 0.12776999175548553 0.048613231629133224 0.9906118512153625 -434.416748046875
* 0.9906644225120544 0.0390327163040638 -0.13062283396720886 -81.92584228515625 -0.04421292990446091 0.9983373880386353 -0.03696085140109062 46.40189743041992 0.12896332144737244 0.042391058057546616 0.9907429218292236 -433.7590637207031
* 0.9927536845207214 0.040536195039749146 -0.11313192546367645 -83.33224487304688 -0.04523260518908501 0.9982056021690369 -0.03921934962272644 45.877708435058594 0.11133944243192673 0.04405244067311287 0.9928056001663208 -434.8663330078125
* 0.9910111427307129 0.03597354516386986 -0.12885914742946625 -84.52771759033203 -0.03834788128733635 0.9991362690925598 -0.01595769077539444 44.713401794433594 0.12817412614822388 0.020755765959620476 0.9915344715118408 -434.0006408691406
* 0.9894809722900391 0.03807263821363449 -0.13956931233406067 -86.03820037841797 -0.04269818589091301 0.9986287355422974 -0.03026624582707882 43.6076774597168 0.13822594285011292 0.03590727224946022 0.989749550819397 -433.3705139160156
* 0.9912522435188293 0.03747086599469185 -0.12655659019947052 -87.61895751953125 -0.04012937471270561 0.9990226626396179 -0.018487710505723953 42.863037109375 0.12574051320552826 0.023404663428664207 0.9917870163917542 -432.9246520996094
* 0.9917079210281372 0.03581719473004341 -0.12342626601457596 -89.72972106933594 -0.03749591112136841 0.9992324709892273 -0.011269488371908665 42.63307189941406 0.12292825430631638 0.01580406352877617 0.9922897219657898 -433.7077331542969
* 0.9918448328971863 0.035628192126750946 -0.12237614393234253 -92.03418731689453 -0.03800191730260849 0.99913090467453 -0.01708204485476017 42.86043930053711 0.12166155129671097 0.021593311801552773 0.9923366904258728 -433.7848815917969
* 0.9913529753684998 0.036615099757909775 -0.12601616978645325 -94.34017181396484 -0.03936673328280449 0.9990361332893372 -0.01938004046678543 43.17539596557617 0.12518548965454102 0.024173345416784286 0.9918388724327087 -433.6492004394531
* 0.9918501377105713 0.03541729226708412 -0.12239490449428558 -96.61634063720703 -0.03643438592553139 0.9993169903755188 -0.00604602787643671 43.8392333984375 0.12209756672382355 0.010456174612045288 0.9924630522727966 -433.3673095703125
* 0.9929073452949524 0.0376669242978096 -0.11277320981025696 -99.97574615478516 -0.04001264646649361 0.999025821685791 -0.018570426851511 45.75576400756836 0.11196425557136536 0.02295110374689102 0.9934472441673279 -436.2659912109375
* 0.9919751882553101 0.036077022552490234 -0.12118268013000488 -102.67041778564453 -0.03785593807697296 0.9992058277130127 -0.01237298734486103 48.055992126464844 0.12064045667648315 0.016861218959093094 0.992553174495697 -434.6764831542969
* 0.9941009879112244 0.03268557786941528 -0.1034240648150444 -105.89989471435547 -0.03466375917196274 0.9992477297782898 -0.01734495535492897 50.56306076049805 0.10277972370386124 0.020827731117606163 0.9944861531257629 -436.3128967285156
* 0.9934912323951721 0.03473909944295883 -0.10849006474018097 -107.99542999267578 -0.03874504938721657 0.9986353516578674 -0.034996397793293 52.18809509277344 0.10712666064500809 0.03897209092974663 0.9934813976287842 -435.0824890136719
* 0.9932544231414795 0.03492851182818413 -0.11057716608047485 -109.38897705078125 -0.038372959941625595 0.9988378286361694 -0.029136180877685547 53.221343994140625 0.10943137854337692 0.033182837069034576 0.9934404492378235 -435.0909423828125
* 0.9924856424331665 0.03521578386425972 -0.11719101667404175 -110.18444061279297 -0.039421774446964264 0.9986523985862732 -0.03372960537672043 53.92411804199219 0.115845687687397 0.03809605538845062 0.9925365447998047 -434.38311767578125
* 0.9926868677139282 0.03161013126373291 -0.11651309579610825 -110.56713104248047 -0.034481294453144073 0.9991474151611328 -0.022671658545732498 54.2794189453125 0.11569752544164658 0.026523403823375702 0.99293053150177 -434.40667724609375
* 0.993360161781311 0.033209074288606644 -0.11015636473894119 -111.62142944335938 -0.03662215173244476 0.998905599117279 -0.029066432267427444 53.9444694519043 0.10907097160816193 0.03290761634707451 0.9934893250465393 -434.1405029296875
* 0.9948205947875977 0.033381253480911255 -0.09601850807666779 -112.95671844482422 -0.037550073117017746 0.9984152913093567 -0.04189613088965416 53.204654693603516 0.09446823596954346 0.04528465494513512 0.9944975972175598 -435.5002136230469
* 0.9925976991653442 0.03476078808307648 -0.11637591570615768 -112.883056640625 -0.03774435445666313 0.9990105032920837 -0.023493841290473938 51.864044189453125 0.11544452607631683 0.02771248109638691 0.9929275512695313 -433.117919921875
* 0.9922434687614441 0.036923546344041824 -0.11870736628770828 -113.5384750366211 -0.0402337945997715 0.9988622665405273 -0.02557329647243023 51.041568756103516 0.11762849241495132 0.030150990933179855 0.9926002025604248 -433.2060241699219
* 0.9921993017196655 0.033915940672159195 -0.11996737122535706 -114.88052368164063 -0.037551399320364 0.9988977909088135 -0.028136545792222023 51.3697395324707 0.11888132244348526 0.03242200240492821 0.992379367351532 -433.6026611328125
* 0.9945794343948364 0.02986346185207367 -0.09960856288671494 -116.52173614501953 -0.032771866768598557 0.9990796446800232 -0.027646102011203766 51.58163070678711 0.09869172424077988 0.030760595574975014 0.9946429133415222 -433.8794860839844
* 0.9922636151313782 0.033391933888196945 -0.1195819079875946 -118.17439270019531 -0.03564707189798355 0.9992236495018005 -0.016731709241867065 51.65507888793945 0.11893079429864883 0.020865000784397125 0.9926837086677551 -432.48309326171875
* 0.9939526915550232 0.02820514142513275 -0.10613424330949783 -119.83647155761719 -0.030978957191109657 0.9992181062698364 -0.024535488337278366 49.96929168701172 0.10535965859889984 0.02767503261566162 0.9940493702888489 -434.5388488769531
* 0.9932634234428406 0.035841356962919235 -0.11020462214946747 -121.60149383544922 -0.0396173857152462 0.9986943006515503 -0.03222602233290672 48.45133972167969 0.10890611261129379 0.03637494519352913 0.9933867454528809 -434.5985107421875
* 0.9921111464500427 0.03162457421422005 -0.12131433188915253 -125.28792572021484 -0.035279370844364166 0.9989826083183289 -0.028060657903552055 48.62235641479492 0.1203039139509201 0.032119184732437134 0.9922178983688354 -433.972412109375
* 0.9940083622932434 0.03000631183385849 -0.10511364787817001 -128.61500549316406 -0.031545963138341904 0.999417245388031 -0.0129729975014925 49.49446105957031 0.10466352850198746 0.016211163252592087 0.9943761229515076 -434.8978271484375
* 0.9947261810302734 0.03164021670818329 -0.09757344424724579 -129.986328125 -0.03399377688765526 0.9991676807403564 -0.022507576271891594 50.91393280029297 0.09678050130605698 0.02570575475692749 0.9949743151664734 -435.3822021484375
* 0.9940371513366699 0.03045785427093506 -0.10471116006374359 -130.43167114257813 -0.0324423648416996 0.9993236064910889 -0.0172588974237442 50.95208740234375 0.1041150912642479 0.020553043112158775 0.9943534135818481 -433.6177673339844
* 0.993161141872406 0.029916971921920776 -0.11286209523677826 -132.81626892089844 -0.032561201602220535 0.9992349743843079 -0.021619031205773354 49.45330047607422 0.11212940514087677 0.025146091356873512 0.9933759570121765 -434.3876037597656
* 0.9941096901893616 0.03173072636127472 -0.1036386787891388 -136.06100463867188 -0.032481469213962555 0.9994562268257141 -0.005521221086382866 49.17169952392578 0.10340754687786102 0.008855009451508522 0.9946001768112183 -434.28350830078125
* 0.9948062300682068 0.024774838238954544 -0.098735012114048 -139.54135131835938 -0.027470787987113 0.9992836713790894 -0.02599457837641239 50.165367126464844 0.09802070260047913 0.02857188694179058 0.9947746992111206 -436.02398681640625
* 0.9951248168945313 0.02409682422876358 -0.09564339369535446 -141.13037109375 -0.025885092094540596 0.9995115995407104 -0.01745458133518696 50.96867752075195 0.09517651796340942 0.019845208153128624 0.9952631592750549 -434.20062255859375
* 0.9953154921531677 0.02371407113969326 -0.09373573958873749 -142.99563598632813 -0.02505522035062313 0.9995992183685303 -0.013109794817864895 52.584259033203125 0.09338770806789398 0.015396933071315289 0.9955113530158997 -435.82818603515625
* 0.9961440563201904 0.020776687189936638 -0.08524665981531143 -143.724365234375 -0.021381044760346413 0.9997517466545105 -0.006130782421678305 54.74540710449219 0.08509854227304459 0.007929788902401924 0.9963415265083313 -437.0639343261719
* 0.995688259601593 0.030700460076332092 -0.08754344284534454 -143.4738006591797 -0.0337006077170372 0.9988877773284912 -0.03294980525970459 55.979278564453125 0.08643490821123123 0.03575800731778145 0.9956161379814148 -436.10675048828125
* 0.995195209980011 0.029835129156708717 -0.09326151758432388 -143.09617614746094 -0.03225187584757805 0.9991794228553772 -0.024466872215270996 56.76422119140625 0.0924554243683815 0.027357175946235657 0.9953415393829346 -435.6685485839844
* 0.9952502250671387 0.02396315149962902 -0.09436215460300446 -142.66046142578125 -0.02572433464229107 0.9995160698890686 -0.017445199191570282 57.45747756958008 0.09389884024858475 0.01978972926735878 0.9953856468200684 -436.0255126953125
* 0.9958303570747375 0.025695469230413437 -0.08753900974988937 -141.34906005859375 -0.028636032715439796 0.9990622997283936 -0.03245192766189575 58.534786224365234 0.08662343770265579 0.03482338786125183 0.9956329464912415 -435.22320556640625
* 0.9944254755973816 0.026981690898537636 -0.10193751752376556 -139.84356689453125 -0.02999410219490528 0.9991545677185059 -0.02809162251651287 59.43376159667969 0.10109376162290573 0.03099256195127964 0.9943946003913879 -435.3668212890625
* 0.9957028031349182 0.026522768661379814 -0.08873379975557327 -139.2125701904297 -0.029439415782690048 0.9990639686584473 -0.031673699617385864 60.25654220581055 0.08781103789806366 0.03414987772703171 0.9955521821975708 -436.8654479980469
* 0.9952332377433777 0.02963222935795784 -0.0929190143942833 -138.30960083007813 -0.032977256923913956 0.9988555908203125 -0.03462480008602142 60.37650680541992 0.09178701788187027 0.037523988634347916 0.9950720071792603 -436.334228515625
* 0.9949188828468323 0.030322594568133354 -0.09601083397865295 -137.796630859375 -0.03289208561182022 0.9991393685340881 -0.0252474844455719 60.405540466308594 0.09516299515962601 0.028277210891246796 0.9950606226921082 -436.0914611816406
* 0.9966254830360413 0.02790297381579876 -0.07720179855823517 -137.1991729736328 -0.03073377162218094 0.9988903999328613 -0.035668108612298965 60.541255950927734 0.0761212408542633 0.03792047128081322 0.9963778257369995 -437.1732482910156
* 0.9956210851669312 0.02290845476090908 -0.09063544869422913 -136.05752563476563 -0.023843584582209587 0.9996728301048279 -0.009199557825922966 60.18683624267578 0.09039541333913803 0.011320357210934162 0.9958422183990479 -437.03924560546875
* 0.9951730370521545 0.025878112763166428 -0.09466683864593506 -134.5583953857422 -0.028515320271253586 0.9992398023605347 -0.026565125212073326 59.60871124267578 0.09390779584646225 0.029136374592781067 0.9951550364494324 -436.832763671875
* 0.9947185516357422 0.0262290108948946 -0.0992368534207344 -133.40838623046875 -0.027868332341313362 0.999496579170227 -0.015124896541237831 59.57994842529297 0.09879057109355927 0.01781059242784977 0.9949493408203125 -436.23077392578125
* 0.994620144367218 0.026306070387363434 -0.1001984179019928 -133.26995849609375 -0.02797630801796913 0.9994915723800659 -0.015256856568157673 59.64016342163086 0.09974651783704758 0.017977969720959663 0.9948509335517883 -436.06591796875
* 0.9947080016136169 0.031320277601480484 -0.09785754233598709 -133.18653869628906 -0.033847372978925705 0.9991326928138733 -0.024226581677794456 59.467403411865234 0.09701426327228546 0.027410604059696198 0.994905948638916 -436.0358581542969
* 0.9952965974807739 0.026346413418650627 -0.09322870522737503 -132.1714324951172 -0.029375508427619934 0.9990800023078918 -0.03122200071811676 59.32927703857422 0.09232073277235031 0.033813804388046265 0.9951554536819458 -435.8348693847656
* 0.9941959977149963 0.02784791588783264 -0.1039220318198204 -130.92361450195313 -0.030509591102600098 0.999243974685669 -0.024068690836429596 59.3278694152832 0.10317359119653702 0.027099628001451492 0.9942945837974548 -435.5597229003906
* 0.9939361214637756 0.03143155947327614 -0.10537542402744293 -130.71221923828125 -0.03312349319458008 0.9993482232093811 -0.014302785508334637 58.93208312988281 0.10485757887363434 0.01770646870136261 0.9943300485610962 -434.9183654785156
* 0.9952788352966309 0.029047945514321327 -0.0926126167178154 -131.24365234375 -0.03075907938182354 0.9993805885314941 -0.017054935917258263 58.23062515258789 0.09206023067235947 0.019823117181658745 0.9955565333366394 -435.3934631347656
* 0.9952433705329895 0.029683586210012436 -0.09279166162014008 -131.86984252929688 -0.031960390508174896 0.9992213845252991 -0.02309996262192726 57.986934661865234 0.09203411638736725 0.025955766439437866 0.9954178929328918 -436.09417724609375
* 0.9942343235015869 0.029317911714315414 -0.1031465157866478 -133.4709014892578 -0.03244366496801376 0.9990602731704712 -0.028715303167700768 58.465248107910156 0.10220810770988464 0.03189622238278389 0.9942518472671509 -436.1678466796875
* 0.9946272373199463 0.030852114781737328 -0.09882020950317383 -135.54083251953125 -0.03384776413440704 0.9990130662918091 -0.028737884014844894 59.22785186767578 0.0978364422917366 0.03192836418747902 0.9946905374526978 -437.3367919921875
* 0.9961174130439758 0.027054090052843094 -0.08377894014120102 -136.3842010498047 -0.02807503193616867 0.9995447397232056 -0.010980342514812946 60.228118896484375 0.08344411104917526 0.01328982226550579 0.9964241981506348 -436.76708984375
* 0.9961174130439758 0.027054090052843094 -0.08377894014120102 -136.3842010498047 -0.02807503193616867 0.9995447397232056 -0.010980342514812946 60.228118896484375 0.08344411104917526 0.01328982226550579 0.9964241981506348 -436.76708984375
$ 488.0 236.0
* 0.9961174130439758 0.027054090052843094 -0.08377894014120102 -136.3842010498047 -0.02807503193616867 0.9995447397232056 -0.010980342514812946 60.228118896484375 0.08344411104917526 0.01328982226550579 0.9964241981506348 -436.76708984375
* 0.9962478876113892 0.030825544148683548 -0.08087553083896637 -136.67300415039063 -0.033472977578639984 0.9989414215087891 -0.03153148666024208 60.613136291503906 0.07981831580400467 0.0341203548014164 0.9962256550788879 -437.3353576660156
* 0.9964590668678284 0.029134832322597504 -0.0788748636841774 -137.09544372558594 -0.03154150769114494 0.9990696907043457 -0.029385333880782127 60.013641357421875 0.07794573903083801 0.03176913782954216 0.9964516162872314 -437.0016784667969
* 0.9938070774078369 0.03324038162827492 -0.10603509098291397 -137.72610473632813 -0.03614483401179314 0.9990192651748657 -0.025546973571181297 59.13994598388672 0.10508230328559875 0.029221398755908012 0.9940345287322998 -436.0096435546875
* 0.9951011538505554 0.031914085149765015 -0.09357427060604095 -139.30711364746094 -0.03325881063938141 0.9993640780448914 -0.012800300493836403 59.414337158203125 0.09310664236545563 0.0158497653901577 0.9955304265022278 -436.99993896484375
* 0.9939342737197876 0.032971251755952835 -0.10492108017206192 -139.83363342285156 -0.03491600230336189 0.9992497563362122 -0.0167114045470953 59.129756927490234 0.10429176688194275 0.020273469388484955 0.9943405389785767 -435.8915710449219
* 0.995492160320282 0.025995012372732162 -0.09121653437614441 -140.81814575195313 -0.027249328792095184 0.999549925327301 -0.012485317885875702 60.01941680908203 0.0908513069152832 0.014914622530341148 0.9957531690597534 -438.1884460449219
* 0.9954532384872437 0.032193735241889954 -0.08965133130550385 -140.2921905517578 -0.03515493497252464 0.9988813996315002 -0.03160078451037407 60.60289001464844 0.08853407949209213 0.034608807414770126 0.9954720735549927 -437.6810607910156
* 0.9951483607292175 0.02874862402677536 -0.09409662336111069 -139.31979370117188 -0.031358640640974045 0.9991604685783386 -0.02633126825094223 59.889522552490234 0.09326104819774628 0.029154276475310326 0.995215117931366 -436.6913757324219
* 0.9944698810577393 0.030348192900419235 -0.10054612159729004 -138.40200805664063 -0.03387556970119476 0.9988629221916199 -0.03351900354027748 58.59328079223633 0.09941495954990387 0.03673972561955452 0.9943678975105286 -436.4911804199219
* 0.9951668977737427 0.03045620396733284 -0.09336008876562119 -137.30816650390625 -0.03313117101788521 0.9990801811218262 -0.02719038538634777 57.19357681274414 0.09244650602340698 0.030152127146720886 0.9952613115310669 -436.58660888671875
* 0.9946348667144775 0.033682022243738174 -0.09781588613986969 -135.89788818359375 -0.036085065454244614 0.9990864396095276 -0.022857699543237686 55.442901611328125 0.0969570204615593 0.026264773681759834 0.994942307472229 -437.0398864746094
* 0.9943537712097168 0.03269198536872864 -0.10095959901809692 -134.41586303710938 -0.03570576012134552 0.9989650845527649 -0.02814636565744877 53.22355651855469 0.09993534535169601 0.03159230574965477 0.9944926500320435 -436.34979248046875
* 0.9937904477119446 0.035082388669252396 -0.10559652745723724 -133.37088012695313 -0.03884405642747879 0.998674750328064 -0.03373824059963226 51.11438751220703 0.10427335649728775 0.037630558013916016 0.9938368797302246 -436.1790771484375
* 0.9946411848068237 0.030676942318677902 -0.09873459488153458 -131.32241821289063 -0.0334605798125267 0.9990847110748291 -0.026617448776960373 47.78463363647461 0.09782804548740387 0.029778553172945976 0.9947580695152283 -437.50323486328125
* 0.9933475255966187 0.03631305694580078 -0.10928228497505188 -127.84872436523438 -0.040860120207071304 0.9983782768249512 -0.0396202951669693 43.59207534790039 0.10766667872667313 0.04382205009460449 0.99322110414505 -436.978759765625
* 0.9924558997154236 0.038938019424676895 -0.11625610291957855 -124.1338882446289 -0.04194887354969978 0.9988419413566589 -0.023527082055807114 41.028709411621094 0.11520573496818542 0.028226438909769058 0.9929408431053162 -435.78533935546875
* 0.9938750863075256 0.03508841246366501 -0.10479208827018738 -122.6698226928711 -0.03692417964339256 0.9991957545280457 -0.015588406473398209 39.82101058959961 0.10416118800640106 0.019362308084964752 0.9943723082542419 -436.0606994628906
* 0.9940077662467957 0.039761923253536224 -0.10182268917560577 -122.48506164550781 -0.04218544438481331 0.9988729953765869 -0.021716628223657608 39.27067565917969 0.10084480792284012 0.025881964713335037 0.9945658445358276 -436.2509765625
* 0.9936559200286865 0.03619393706321716 -0.10648075491189957 -122.2601089477539 -0.037945158779621124 0.9991748929023743 -0.014425849542021751 39.941585540771484 0.10587112605571747 0.018374774605035782 0.994210422039032 -436.332275390625
* 0.9939464330673218 0.040363412350416183 -0.10218427330255508 -121.33672332763672 -0.044087301939725876 0.9984342455863953 -0.03440770134329796 41.314151763916016 0.10063580423593521 0.03870447352528572 0.9941705465316772 -437.38116455078125
* 0.9920991659164429 0.03682761266827583 -0.11993081122636795 -117.66676330566406 -0.03828931227326393 0.9992172718048096 -0.009869796223938465 42.570701599121094 0.11947382241487503 0.014383900910615921 0.9927334189414978 -435.7550964355469
* 0.9914960861206055 0.038624752312898636 -0.1242736205458641 -114.37367248535156 -0.04296228662133217 0.9985511302947998 -0.032378870993852615 42.924686431884766 0.12284331023693085 0.0374426394701004 0.9917197823524475 -436.2409362792969
